   9.50000137E-02  -5.94657564    
   9.60000157E-02  -5.81987381    
   9.70000178E-02  -5.69666004    
   9.80000198E-02  -5.57680607    
   9.90000218E-02  -5.46018744    
  0.100000024      -5.34668589    
  0.101000026      -5.23618984    
  0.102000028      -5.12859201    
  0.103000030      -5.02378941    
  0.104000032      -4.92168379    
  0.105000034      -4.82218170    
  0.106000036      -4.72519493    
  0.107000038      -4.63063574    
  0.108000040      -4.53842258    
  0.109000042      -4.44847822    
  0.110000044      -4.36072588    
  0.111000046      -4.27509403    
  0.112000048      -4.19151449    
  0.113000050      -4.10991907    
  0.114000052      -4.03024626    
  0.115000054      -3.95243359    
  0.116000056      -3.87642336    
  0.117000058      -3.80215836    
  0.118000060      -3.72958541    
  0.119000062      -3.65865231    
  0.120000064      -3.58930922    
  0.121000066      -3.52150774    
  0.122000068      -3.45520186    
  0.123000070      -3.39034748    
  0.124000072      -3.32690167    
  0.125000075      -3.26482272    
  0.126000077      -3.20407128    
  0.127000079      -3.14460945    
  0.128000081      -3.08639979    
  0.129000083      -3.02940679    
  0.130000085      -2.97359681    
  0.131000087      -2.91893649    
  0.132000089      -2.86539388    
  0.133000091      -2.81293821    
  0.134000093      -2.76153970    
  0.135000095      -2.71116972    
  0.136000097      -2.66180110    
  0.137000099      -2.61340594    
  0.138000101      -2.56595922    
  0.139000103      -2.51943588    
  0.140000105      -2.47381163    
  0.141000107      -2.42906308    
  0.142000109      -2.38516736    
  0.143000111      -2.34210324    
  0.144000113      -2.29984903    
  0.145000115      -2.25838447    
  0.146000117      -2.21768928    
  0.147000119      -2.17774487    
  0.148000121      -2.13853216    
  0.149000123      -2.10003352    
  0.150000125      -2.06223154    
  0.151000127      -2.02510881    
  0.152000129      -1.98864925    
  0.153000131      -1.95283675    
  0.154000133      -1.91765618    
  0.155000135      -1.88309228    
  0.156000137      -1.84913051    
  0.157000139      -1.81575704    
  0.158000141      -1.78295839    
  0.159000143      -1.75072074    
  0.160000145      -1.71903145    
  0.161000147      -1.68787777    
  0.162000149      -1.65724802    
  0.163000152      -1.62713015    
  0.164000154      -1.59751260    
  0.165000156      -1.56838417    
  0.166000158      -1.53973413    
  0.167000160      -1.51155221    
  0.168000162      -1.48382747    
  0.169000164      -1.45655084    
  0.170000166      -1.42971182    
  0.171000168      -1.40330184    
  0.172000170      -1.37731087    
  0.173000172      -1.35173035    
  0.174000174      -1.32655180    
  0.175000176      -1.30176651    
  0.176000178      -1.27736628    
  0.177000180      -1.25334299    
  0.178000182      -1.22968936    
  0.179000184      -1.20639706    
  0.180000186      -1.18345928    
  0.181000188      -1.16086853    
  0.182000190      -1.13861775    
  0.183000192      -1.11670029    
  0.184000194      -1.09510934    
  0.185000196      -1.07383847    
  0.186000198      -1.05288136    
  0.187000200      -1.03223157    
  0.188000202      -1.01188338    
  0.189000204     -0.991830885    
  0.190000206     -0.972068131    
  0.191000208     -0.952589750    
  0.192000210     -0.933390081    
  0.193000212     -0.914464056    
  0.194000214     -0.895806253    
  0.195000216     -0.877411604    
  0.196000218     -0.859275341    
  0.197000220     -0.841392338    
  0.198000222     -0.823758125    
  0.199000224     -0.806368113    
  0.200000226     -0.789217532    
  0.201000229     -0.772302270    
  0.202000231     -0.755617857    
  0.203000233     -0.739160061    
  0.204000235     -0.722925007    
  0.205000237     -0.706908405    
  0.206000239     -0.691106558    
  0.207000241     -0.675515473    
  0.208000243     -0.660131514    
  0.209000245     -0.644951046    
  0.210000247     -0.629970431    
  0.211000249     -0.615186095    
  0.212000251     -0.600594878    
  0.213000253     -0.586193085    
  0.214000255     -0.571977794    
  0.215000257     -0.557945490    
  0.216000259     -0.544093251    
  0.217000261     -0.530417860    
  0.218000263     -0.516916394    
  0.219000265     -0.503586054    
  0.220000267     -0.490423709    
  0.221000269     -0.477426708    
  0.222000271     -0.464592308    
  0.223000273     -0.451917708    
  0.224000275     -0.439400315    
  0.225000277     -0.427037627    
  0.226000279     -0.414826989    
  0.227000281     -0.402766079    
  0.228000283     -0.390852302    
  0.229000285     -0.379083335    
  0.230000287     -0.367456913    
  0.231000289     -0.355970770    
  0.232000291     -0.344622552    
  0.233000293     -0.333410114    
  0.234000295     -0.322331369    
  0.235000297     -0.311384141    
  0.236000299     -0.300566435    
  0.237000301     -0.289876193    
  0.238000304     -0.279311389    
  0.239000306     -0.268870175    
  0.240000308     -0.258550584    
  0.241000310     -0.248350799    
  0.242000312     -0.238268912    
  0.243000314     -0.228303179    
  0.244000316     -0.218451828    
  0.245000318     -0.208713144    
  0.246000320     -0.199085414    
  0.247000322     -0.189567000    
  0.248000324     -0.180156276    
  0.249000326     -0.170851558    
  0.250000328     -0.161651373    
  0.251000315     -0.152554169    
  0.252000302     -0.143558398    
  0.253000289     -0.134662613    
  0.254000276     -0.125865310    
  0.255000263     -0.117165089    
  0.256000251     -0.108560547    
  0.257000238     -0.100050315    
  0.258000225      -9.16329846E-02
  0.259000212      -8.33072960E-02
  0.260000199      -7.50719309E-02
  0.261000186      -6.69255778E-02
  0.262000173      -5.88670075E-02
  0.263000160      -5.08949682E-02
  0.264000148      -4.30082642E-02
  0.265000135      -3.52056883E-02
  0.266000122      -2.74860784E-02
  0.267000109      -1.98482834E-02
  0.268000096      -1.22911725E-02
  0.269000083      -4.81363619E-03
  0.270000070       2.58541503E-03
  0.271000057       9.90705378E-03
  0.272000045       1.71523355E-02
  0.273000032       2.43222900E-02
  0.274000019       3.14179361E-02
  0.275000006       3.84402759E-02
  0.275999993       4.53902893E-02
  0.276999980       5.22689484E-02
  0.277999967       5.90771921E-02
  0.278999954       6.58159554E-02
  0.279999942       7.24861771E-02
  0.280999929       7.90887177E-02
  0.281999916       8.56245086E-02
  0.282999903       9.20943916E-02
  0.283999890       9.84992385E-02
  0.284999877      0.104839899    
  0.285999864      0.111117184    
  0.286999851      0.117331937    
  0.287999839      0.123484910    
  0.288999826      0.129576966    
  0.289999813      0.135608822    
  0.290999800      0.141581282    
  0.291999787      0.147495061    
  0.292999774      0.153350919    
  0.293999761      0.159149617    
  0.294999748      0.164891809    
  0.295999736      0.170578241    
  0.296999723      0.176209599    
  0.297999710      0.181786567    
  0.298999697      0.187309787    
  0.299999684      0.192779973    
  0.300999671      0.198197722    
  0.301999658      0.203563705    
  0.302999645      0.208878562    
  0.303999633      0.214142904    
  0.304999620      0.219357327    
  0.305999607      0.224522427    
  0.306999594      0.229638860    
  0.307999581      0.234707147    
  0.308999568      0.239727899    
  0.309999555      0.244701639    
  0.310999542      0.249628946    
  0.311999530      0.254510373    
  0.312999517      0.259346515    
  0.313999504      0.264137805    
  0.314999491      0.268884808    
  0.315999478      0.273588061    
  0.316999465      0.278248042    
  0.317999452      0.282865286    
  0.318999439      0.287440240    
  0.319999427      0.291973442    
  0.320999414      0.296465337    
  0.321999401      0.300916433    
  0.322999388      0.305327147    
  0.323999375      0.309697986    
  0.324999362      0.314029336    
  0.325999349      0.318321705    
  0.326999336      0.322575510    
  0.327999324      0.326791227    
  0.328999311      0.330969155    
  0.329999298      0.335109830    
  0.330999285      0.339213759    
  0.331999272      0.343281090    
  0.332999259      0.347312391    
  0.333999246      0.351308018    
  0.334999233      0.355268389    
  0.335999221      0.359193861    
  0.336999208      0.363084853    
  0.337999195      0.366941690    
  0.338999182      0.370764792    
  0.339999169      0.374554515    
  0.340999156      0.378311127    
  0.341999143      0.382035106    
  0.342999130      0.385726780    
  0.343999118      0.389386415    
  0.344999105      0.393014431    
  0.345999092      0.396611124    
  0.346999079      0.400176823    
  0.347999066      0.403711915    
  0.348999053      0.407216579    
  0.349999040      0.410691291    
  0.350999027      0.414136231    
  0.351999015      0.417551816    
  0.352999002      0.420938343    
  0.353998989      0.424296021    
  0.354998976      0.427625239    
  0.355998963      0.430926263    
  0.356998950      0.434199363    
  0.357998937      0.437444806    
  0.358998924      0.440662980    
  0.359998912      0.443854004    
  0.360998899      0.447018236    
  0.361998886      0.450155973    
  0.362998873      0.453267395    
  0.363998860      0.456352949    
  0.364998847      0.459412634    
  0.365998834      0.462446868    
  0.366998821      0.465455860    
  0.367998809      0.468439847    
  0.368998796      0.471399099    
  0.369998783      0.474333882    
  0.370998770      0.477244407    
  0.371998757      0.480130941    
  0.372998744      0.482993722    
  0.373998731      0.485832930    
  0.374998719      0.488648742    
  0.375998706      0.491441548    
  0.376998693      0.494211495    
  0.377998680      0.496958643    
  0.378998667      0.499683410    
  0.379998654      0.502386034    
  0.380998641      0.505066514    
  0.381998628      0.507725298    
  0.382998616      0.510362387    
  0.383998603      0.512978137    
  0.384998590      0.515572667    
  0.385998577      0.518146157    
  0.386998564      0.520698965    
  0.387998551      0.523231030    
  0.388998538      0.525742710    
  0.389998525      0.528234184    
  0.390998513      0.530705631    
  0.391998500      0.533157170    
  0.392998487      0.535589039    
  0.393998474      0.538001478    
  0.394998461      0.540394425    
  0.395998448      0.542768300    
  0.396998435      0.545123219    
  0.397998422      0.547459364    
  0.398998410      0.549776912    
  0.399998397      0.552075863    
  0.400998384      0.554356575    
  0.401998371      0.556619167    
  0.402998358      0.558863699    
  0.403998345      0.561090529    
  0.404998332      0.563299537    
  0.405998319      0.565491259    
  0.406998307      0.567665458    
  0.407998294      0.569822490    
  0.408998281      0.571962416    
  0.409998268      0.574085474    
  0.410998255      0.576191783    
  0.411998242      0.578281522    
  0.412998229      0.580354750    
  0.413998216      0.582411587    
  0.414998204      0.584452331    
  0.415998191      0.586476862    
  0.416998178      0.588485599    
  0.417998165      0.590478480    
  0.418998152      0.592455804    
  0.419998139      0.594417453    
  0.420998126      0.596363962    
  0.421998113      0.598295033    
  0.422998101      0.600210965    
  0.423998088      0.602111876    
  0.424998075      0.603997946    
  0.425998062      0.605869234    
  0.426998049      0.607725918    
  0.427998036      0.609567940    
  0.428998023      0.611395717    
  0.429998010      0.613209128    
  0.430997998      0.615008473    
  0.431997985      0.616793633    
  0.432997972      0.618564963    
  0.433997959      0.620322347    
  0.434997946      0.622066081    
  0.435997933      0.623796225    
  0.436997920      0.625512660    
  0.437997907      0.627215981    
  0.438997895      0.628905892    
  0.439997882      0.630582571    
  0.440997869      0.632246196    
  0.441997856      0.633896947    
  0.442997843      0.635534644    
  0.443997830      0.637159705    
  0.444997817      0.638772011    
  0.445997804      0.640371740    
  0.446997792      0.641959012    
  0.447997779      0.643533885    
  0.448997766      0.645096481    
  0.449997753      0.646646798    
  0.450997740      0.648185074    
  0.451997727      0.649711251    
  0.452997714      0.651225507    
  0.453997701      0.652727902    
  0.454997689      0.654218733    
  0.455997676      0.655697763    
  0.456997663      0.657165289    
  0.457997650      0.658621192    
  0.458997637      0.660065830    
  0.459997624      0.661499023    
  0.460997611      0.662921131    
  0.461997598      0.664331913    
  0.462997586      0.665731788    
  0.463997573      0.667120516    
  0.464997560      0.668498456    
  0.465997547      0.669865489    
  0.466997534      0.671221793    
  0.467997521      0.672567308    
  0.468997508      0.673902273    
  0.469997495      0.675226808    
  0.470997483      0.676540792    
  0.471997470      0.677844465    
  0.472997457      0.679137707    
  0.473997444      0.680420756    
  0.474997431      0.681693733    
  0.475997418      0.682956576    
  0.476997405      0.684209228    
  0.477997392      0.685452104    
  0.478997380      0.686684966    
  0.479997367      0.687908053    
  0.480997354      0.689121485    
  0.481997341      0.690325081    
  0.482997328      0.691519141    
  0.483997315      0.692703605    
  0.484997302      0.693878591    
  0.485997289      0.695044100    
  0.486997277      0.696200311    
  0.487997264      0.697347224    
  0.488997251      0.698484778    
  0.489997238      0.699613273    
  0.490997225      0.700732648    
  0.491997212      0.701842904    
  0.492997199      0.702944100    
  0.493997186      0.704036355    
  0.494997174      0.705119789    
  0.495997161      0.706194341    
  0.496997148      0.707260191    
  0.497997135      0.708317280    
  0.498997122      0.709365666    
  0.499997109      0.710405469    
  0.500997126      0.711436689    
  0.501997113      0.712459326    
  0.502997100      0.713473678    
  0.503997087      0.714479566    
  0.504997075      0.715477049    
  0.505997062      0.716466367    
  0.506997049      0.717447340    
  0.507997036      0.718420148    
  0.508997023      0.719384730    
  0.509997010      0.720341265    
  0.510996997      0.721289933    
  0.511996984      0.722230434    
  0.512996972      0.723162949    
  0.513996959      0.724087596    
  0.514996946      0.725004435    
  0.515996933      0.725913405    
  0.516996920      0.726814687    
  0.517996907      0.727708220    
  0.518996894      0.728594065    
  0.519996881      0.729472160    
  0.520996869      0.730342865    
  0.521996856      0.731205881    
  0.522996843      0.732061505    
  0.523996830      0.732909679    
  0.524996817      0.733750403    
  0.525996804      0.734583795    
  0.526996791      0.735409856    
  0.527996778      0.736228466    
  0.528996766      0.737039983    
  0.529996753      0.737844229    
  0.530996740      0.738641381    
  0.531996727      0.739431381    
  0.532996714      0.740214229    
  0.533996701      0.740989983    
  0.534996688      0.741758764    
  0.535996675      0.742520630    
  0.536996663      0.743275404    
  0.537996650      0.744023442    
  0.538996637      0.744764566    
  0.539996624      0.745498836    
  0.540996611      0.746226430    
  0.541996598      0.746946990    
  0.542996585      0.747660995    
  0.543996572      0.748368323    
  0.544996560      0.749068975    
  0.545996547      0.749762952    
  0.546996534      0.750450373    
  0.547996521      0.751131296    
  0.548996508      0.751805544    
  0.549996495      0.752473474    
  0.550996482      0.753134906    
  0.551996469      0.753789842    
  0.552996457      0.754438460    
  0.553996444      0.755080640    
  0.554996431      0.755716443    
  0.555996418      0.756346047    
  0.556996405      0.756969333    
  0.557996392      0.757586420    
  0.558996379      0.758197129    
  0.559996367      0.758801877    
  0.560996354      0.759400249    
  0.561996341      0.759992599    
  0.562996328      0.760578930    
  0.563996315      0.761159122    
  0.564996302      0.761733234    
  0.565996289      0.762301385    
  0.566996276      0.762863576    
  0.567996264      0.763419747    
  0.568996251      0.763969898    
  0.569996238      0.764514327    
  0.570996225      0.765052736    
  0.571996212      0.765585244    
  0.572996199      0.766111970    
  0.573996186      0.766632974    
  0.574996173      0.767148137    
  0.575996161      0.767657578    
  0.576996148      0.768161237    
  0.577996135      0.768659115    
  0.578996122      0.769151390    
  0.579996109      0.769638002    
  0.580996096      0.770118952    
  0.581996083      0.770594358    
  0.582996070      0.771064043    
  0.583996058      0.771528304    
  0.584996045      0.771986902    
  0.585996032      0.772439957    
  0.586996019      0.772887528    
  0.587996006      0.773329616    
  0.588995993      0.773766279    
  0.589995980      0.774197459    
  0.590995967      0.774623215    
  0.591995955      0.775043607    
  0.592995942      0.775458515    
  0.593995929      0.775868118    
  0.594995916      0.776272416    
  0.595995903      0.776671529    
  0.596995890      0.777065217    
  0.597995877      0.777453423    
  0.598995864      0.777836621    
  0.599995852      0.778214455    
  0.600995839      0.778587162    
  0.601995826      0.778954506    
  0.602995813      0.779316783    
  0.603995800      0.779673934    
  0.604995787      0.780025780    
  0.605995774      0.780372620    
  0.606995761      0.780714214    
  0.607995749      0.781050801    
  0.608995736      0.781382203    
  0.609995723      0.781708598    
  0.610995710      0.782029927    
  0.611995697      0.782346249    
  0.612995684      0.782657623    
  0.613995671      0.782963872    
  0.614995658      0.783265114    
  0.615995646      0.783561528    
  0.616995633      0.783852756    
  0.617995620      0.784139276    
  0.618995607      0.784420669    
  0.619995594      0.784697235    
  0.620995581      0.784968972    
  0.621995568      0.785235643    
  0.622995555      0.785497487    
  0.623995543      0.785754681    
  0.624995530      0.786006868    
  0.625995517      0.786254227    
  0.626995504      0.786496818    
  0.627995491      0.786734462    
  0.628995478      0.786967456    
  0.629995465      0.787195683    
  0.630995452      0.787419081    
  0.631995440      0.787637711    
  0.632995427      0.787851632    
  0.633995414      0.788060844    
  0.634995401      0.788265228    
  0.635995388      0.788465023    
  0.636995375      0.788660109    
  0.637995362      0.788850427    
  0.638995349      0.789036155    
  0.639995337      0.789217234    
  0.640995324      0.789393663    
  0.641995311      0.789565325    
  0.642995298      0.789732516    
  0.643995285      0.789894998    
  0.644995272      0.790053010    
  0.645995259      0.790206194    
  0.646995246      0.790355086    
  0.647995234      0.790499151    
  0.648995221      0.790638566    
  0.649995208      0.790773630    
  0.650995195      0.790904224    
  0.651995182      0.791030049    
  0.652995169      0.791151524    
  0.653995156      0.791268408    
  0.654995143      0.791380703    
  0.655995131      0.791488528    
  0.656995118      0.791592002    
  0.657995105      0.791690826    
  0.658995092      0.791785300    
  0.659995079      0.791875184    
  0.660995066      0.791960657    
  0.661995053      0.792041600    
  0.662995040      0.792118251    
  0.663995028      0.792190254    
  0.664995015      0.792257845    
  0.665995002      0.792321146    
  0.666994989      0.792379975    
  0.667994976      0.792434335    
  0.668994963      0.792484403    
  0.669994950      0.792529941    
  0.670994937      0.792571187    
  0.671994925      0.792608082    
  0.672994912      0.792640507    
  0.673994899      0.792668581    
  0.674994886      0.792692244    
  0.675994873      0.792711675    
  0.676994860      0.792726576    
  0.677994847      0.792737305    
  0.678994834      0.792743564    
  0.679994822      0.792745411    
  0.680994809      0.792743087    
  0.681994796      0.792736351    
  0.682994783      0.792725265    
  0.683994770      0.792709827    
  0.684994757      0.792690277    
  0.685994744      0.792666137    
  0.686994731      0.792637944    
  0.687994719      0.792605221    
  0.688994706      0.792568326    
  0.689994693      0.792527020    
  0.690994680      0.792481482    
  0.691994667      0.792431653    
  0.692994654      0.792377472    
  0.693994641      0.792319238    
  0.694994628      0.792256534    
  0.695994616      0.792189598    
  0.696994603      0.792118371    
  0.697994590      0.792042851    
  0.698994577      0.791963220    
  0.699994564      0.791879237    
  0.700994551      0.791790843    
  0.701994538      0.791698396    
  0.702994525      0.791601479    
  0.703994513      0.791500449    
  0.704994500      0.791395128    
  0.705994487      0.791285574    
  0.706994474      0.791171789    
  0.707994461      0.791053772    
  0.708994448      0.790931463    
  0.709994435      0.790804923    
  0.710994422      0.790674031    
  0.711994410      0.790539026    
  0.712994397      0.790399849    
  0.713994384      0.790256262    
  0.714994371      0.790108502    
  0.715994358      0.789956570    
  0.716994345      0.789800286    
  0.717994332      0.789639711    
  0.718994319      0.789475083    
  0.719994307      0.789305985    
  0.720994294      0.789132893    
  0.721994281      0.788955450    
  0.722994268      0.788773775    
  0.723994255      0.788588047    
  0.724994242      0.788397849    
  0.725994229      0.788203418    
  0.726994216      0.788004696    
  0.727994204      0.787801862    
  0.728994191      0.787594736    
  0.729994178      0.787383318    
  0.730994165      0.787167788    
  0.731994152      0.786947966    
  0.732994139      0.786723852    
  0.733994126      0.786495686    
  0.734994113      0.786263108    
  0.735994101      0.786026359    
  0.736994088      0.785785198    
  0.737994075      0.785539865    
  0.738994062      0.785290420    
  0.739994049      0.785036623    
  0.740994036      0.784778416    
  0.741994023      0.784516096    
  0.742994010      0.784249485    
  0.743993998      0.783978641    
  0.744993985      0.783703506    
  0.745993972      0.783424079    
  0.746993959      0.783140421    
  0.747993946      0.782852471    
  0.748993933      0.782560229    
  0.749993920      0.782263815    
  0.750993907      0.781962991    
  0.751993895      0.781657815    
  0.752993882      0.781348467    
  0.753993869      0.781034827    
  0.754993856      0.780716896    
  0.755993843      0.780394554    
  0.756993830      0.780068099    
  0.757993817      0.779737175    
  0.758993804      0.779401958    
  0.759993792      0.779062331    
  0.760993779      0.778718591    
  0.761993766      0.778370500    
  0.762993753      0.778017938    
  0.763993740      0.777661145    
  0.764993727      0.777300000    
  0.765993714      0.776934505    
  0.766993701      0.776564538    
  0.767993689      0.776190341    
  0.768993676      0.775811791    
  0.769993663      0.775428832    
  0.770993650      0.775041521    
  0.771993637      0.774649799    
  0.772993624      0.774253666    
  0.773993611      0.773853183    
  0.774993598      0.773448467    
  0.775993586      0.773039222    
  0.776993573      0.772625506    
  0.777993560      0.772207439    
  0.778993547      0.771785080    
  0.779993534      0.771358252    
  0.780993521      0.770926774    
  0.781993508      0.770491064    
  0.782993495      0.770050883    
  0.783993483      0.769606233    
  0.784993470      0.769156992    
  0.785993457      0.768703520    
  0.786993444      0.768245399    
  0.787993431      0.767783046    
  0.788993418      0.767316222    
  0.789993405      0.766844511    
  0.790993392      0.766368568    
  0.791993380      0.765888095    
  0.792993367      0.765403152    
  0.793993354      0.764913619    
  0.794993341      0.764419436    
  0.795993328      0.763921022    
  0.796993315      0.763417721    
  0.797993302      0.762910247    
  0.798993289      0.762397945    
  0.799993277      0.761880934    
  0.800993264      0.761359692    
  0.801993251      0.760833800    
  0.802993238      0.760303140    
  0.803993225      0.759768009    
  0.804993212      0.759228230    
  0.805993199      0.758683801    
  0.806993186      0.758134723    
  0.807993174      0.757580996    
  0.808993161      0.757022619    
  0.809993148      0.756459594    
  0.810993135      0.755891919    
  0.811993122      0.755319536    
  0.812993109      0.754742622    
  0.813993096      0.754160762    
  0.814993083      0.753574371    
  0.815993071      0.752983153    
  0.816993058      0.752387285    
  0.817993045      0.751786590    
  0.818993032      0.751181364    
  0.819993019      0.750571132    
  0.820993006      0.749956131    
  0.821992993      0.749336481    
  0.822992980      0.748711944    
  0.823992968      0.748082697    
  0.824992955      0.747448623    
  0.825992942      0.746809602    
  0.826992929      0.746165872    
  0.827992916      0.745517075    
  0.828992903      0.744863868    
  0.829992890      0.744205296    
  0.830992877      0.743542194    
  0.831992865      0.742874086    
  0.832992852      0.742200911    
  0.833992839      0.741522968    
  0.834992826      0.740840077    
  0.835992813      0.740152359    
  0.836992800      0.739459515    
  0.837992787      0.738761663    
  0.838992774      0.738058925    
  0.839992762      0.737351239    
  0.840992749      0.736638427    
  0.841992736      0.735920787    
  0.842992723      0.735197842    
  0.843992710      0.734469950    
  0.844992697      0.733737171    
  0.845992684      0.732999027    
  0.846992671      0.732255995    
  0.847992659      0.731507838    
  0.848992646      0.730754435    
  0.849992633      0.729996145    
  0.850992620      0.729232371    
  0.851992607      0.728463650    
  0.852992594      0.727689803    
  0.853992581      0.726910710    
  0.854992568      0.726126313    
  0.855992556      0.725336909    
  0.856992543      0.724542201    
  0.857992530      0.723742187    
  0.858992517      0.722936928    
  0.859992504      0.722126365    
  0.860992491      0.721310675    
  0.861992478      0.720489383    
  0.862992465      0.719662964    
  0.863992453      0.718831241    
  0.864992440      0.717994034    
  0.865992427      0.717151403    
  0.866992414      0.716303527    
  0.867992401      0.715450406    
  0.868992388      0.714591563    
  0.869992375      0.713727415    
  0.870992362      0.712857783    
  0.871992350      0.711982727    
  0.872992337      0.711102068    
  0.873992324      0.710216105    
  0.874992311      0.709324479    
  0.875992298      0.708427370    
  0.876992285      0.707524776    
  0.877992272      0.706616402    
  0.878992260      0.705702543    
  0.879992247      0.704783201    
  0.880992234      0.703858137    
  0.881992221      0.702927530    
  0.882992208      0.701990902    
  0.883992195      0.701048970    
  0.884992182      0.700101256    
  0.885992169      0.699147820    
  0.886992157      0.698188663    
  0.887992144      0.697223723    
  0.888992131      0.696253061    
  0.889992118      0.695276558    
  0.890992105      0.694294274    
  0.891992092      0.693306327    
  0.892992079      0.692312241    
  0.893992066      0.691312373    
  0.894992054      0.690306604    
  0.895992041      0.689294875    
  0.896992028      0.688277543    
  0.897992015      0.687254071    
  0.898992002      0.686224639    
  0.899991989      0.685189068    
  0.900991976      0.684147656    
  0.901991963      0.683100343    
  0.902991951      0.682046831    
  0.903991938      0.680987120    
  0.904991925      0.679921448    
  0.905991912      0.678849757    
  0.906991899      0.677771866    
  0.907991886      0.676687777    
  0.908991873      0.675597548    
  0.909991860      0.674501181    
  0.910991848      0.673398376    
  0.911991835      0.672289610    
  0.912991822      0.671174347    
  0.913991809      0.670052946    
  0.914991796      0.668925226    
  0.915991783      0.667791128    
  0.916991770      0.666650772    
  0.917991757      0.665504098    
  0.918991745      0.664351106    
  0.919991732      0.663191319    
  0.920991719      0.662025094    
  0.921991706      0.660852671    
  0.922991693      0.659673870    
  0.923991680      0.658488333    
  0.924991667      0.657296181    
  0.925991654      0.656097710    
  0.926991642      0.654892385    
  0.927991629      0.653680623    
  0.928991616      0.652462184    
  0.929991603      0.651237130    
  0.930991590      0.650005341    
  0.931991577      0.648766875    
  0.932991564      0.647521555    
  0.933991551      0.646269679    
  0.934991539      0.645010889    
  0.935991526      0.643745422    
  0.936991513      0.642472982    
  0.937991500      0.641193867    
  0.938991487      0.639907718    
  0.939991474      0.638614595    
  0.940991461      0.637314796    
  0.941991448      0.636007726    
  0.942991436      0.634693861    
  0.943991423      0.633373082    
  0.944991410      0.632045209    
  0.945991397      0.630710065    
  0.946991384      0.629367828    
  0.947991371      0.628018677    
  0.948991358      0.626662314    
  0.949991345      0.625298798    
  0.950991333      0.623927891    
  0.951991320      0.622550070    
  0.952991307      0.621164560    
  0.953991294      0.619772255    
  0.954991281      0.618372321    
  0.955991268      0.616964996    
  0.956991255      0.615550518    
  0.957991242      0.614128470    
  0.958991230      0.612698913    
  0.959991217      0.611262083    
  0.960991204      0.609817743    
  0.961991191      0.608365893    
  0.962991178      0.606906354    
  0.963991165      0.605439305    
  0.964991152      0.603964686    
  0.965991139      0.602482378    
  0.966991127      0.600992501    
  0.967991114      0.599494696    
  0.968991101      0.597989440    
  0.969991088      0.596476257    
  0.970991075      0.594955325    
  0.971991062      0.593426585    
  0.972991049      0.591890097    
  0.973991036      0.590345621    
  0.974991024      0.588793099    
  0.975991011      0.587232709    
  0.976990998      0.585664511    
  0.977990985      0.584087968    
  0.978990972      0.582503676    
  0.979990959      0.580911100    
  0.980990946      0.579310477    
  0.981990933      0.577701926    
  0.982990921      0.576084852    
  0.983990908      0.574459910    
  0.984990895      0.572826445    
  0.985990882      0.571184993    
  0.986990869      0.569534957    
  0.987990856      0.567876637    
  0.988990843      0.566210091    
  0.989990830      0.564534903    
  0.990990818      0.562851429    
  0.991990805      0.561159492    
  0.992990792      0.559458971    
  0.993990779      0.557749867    
  0.994990766      0.556032300    
  0.995990753      0.554305911    
  0.996990740      0.552571118    
  0.997990727      0.550827563    
  0.998990715      0.549075246    
  0.999990702      0.547314167    
   1.00099075      0.545544147    
   1.00199080      0.543765545    
   1.00299084      0.541978061    
   1.00399089      0.540181458    
   1.00499094      0.538375974    
   1.00599098      0.536561608    
   1.00699103      0.534738064    
   1.00799108      0.532905579    
   1.00899112      0.531063974    
   1.00999117      0.529213250    
   1.01099122      0.527353406    
   1.01199126      0.525484324    
   1.01299131      0.523605824    
   1.01399136      0.521718442    
   1.01499140      0.519821286    
   1.01599145      0.517915070    
   1.01699150      0.515999138    
   1.01799154      0.514074147    
   1.01899159      0.512139499    
   1.01999164      0.510195255    
   1.02099168      0.508241534    
   1.02199173      0.506278217    
   1.02299178      0.504305303    
   1.02399182      0.502322674    
   1.02499187      0.500330269    
   1.02599192      0.498328120    
   1.02699196      0.496316254    
   1.02799201      0.494294375    
   1.02899206      0.492262900    
   1.02999210      0.490221143    
   1.03099215      0.488169700    
   1.03199220      0.486108094    
   1.03299224      0.484036535    
   1.03399229      0.481954783    
   1.03499234      0.479862988    
   1.03599238      0.477760851    
   1.03699243      0.475648612    
   1.03799248      0.473526150    
   1.03899252      0.471393466    
   1.03999257      0.469250262    
   1.04099262      0.467096746    
   1.04199266      0.464932650    
   1.04299271      0.462758154    
   1.04399276      0.460573256    
   1.04499280      0.458377600    
   1.04599285      0.456171334    
   1.04699290      0.453954637    
   1.04799294      0.451727062    
   1.04899299      0.449488878    
   1.04999304      0.447239757    
   1.05099308      0.444979757    
   1.05199313      0.442708969    
   1.05299318      0.440427125    
   1.05399323      0.438134462    
   1.05499327      0.435830623    
   1.05599332      0.433515787    
   1.05699337      0.431189895    
   1.05799341      0.428852707    
   1.05899346      0.426504463    
   1.05999351      0.424144894    
   1.06099355      0.421773970    
   1.06199360      0.419391721    
   1.06299365      0.416998148    
   1.06399369      0.414593071    
   1.06499374      0.412176400    
   1.06599379      0.409748316    
   1.06699383      0.407308608    
   1.06799388      0.404857188    
   1.06899393      0.402394116    
   1.06999397      0.399919391    
   1.07099402      0.397432774    
   1.07199407      0.394934297    
   1.07299411      0.392423987    
   1.07399416      0.389901787    
   1.07499421      0.387367606    
   1.07599425      0.384821266    
   1.07699430      0.382262945    
   1.07799435      0.379692465    
   1.07899439      0.377109796    
   1.07999444      0.374514788    
   1.08099449      0.371907622    
   1.08199453      0.369288087    
   1.08299458      0.366656125    
   1.08399463      0.364011705    
   1.08499467      0.361354858    
   1.08599472      0.358685374    
   1.08699477      0.356003284    
   1.08799481      0.353308618    
   1.08899486      0.350601256    
   1.08999491      0.347881049    
   1.09099495      0.345148176    
   1.09199500      0.342402279    
   1.09299505      0.339643598    
   1.09399509      0.336871773    
   1.09499514      0.334087074    
   1.09599519      0.331289351    
   1.09699523      0.328478366    
   1.09799528      0.325654209    
   1.09899533      0.322816908    
   1.09999537      0.319966316    
   1.10099542      0.317102283    
   1.10199547      0.314224839    
   1.10299551      0.311334044    
   1.10399556      0.308429629    
   1.10499561      0.305511683    
   1.10599566      0.302580178    
   1.10699570      0.299634874    
   1.10799575      0.296676010    
   1.10899580      0.293703228    
   1.10999584      0.290716708    
   1.11099589      0.287716269    
   1.11199594      0.284701794    
   1.11299598      0.281673342    
   1.11399603      0.278630853    
   1.11499608      0.275574297    
   1.11599612      0.272503465    
   1.11699617      0.269418389    
   1.11799622      0.266319036    
   1.11899626      0.263205379    
   1.11999631      0.260077298    
   1.12099636      0.256934643    
   1.12199640      0.253777683    
   1.12299645      0.250606000    
   1.12399650      0.247419715    
   1.12499654      0.244218752    
   1.12599659      0.241002992    
   1.12699664      0.237772480    
   1.12799668      0.234527126    
   1.12899673      0.231266752    
   1.12999678      0.227991462    
   1.13099682      0.224701092    
   1.13199687      0.221395686    
   1.13299692      0.218075082    
   1.13399696      0.214739278    
   1.13499701      0.211388171    
   1.13599706      0.208021775    
   1.13699710      0.204639927    
   1.13799715      0.201242685    
   1.13899720      0.197829887    
   1.13999724      0.194401562    
   1.14099729      0.190957665    
   1.14199734      0.187497944    
   1.14299738      0.184022635    
   1.14399743      0.180531397    
   1.14499748      0.177024320    
   1.14599752      0.173501387    
   1.14699757      0.169962361    
   1.14799762      0.166407421    
   1.14899766      0.162836373    
   1.14999771      0.159249067    
   1.15099776      0.155645639    
   1.15199780      0.152025834    
   1.15299785      0.148389757    
   1.15399790      0.144737244    
   1.15499794      0.141068354    
   1.15599799      0.137382865    
   1.15699804      0.133680850    
   1.15799809      0.129962176    
   1.15899813      0.126226768    
   1.15999818      0.122474708    
   1.16099823      0.118705794    
   1.16199827      0.114919975    
   1.16299832      0.111117229    
   1.16399837      0.107297495    
   1.16499841      0.103460714    
   1.16599846       9.96068344E-02
   1.16699851       9.57357958E-02
   1.16799855       9.18474644E-02
   1.16899860       8.79419148E-02
   1.16999865       8.40190127E-02
   1.17099869       8.00786763E-02
   1.17199874       7.61208758E-02
   1.17299879       7.21455738E-02
   1.17399883       6.81526810E-02
   1.17499888       6.41421601E-02
   1.17599893       6.01139329E-02
   1.17699897       5.60679398E-02
   1.17799902       5.20041399E-02
   1.17899907       4.79224622E-02
   1.17999911       4.38228734E-02
   1.18099916       3.97052690E-02
   1.18199921       3.55696268E-02
   1.18299925       3.14158797E-02
   1.18399930       2.72439644E-02
   1.18499935       2.30538398E-02
   1.18599939       1.88454408E-02
   1.18699944       1.46187013E-02
   1.18799949       1.03735691E-02
   1.18899953       6.10999530E-03
   1.18999958       1.82791776E-03
   1.19099963      -2.47272197E-03
   1.19199967      -6.79197302E-03
   1.19299972      -1.11298943E-02
   1.19399977      -1.54865477E-02
   1.19499981      -1.98619757E-02
   1.19599986      -2.42562369E-02
   1.19699991      -2.86693927E-02
   1.19799995      -3.31014991E-02
   1.19900000      -3.75526026E-02
   1.20000005      -4.20227535E-02
   1.20100009      -4.65120263E-02
   1.20200014      -5.10204360E-02
   1.20300019      -5.55480905E-02
   1.20400023      -6.00950010E-02
   1.20500028      -6.46612048E-02
   1.20600033      -6.92468137E-02
   1.20700037      -7.38518238E-02
   1.20800042      -7.84763023E-02
   1.20900047      -8.31203312E-02
   1.21000051      -8.77839103E-02
   1.21100056      -9.24671069E-02
   1.21200061      -9.71700102E-02
   1.21300066     -0.101892620    
   1.21400070     -0.106634982    
   1.21500075     -0.111397162    
   1.21600080     -0.116179220    
   1.21700084     -0.120981194    
   1.21800089     -0.125803158    
   1.21900094     -0.130645096    
   1.22000098     -0.135507137    
   1.22100103     -0.140389279    
   1.22200108     -0.145291507    
   1.22300112     -0.150213867    
   1.22400117     -0.155156538    
   1.22500122     -0.160119534    
   1.22600126     -0.165102825    
   1.22700131     -0.170106485    
   1.22800136     -0.175130546    
   1.22900140     -0.180175021    
   1.23000145     -0.185239986    
   1.23100150     -0.190325528    
   1.23200154     -0.195431590    
   1.23300159     -0.200558260    
   1.23400164     -0.205705553    
   1.23500168     -0.210873529    
   1.23600173     -0.216062218    
   1.23700178     -0.221271604    
   1.23800182     -0.226501882    
   1.23900187     -0.231752932    
   1.24000192     -0.237024933    
   1.24100196     -0.242317617    
   1.24200201     -0.247631282    
   1.24300206     -0.252965897    
   1.24400210     -0.258321553    
   1.24500215     -0.263698280    
   1.24600220     -0.269095898    
   1.24700224     -0.274514616    
   1.24800229     -0.279954553    
   1.24900234     -0.285415441    
   1.25000238     -0.290897518    
   1.25100243     -0.296400815    
   1.25200248     -0.301925242    
   1.25300252     -0.307470769    
   1.25400257     -0.313037604    
   1.25500262     -0.318625659    
   1.25600266     -0.324235111    
   1.25700271     -0.329865664    
   1.25800276     -0.335517734    
   1.25900280     -0.341191024    
   1.26000285     -0.346885622    
   1.26100290     -0.352601588    
   1.26200294     -0.358339012    
   1.26300299     -0.364097744    
   1.26400304     -0.369877756    
   1.26500309     -0.375679165    
   1.26600313     -0.381502092    
   1.26700318     -0.387346536    
   1.26800323     -0.393212140    
   1.26900327     -0.399099231    
   1.27000332     -0.405007720    
   1.27100337     -0.410937458    
   1.27200341     -0.416888952    
   1.27300346     -0.422861695    
   1.27400351     -0.428855747    
   1.27500355     -0.434871405    
   1.27600360     -0.440908641    
   1.27700365     -0.446966767    
   1.27800369     -0.453046530    
   1.27900374     -0.459147632    
   1.28000379     -0.465270430    
   1.28100383     -0.471414387    
   1.28200388     -0.477579176    
   1.28300393     -0.483765930    
   1.28400397     -0.489973843    
   1.28500402     -0.496203184    
   1.28600407     -0.502453685    
   1.28700411     -0.508724988    
   1.28800416     -0.515017748    
   1.28900421     -0.521331787    
   1.29000425     -0.527667105    
   1.29100430     -0.534023523    
   1.29200435     -0.540400922    
   1.29300439     -0.546799541    
   1.29400444     -0.553219080    
   1.29500449     -0.559659958    
   1.29600453     -0.566121221    
   1.29700458     -0.572603643    
   1.29800463     -0.579106867    
   1.29900467     -0.585631251    
   1.30000472     -0.592176497    
   1.30100477     -0.598742008    
   1.30200481     -0.605328500    
   1.30300486     -0.611935556    
   1.30400491     -0.618562698    
   1.30500495     -0.625211358    
   1.30600500     -0.631879330    
   1.30700505     -0.638568759    
   1.30800509     -0.645277917    
   1.30900514     -0.652007461    
   1.31000519     -0.658757865    
   1.31100523     -0.665527582    
   1.31200528     -0.672317624    
   1.31300533     -0.679127753    
   1.31400537     -0.685957968    
   1.31500542     -0.692807972    
   1.31600547     -0.699677706    
   1.31700552     -0.706566751    
   1.31800556     -0.713475645    
   1.31900561     -0.720404387    
   1.32000566     -0.727352023    
   1.32100570     -0.734319329    
   1.32200575     -0.741305649    
   1.32300580     -0.748311400    
   1.32400584     -0.755335867    
   1.32500589     -0.762379706    
   1.32600594     -0.769442141    
   1.32700598     -0.776523411    
   1.32800603     -0.783623099    
   1.32900608     -0.790740848    
   1.33000612     -0.797877789    
   1.33100617     -0.805031836    
   1.33200622     -0.812204957    
   1.33300626     -0.819396019    
   1.33400631     -0.826604962    
   1.33500636     -0.833831787    
   1.33600640     -0.841075838    
   1.33700645     -0.848337770    
   1.33800650     -0.855616748    
   1.33900654     -0.862913191    
   1.34000659     -0.870226145    
   1.34100664     -0.877557218    
   1.34200668     -0.884903550    
   1.34300673     -0.892267764    
   1.34400678     -0.899647892    
   1.34500682     -0.907044053    
   1.34600687     -0.914456367    
   1.34700692     -0.921885669    
   1.34800696     -0.929329813    
   1.34900701     -0.936790049    
   1.35000706     -0.944265425    
   1.35100710     -0.951756418    
   1.35200715     -0.959262073    
   1.35300720     -0.966782510    
   1.35400724     -0.974318147    
   1.35500729     -0.981868267    
   1.35600734     -0.989432812    
   1.35700738     -0.997011244    
   1.35800743      -1.00460410    
   1.35900748      -1.01220965    
   1.36000752      -1.01982939    
   1.36100757      -1.02746248    
   1.36200762      -1.03510869    
   1.36300766      -1.04276836    
   1.36400771      -1.05043983    
   1.36500776      -1.05812371    
   1.36600780      -1.06582022    
   1.36700785      -1.07352912    
   1.36800790      -1.08124995    
   1.36900795      -1.08898139    
   1.37000799      -1.09672451    
   1.37100804      -1.10447764    
   1.37200809      -1.11224329    
   1.37300813      -1.12001896    
   1.37400818      -1.12780440    
   1.37500823      -1.13560045    
   1.37600827      -1.14340603    
   1.37700832      -1.15122080    
   1.37800837      -1.15904498    
   1.37900841      -1.16687834    
   1.38000846      -1.17472064    
   1.38100851      -1.18257105    
   1.38200855      -1.19042933    
   1.38300860      -1.19829512    
   1.38400865      -1.20616913    
   1.38500869      -1.21404958    
   1.38600874      -1.22193778    
   1.38700879      -1.22983229    
   1.38800883      -1.23773372    
   1.38900888      -1.24564028    
   1.39000893      -1.25355291    
   1.39100897      -1.26147258    
   1.39200902      -1.26939547    
   1.39300907      -1.27732348    
   1.39400911      -1.28525615    
   1.39500916      -1.29319239    
   1.39600921      -1.30113339    
   1.39700925      -1.30907810    
   1.39800930      -1.31702363    
   1.39900935      -1.32497394    
   1.40000939      -1.33292532    
   1.40100944      -1.34088016    
   1.40200949      -1.34883606    
   1.40300953      -1.35679233    
   1.40400958      -1.36475086    
   1.40500963      -1.37271011    
   1.40600967      -1.38066876    
   1.40700972      -1.38862848    
   1.40800977      -1.39658713    
   1.40900981      -1.40454412    
   1.41000986      -1.41250026    
   1.41100991      -1.42045557    
   1.41200995      -1.42840862    
   1.41301000      -1.43635964    
   1.41401005      -1.44430649    
   1.41501009      -1.45225215    
   1.41601014      -1.46019173    
   1.41701019      -1.46812904    
   1.41801023      -1.47606146    
   1.41901028      -1.48398769    
   1.42001033      -1.49191046    
   1.42101038      -1.49982882    
   1.42201042      -1.50773668    
   1.42301047      -1.51564205    
   1.42401052      -1.52353859    
   1.42501056      -1.53142917    
   1.42601061      -1.53930974    
   1.42701066      -1.54718423    
   1.42801070      -1.55504930    
   1.42901075      -1.56290495    
   1.43001080      -1.57075095    
   1.43101084      -1.57858944    
   1.43201089      -1.58641303    
   1.43301094      -1.59422863    
   1.43401098      -1.60203278    
   1.43501103      -1.60982502    
   1.43601108      -1.61760461    
   1.43701112      -1.62537169    
   1.43801117      -1.63312542    
   1.43901122      -1.64086545    
   1.44001126      -1.64859080    
   1.44101131      -1.65630352    
   1.44201136      -1.66399944    
   1.44301140      -1.67167914    
   1.44401145      -1.67934465    
   1.44501150      -1.68699384    
   1.44601154      -1.69462419    
   1.44701159      -1.70223868    
   1.44801164      -1.70983529    
   1.44901168      -1.71741199    
   1.45001173      -1.72497106    
   1.45101178      -1.73250973    
   1.45201182      -1.74003196    
   1.45301187      -1.74753129    
   1.45401192      -1.75500762    
   1.45501196      -1.76246536    
   1.45601201      -1.76989901    
   1.45701206      -1.77731180    
   1.45801210      -1.78470373    
   1.45901215      -1.79206932    
   1.46001220      -1.79941177    
   1.46101224      -1.80673063    
   1.46201229      -1.81402385    
   1.46301234      -1.82129109    
   1.46401238      -1.82853544    
   1.46501243      -1.83575141    
   1.46601248      -1.84294021    
   1.46701252      -1.85010159    
   1.46801257      -1.85723686    
   1.46901262      -1.86434245    
   1.47001266      -1.87141943    
   1.47101271      -1.87846589    
   1.47201276      -1.88548493    
   1.47301280      -1.89247024    
   1.47401285      -1.89942825    
   1.47501290      -1.90635240    
   1.47601295      -1.91324604    
   1.47701299      -1.92010581    
   1.47801304      -1.92693555    
   1.47901309      -1.93372965    
   1.48001313      -1.94048929    
   1.48101318      -1.94721496    
   1.48201323      -1.95390880    
   1.48301327      -1.96056414    
   1.48401332      -1.96718323    
   1.48501337      -1.97376835    
   1.48601341      -1.98031521    
   1.48701346      -1.98682678    
   1.48801351      -1.99329698    
   1.48901355      -1.99972999    
   1.49001360      -2.00612617    
   1.49101365      -2.01248050    
   1.49201369      -2.01879692    
   1.49301374      -2.02507401    
   1.49401379      -2.03130794    
   1.49501383      -2.03750157    
   1.49601388      -2.04365540    
   1.49701393      -2.04976368    
   1.49801397      -2.05583096    
   1.49901402      -2.06185579    
   1.50001407      -2.06783724    
   1.50101411      -2.07377195    
   1.50201416      -2.07966518    
   1.50301421      -2.08551145    
   1.50401425      -2.09131455    
   1.50501430      -2.09707141    
   1.50601435      -2.10278058    
   1.50701439      -2.10844541    
   1.50801444      -2.11406183    
   1.50901449      -2.11963010    
   1.51001453      -2.12515092    
   1.51101458      -2.13062453    
   1.51201463      -2.13604689    
   1.51301467      -2.14142013    
   1.51401472      -2.14674497    
   1.51501477      -2.15201974    
   1.51601481      -2.15724373    
   1.51701486      -2.16241789    
   1.51801491      -2.16754127    
   1.51901495      -2.17261076    
   1.52001500      -2.17762947    
   1.52101505      -2.18259645    
   1.52201509      -2.18750882    
   1.52301514      -2.19236946    
   1.52401519      -2.19717717    
   1.52501523      -2.20193005    
   1.52601528      -2.20662642    
   1.52701533      -2.21126962    
   1.52801538      -2.21585870    
   1.52901542      -2.22039461    
   1.53001547      -2.22487044    
   1.53101552      -2.22929144    
   1.53201556      -2.23365903    
   1.53301561      -2.23796749    
   1.53401566      -2.24222112    
   1.53501570      -2.24641657    
   1.53601575      -2.25055408    
   1.53701580      -2.25463510    
   1.53801584      -2.25865364    
   1.53901589      -2.26261806    
   1.54001594      -2.26652408    
   1.54101598      -2.27037048    
   1.54201603      -2.27415824    
   1.54301608      -2.27788234    
   1.54401612      -2.28155184    
   1.54501617      -2.28515887    
   1.54601622      -2.28870583    
   1.54701626      -2.29219413    
   1.54801631      -2.29561973    
   1.54901636      -2.29898548    
   1.55001640      -2.30228853    
   1.55101645      -2.30553174    
   1.55201650      -2.30871487    
   1.55301654      -2.31183410    
   1.55401659      -2.31489468    
   1.55501664      -2.31788874    
   1.55601668      -2.32082295    
   1.55701673      -2.32369590    
   1.55801678      -2.32650375    
   1.55901682      -2.32925081    
   1.56001687      -2.33193421    
   1.56101692      -2.33455539    
   1.56201696      -2.33711290    
   1.56301701      -2.33960605    
   1.56401706      -2.34203720    
   1.56501710      -2.34440660    
   1.56601715      -2.34671164    
   1.56701720      -2.34895110    
   1.56801724      -2.35112643    
   1.56901729      -2.35324049    
   1.57001734      -2.35528922    
   1.57101738      -2.35727572    
   1.57201743      -2.35919881    
   1.57301748      -2.36105609    
   1.57401752      -2.36284733    
   1.57501757      -2.36457968    
   1.57601762      -2.36624527    
   1.57701766      -2.36784410    
   1.57801771      -2.36938238    
   1.57901776      -2.37085557    
   1.58001781      -2.37226295    
   1.58101785      -2.37360835    
   1.58201790      -2.37488723    
   1.58301795      -2.37610626    
   1.58401799      -2.37725639    
   1.58501804      -2.37834477    
   1.58601809      -2.37936711    
   1.58701813      -2.38033080    
   1.58801818      -2.38122249    
   1.58901823      -2.38205838    
   1.59001827      -2.38282466    
   1.59101832      -2.38353348    
   1.59201837      -2.38417315    
   1.59301841      -2.38474894    
   1.59401846      -2.38526797    
   1.59501851      -2.38571620    
   1.59601855      -2.38610291    
   1.59701860      -2.38643026    
   1.59801865      -2.38669395    
   1.59901869      -2.38688874    
   1.60001874      -2.38702607    
   1.60101879      -2.38710237    
   1.60201883      -2.38711452    
   1.60301888      -2.38706255    
   1.60401893      -2.38694859    
   1.60501897      -2.38677502    
   1.60601902      -2.38653874    
   1.60701907      -2.38624024    
   1.60801911      -2.38588214    
   1.60901916      -2.38546133    
   1.61001921      -2.38497949    
   1.61101925      -2.38443828    
   1.61201930      -2.38383174    
   1.61301935      -2.38317060    
   1.61401939      -2.38244867    
   1.61501944      -2.38166189    
   1.61601949      -2.38082027    
   1.61701953      -2.37992096    
   1.61801958      -2.37895894    
   1.61901963      -2.37793875    
   1.62001967      -2.37685823    
   1.62101972      -2.37572050    
   1.62201977      -2.37452579    
   1.62301981      -2.37327361    
   1.62401986      -2.37195969    
   1.62501991      -2.37059283    
   1.62601995      -2.36916876    
   1.62702000      -2.36768436    
   1.62802005      -2.36614871    
   1.62902009      -2.36455226    
   1.63002014      -2.36290431    
   1.63102019      -2.36119819    
   1.63202024      -2.35943460    
   1.63302028      -2.35761738    
   1.63402033      -2.35574818    
   1.63502038      -2.35382533    
   1.63602042      -2.35184598    
   1.63702047      -2.34981275    
   1.63802052      -2.34772539    
   1.63902056      -2.34558630    
   1.64002061      -2.34339285    
   1.64102066      -2.34115171    
   1.64202070      -2.33885574    
   1.64302075      -2.33651090    
   1.64402080      -2.33411384    
   1.64502084      -2.33166099    
   1.64602089      -2.32916260    
   1.64702094      -2.32661152    
   1.64802098      -2.32401204    
   1.64902103      -2.32136583    
   1.65002108      -2.31866527    
   1.65102112      -2.31592250    
   1.65202117      -2.31312561    
   1.65302122      -2.31028175    
   1.65402126      -2.30739307    
   1.65502131      -2.30445552    
   1.65602136      -2.30147076    
   1.65702140      -2.29844260    
   1.65802145      -2.29536653    
   1.65902150      -2.29224277    
   1.66002154      -2.28907633    
   1.66102159      -2.28586292    
   1.66202164      -2.28260899    
   1.66302168      -2.27930713    
   1.66402173      -2.27596378    
   1.66502178      -2.27257872    
   1.66602182      -2.26914859    
   1.66702187      -2.26567864    
   1.66802192      -2.26216292    
   1.66902196      -2.25860977    
   1.67002201      -2.25501490    
   1.67102206      -2.25137520    
   1.67202210      -2.24769688    
   1.67302215      -2.24398160    
   1.67402220      -2.24022508    
   1.67502224      -2.23642898    
   1.67602229      -2.23259497    
   1.67702234      -2.22872257    
   1.67802238      -2.22481155    
   1.67902243      -2.22086692    
   1.68002248      -2.21687937    
   1.68102252      -2.21286154    
   1.68202257      -2.20880198    
   1.68302262      -2.20470834    
   1.68402267      -2.20058274    
   1.68502271      -2.19641972    
   1.68602276      -2.19222188    
   1.68702281      -2.18799019    
   1.68802285      -2.18372393    
   1.68902290      -2.17942834    
   1.69002295      -2.17509532    
   1.69102299      -2.17073321    
   1.69202304      -2.16633701    
   1.69302309      -2.16190886    
   1.69402313      -2.15744972    
   1.69502318      -2.15296221    
   1.69602323      -2.14844346    
   1.69702327      -2.14389300    
   1.69802332      -2.13931608    
   1.69902337      -2.13470769    
   1.70002341      -2.13007188    
   1.70102346      -2.12540627    
   1.70202351      -2.12071371    
   1.70302355      -2.11599493    
   1.70402360      -2.11124802    
   1.70502365      -2.10647249    
   1.70602369      -2.10167384    
   1.70702374      -2.09684968    
   1.70802379      -2.09199715    
   1.70902383      -2.08712101    
   1.71002388      -2.08222151    
   1.71102393      -2.07729554    
   1.71202397      -2.07234836    
   1.71302402      -2.06737351    
   1.71402407      -2.06237984    
   1.71502411      -2.05736065    
   1.71602416      -2.05232143    
   1.71702421      -2.04725981    
   1.71802425      -2.04217577    
   1.71902430      -2.03707123    
   1.72002435      -2.03194523    
   1.72102439      -2.02679825    
   1.72202444      -2.02163315    
   1.72302449      -2.01644707    
   1.72402453      -2.01124215    
   1.72502458      -2.00601768    
   1.72602463      -2.00077605    
   1.72702467      -1.99551582    
   1.72802472      -1.99023783    
   1.72902477      -1.98494244    
   1.73002481      -1.97962737    
   1.73102486      -1.97429967    
   1.73202491      -1.96895397    
   1.73302495      -1.96359158    
   1.73402500      -1.95821464    
   1.73502505      -1.95282066    
   1.73602509      -1.94741344    
   1.73702514      -1.94198978    
   1.73802519      -1.93655455    
   1.73902524      -1.93110502    
   1.74002528      -1.92564106    
   1.74102533      -1.92016304    
   1.74202538      -1.91467357    
   1.74302542      -1.90916979    
   1.74402547      -1.90365553    
   1.74502552      -1.89812851    
   1.74602556      -1.89259112    
   1.74702561      -1.88704026    
   1.74802566      -1.88147879    
   1.74902570      -1.87590718    
   1.75002575      -1.87032580    
   1.75102580      -1.86473572    
   1.75202584      -1.85913324    
   1.75302589      -1.85352194    
   1.75402594      -1.84790194    
   1.75502598      -1.84227335    
   1.75602603      -1.83663642    
   1.75702608      -1.83099055    
   1.75802612      -1.82533622    
   1.75902617      -1.81967604    
   1.76002622      -1.81400776    
   1.76102626      -1.80833268    
   1.76202631      -1.80265021    
   1.76302636      -1.79696143    
   1.76402640      -1.79126668    
   1.76502645      -1.78556633    
   1.76602650      -1.77985966    
   1.76702654      -1.77414763    
   1.76802659      -1.76843083    
   1.76902664      -1.76270890    
   1.77002668      -1.75698280    
   1.77102673      -1.75125253    
   1.77202678      -1.74551737    
   1.77302682      -1.73977971    
   1.77402687      -1.73403680    
   1.77502692      -1.72829175    
   1.77602696      -1.72254372    
   1.77702701      -1.71679223    
   1.77802706      -1.71103859    
   1.77902710      -1.70528221    
   1.78002715      -1.69952488    
   1.78102720      -1.69376433    
   1.78202724      -1.68800330    
   1.78302729      -1.68223929    
   1.78402734      -1.67647529    
   1.78502738      -1.67071021    
   1.78602743      -1.66494524    
   1.78702748      -1.65917754    
   1.78802752      -1.65341163    
   1.78902757      -1.64764440    
   1.79002762      -1.64187777    
   1.79102767      -1.63611162    
   1.79202771      -1.63034618    
   1.79302776      -1.62458038    
   1.79402781      -1.61881769    
   1.79502785      -1.61305380    
   1.79602790      -1.60729313    
   1.79702795      -1.60153294    
   1.79802799      -1.59577441    
   1.79902804      -1.59001887    
   1.80002809      -1.58426452    
   1.80102813      -1.57851303    
   1.80202818      -1.57276416    
   1.80302823      -1.56701684    
   1.80402827      -1.56127381    
   1.80502832      -1.55553365    
   1.80602837      -1.54979563    
   1.80702841      -1.54406142    
   1.80802846      -1.53833139    
   1.80902851      -1.53260422    
   1.81002855      -1.52688146    
   1.81102860      -1.52116358    
   1.81202865      -1.51544869    
   1.81302869      -1.50973845    
   1.81402874      -1.50403237    
   1.81502879      -1.49833167    
   1.81602883      -1.49263597    
   1.81702888      -1.48694456    
   1.81802893      -1.48125839    
   1.81902897      -1.47557843    
   1.82002902      -1.46990347    
   1.82102907      -1.46423364    
   1.82202911      -1.45856929    
   1.82302916      -1.45291245    
   1.82402921      -1.44726014    
   1.82502925      -1.44161391    
   1.82602930      -1.43597472    
   1.82702935      -1.43034136    
   1.82802939      -1.42471468    
   1.82902944      -1.41909349    
   1.83002949      -1.41348100    
   1.83102953      -1.40787446    
   1.83202958      -1.40227485    
   1.83302963      -1.39668250    
   1.83402967      -1.39109766    
   1.83502972      -1.38551998    
   1.83602977      -1.37994957    
   1.83702981      -1.37438691    
   1.83802986      -1.36883128    
   1.83902991      -1.36328483    
   1.84002995      -1.35774577    
   1.84103000      -1.35221434    
   1.84203005      -1.34669125    
   1.84303010      -1.34117615    
   1.84403014      -1.33566999    
   1.84503019      -1.33017159    
   1.84603024      -1.32468164    
   1.84703028      -1.31920063    
   1.84803033      -1.31372845    
   1.84903038      -1.30826414    
   1.85003042      -1.30280972    
   1.85103047      -1.29736447    
   1.85203052      -1.29192734    
   1.85303056      -1.28650010    
   1.85403061      -1.28108072    
   1.85503066      -1.27567160    
   1.85603070      -1.27027237    
   1.85703075      -1.26488042    
   1.85803080      -1.25950122    
   1.85903084      -1.25412977    
   1.86003089      -1.24876761    
   1.86103094      -1.24341583    
   1.86203098      -1.23807454    
   1.86303103      -1.23274243    
   1.86403108      -1.22741985    
   1.86503112      -1.22210693    
   1.86603117      -1.21680546    
   1.86703122      -1.21151412    
   1.86803126      -1.20623207    
   1.86903131      -1.20096087    
   1.87003136      -1.19569933    
   1.87103140      -1.19044793    
   1.87203145      -1.18520772    
   1.87303150      -1.17997837    
   1.87403154      -1.17475784    
   1.87503159      -1.16954994    
   1.87603164      -1.16435134    
   1.87703168      -1.15916479    
   1.87803173      -1.15398777    
   1.87903178      -1.14882183    
   1.88003182      -1.14366698    
   1.88103187      -1.13852215    
   1.88203192      -1.13338959    
   1.88303196      -1.12826681    
   1.88403201      -1.12315619    
   1.88503206      -1.11805594    
   1.88603210      -1.11296690    
   1.88703215      -1.10788882    
   1.88803220      -1.10282254    
   1.88903224      -1.09776700    
   1.89003229      -1.09272301    
   1.89103234      -1.08768940    
   1.89203238      -1.08266854    
   1.89303243      -1.07765782    
   1.89403248      -1.07265937    
   1.89503253      -1.06767166    
   1.89603257      -1.06269491    
   1.89703262      -1.05773079    
   1.89803267      -1.05277777    
   1.89903271      -1.04783654    
   1.90003276      -1.04290640    
   1.90103281      -1.03798807    
   1.90203285      -1.03308129    
   1.90303290      -1.02818573    
   1.90403295      -1.02330279    
   1.90503299      -1.01843071    
   1.90603304      -1.01357067    
   1.90703309      -1.00872231    
   1.90803313      -1.00388551    
   1.90903318     -0.999060333    
   1.91003323     -0.994247317    
   1.91103327     -0.989445448    
   1.91203332     -0.984655797    
   1.91303337     -0.979878128    
   1.91403341     -0.975111604    
   1.91503346     -0.970357776    
   1.91603351     -0.965615332    
   1.91703355     -0.960884988    
   1.91803360     -0.956166148    
   1.91903365     -0.951459587    
   1.92003369     -0.946764946    
   1.92103374     -0.942081511    
   1.92203379     -0.937410474    
   1.92303383     -0.932751417    
   1.92403388     -0.928104281    
   1.92503393     -0.923468649    
   1.92603397     -0.918845177    
   1.92703402     -0.914234281    
   1.92803407     -0.909634292    
   1.92903411     -0.905046821    
   1.93003416     -0.900471032    
   1.93103421     -0.895907640    
   1.93203425     -0.891355455    
   1.93303430     -0.886816263    
   1.93403435     -0.882288635    
   1.93503439     -0.877772450    
   1.93603444     -0.873268902    
   1.93703449     -0.868776560    
   1.93803453     -0.864296675    
   1.93903458     -0.859828889    
   1.94003463     -0.855372131    
   1.94103467     -0.850928545    
   1.94203472     -0.846496224    
   1.94303477     -0.842075706    
   1.94403481     -0.837667167    
   1.94503486     -0.833270311    
   1.94603491     -0.828886271    
   1.94703496     -0.824513435    
   1.94803500     -0.820152581    
   1.94903505     -0.815804005    
   1.95003510     -0.811467290    
   1.95103514     -0.807142138    
   1.95203519     -0.802828789    
   1.95303524     -0.798527539    
   1.95403528     -0.794237852    
   1.95503533     -0.789960206    
   1.95603538     -0.785694122    
   1.95703542     -0.781440377    
   1.95803547     -0.777198315    
   1.95903552     -0.772968113    
   1.96003556     -0.768749118    
   1.96103561     -0.764542460    
   1.96203566     -0.760347545    
   1.96303570     -0.756163895    
   1.96403575     -0.751992285    
   1.96503580     -0.747833192    
   1.96603584     -0.743684828    
   1.96703589     -0.739548326    
   1.96803594     -0.735423505    
   1.96903598     -0.731310427    
   1.97003603     -0.727209091    
   1.97103608     -0.723119080    
   1.97203612     -0.719040871    
   1.97303617     -0.714974105    
   1.97403622     -0.710919082    
   1.97503626     -0.706875682    
   1.97603631     -0.702843666    
   1.97703636     -0.698823512    
   1.97803640     -0.694814444    
   1.97903645     -0.690817416    
   1.98003650     -0.686831057    
   1.98103654     -0.682856977    
   1.98203659     -0.678893864    
   1.98303664     -0.674942434    
   1.98403668     -0.671002328    
   1.98503673     -0.667073429    
   1.98603678     -0.663156271    
   1.98703682     -0.659249961    
   1.98803687     -0.655355513    
   1.98903692     -0.651471853    
   1.99003696     -0.647599876    
   1.99103701     -0.643739104    
   1.99203706     -0.639889181    
   1.99303710     -0.636050940    
   1.99403715     -0.632223725    
   1.99503720     -0.628407657    
   1.99603724     -0.624602735    
   1.99703729     -0.620808959    
   1.99803734     -0.617026091    
   1.99903738     -0.613254666    
   2.00003743     -0.609494269    
   2.00103736     -0.605745137    
   2.00203729     -0.602007151    
   2.00303721     -0.598280013    
   2.00403714     -0.594563544    
   2.00503707     -0.590858698    
   2.00603700     -0.587164164    
   2.00703692     -0.583480835    
   2.00803685     -0.579808235    
   2.00903678     -0.576146543    
   2.01003671     -0.572495878    
   2.01103663     -0.568855643    
   2.01203656     -0.565226495    
   2.01303649     -0.561607718    
   2.01403642     -0.558000147    
   2.01503634     -0.554403126    
   2.01603627     -0.550816655    
   2.01703620     -0.547241092    
   2.01803613     -0.543675721    
   2.01903605     -0.540121257    
   2.02003598     -0.536577284    
   2.02103591     -0.533044159    
   2.02203584     -0.529521227    
   2.02303576     -0.526008666    
   2.02403569     -0.522507012    
   2.02503562     -0.519015431    
   2.02603555     -0.515534520    
   2.02703547     -0.512063980    
   2.02803540     -0.508603692    
   2.02903533     -0.505153835    
   2.03003526     -0.501714289    
   2.03103518     -0.498285145    
   2.03203511     -0.494865865    
   2.03303504     -0.491457433    
   2.03403497     -0.488058835    
   2.03503489     -0.484670490    
   2.03603482     -0.481292546    
   2.03703475     -0.477924228    
   2.03803468     -0.474566430    
   2.03903461     -0.471218646    
   2.04003453     -0.467880785    
   2.04103446     -0.464553207    
   2.04203439     -0.461235195    
   2.04303432     -0.457927555    
   2.04403424     -0.454629779    
   2.04503417     -0.451341659    
   2.04603410     -0.448063701    
   2.04703403     -0.444795668    
   2.04803395     -0.441537172    
   2.04903388     -0.438288718    
   2.05003381     -0.435050040    
   2.05103374     -0.431821227    
   2.05203366     -0.428601950    
   2.05303359     -0.425392389    
   2.05403352     -0.422192633    
   2.05503345     -0.419002593    
   2.05603337     -0.415821701    
   2.05703330     -0.412650943    
   2.05803323     -0.409489483    
   2.05903316     -0.406337500    
   2.06003308     -0.403195113    
   2.06103301     -0.400062323    
   2.06203294     -0.396938920    
   2.06303287     -0.393824995    
   2.06403279     -0.390720487    
   2.06503272     -0.387625366    
   2.06603265     -0.384539455    
   2.06703258     -0.381462932    
   2.06803250     -0.378395677    
   2.06903243     -0.375337720    
   2.07003236     -0.372289062    
   2.07103229     -0.369249612    
   2.07203221     -0.366219103    
   2.07303214     -0.363198012    
   2.07403207     -0.360185981    
   2.07503200     -0.357183039    
   2.07603192     -0.354189098    
   2.07703185     -0.351204395    
   2.07803178     -0.348228544    
   2.07903171     -0.345261753    
   2.08003163     -0.342303902    
   2.08103156     -0.339354992    
   2.08203149     -0.336415112    
   2.08303142     -0.333483994    
   2.08403134     -0.330561697    
   2.08503127     -0.327648282    
   2.08603120     -0.324743658    
   2.08703113     -0.321847916    
   2.08803105     -0.318960696    
   2.08903098     -0.316082358    
   2.09003091     -0.313212574    
   2.09103084     -0.310351551    
   2.09203076     -0.307499260    
   2.09303069     -0.304655582    
   2.09403062     -0.301820487    
   2.09503055     -0.298993796    
   2.09603047     -0.296175629    
   2.09703040     -0.293366045    
   2.09803033     -0.290565073    
   2.09903026     -0.287772328    
   2.10003018     -0.284988135    
   2.10103011     -0.282212228    
   2.10203004     -0.279444903    
   2.10302997     -0.276685745    
   2.10402989     -0.273934931    
   2.10502982     -0.271192491    
   2.10602975     -0.268458307    
   2.10702968     -0.265732288    
   2.10802960     -0.263014615    
   2.10902953     -0.260304987    
   2.11002946     -0.257603526    
   2.11102939     -0.254910260    
   2.11202931     -0.252225012    
   2.11302924     -0.249547988    
   2.11402917     -0.246878892    
   2.11502910     -0.244217932    
   2.11602902     -0.241564915    
   2.11702895     -0.238919869    
   2.11802888     -0.236282751    
   2.11902881     -0.233653605    
   2.12002873     -0.231032386    
   2.12102866     -0.228419006    
   2.12202859     -0.225813478    
   2.12302852     -0.223215744    
   2.12402844     -0.220625848    
   2.12502837     -0.218043685    
   2.12602830     -0.215469226    
   2.12702823     -0.212902606    
   2.12802815     -0.210343599    
   2.12902808     -0.207792252    
   2.13002801     -0.205248639    
   2.13102794     -0.202712566    
   2.13202786     -0.200184122    
   2.13302779     -0.197663233    
   2.13402772     -0.195149899    
   2.13502765     -0.192644089    
   2.13602757     -0.190145776    
   2.13702750     -0.187654912    
   2.13802743     -0.185171440    
   2.13902736     -0.182695463    
   2.14002728     -0.180226877    
   2.14102721     -0.177765623    
   2.14202714     -0.175311744    
   2.14302707     -0.172865197    
   2.14402699     -0.170425922    
   2.14502692     -0.167993888    
   2.14602685     -0.165569156    
   2.14702678     -0.163151681    
   2.14802670     -0.160741284    
   2.14902663     -0.158338130    
   2.15002656     -0.155942097    
   2.15102649     -0.153553262    
   2.15202641     -0.151171505    
   2.15302634     -0.148796842    
   2.15402627     -0.146429226    
   2.15502620     -0.144068599    
   2.15602612     -0.141714960    
   2.15702605     -0.139368325    
   2.15802598     -0.137028679    
   2.15902591     -0.134695977    
   2.16002584     -0.132370174    
   2.16102576     -0.130051270    
   2.16202569     -0.127739176    
   2.16302562     -0.125433981    
   2.16402555     -0.123135597    
   2.16502547     -0.120844021    
   2.16602540     -0.118559204    
   2.16702533     -0.116281144    
   2.16802526     -0.114009798    
   2.16902518     -0.111745179    
   2.17002511     -0.109487228    
   2.17102504     -0.107235923    
   2.17202497     -0.104991265    
   2.17302489     -0.102753237    
   2.17402482     -0.100521773    
   2.17502475      -9.82969105E-02
   2.17602468      -9.60785449E-02
   2.17702460      -9.38667580E-02
   2.17802453      -9.16614383E-02
   2.17902446      -8.94626155E-02
   2.18002439      -8.72702450E-02
   2.18102431      -8.50843191E-02
   2.18202424      -8.29047859E-02
   2.18302417      -8.07316676E-02
   2.18402410      -7.85648823E-02
   2.18502402      -7.64044970E-02
   2.18602395      -7.42503852E-02
   2.18702388      -7.21026212E-02
   2.18802381      -6.99611306E-02
   2.18902373      -6.78258762E-02
   2.19002366      -6.56968877E-02
   2.19102359      -6.35741130E-02
   2.19202352      -6.14575148E-02
   2.19302344      -5.93471043E-02
   2.19402337      -5.72428443E-02
   2.19502330      -5.51447198E-02
   2.19602323      -5.30527197E-02
   2.19702315      -5.09667918E-02
   2.19802308      -4.88869473E-02
   2.19902301      -4.68131527E-02
   2.20002294      -4.47453745E-02
   2.20102286      -4.26836200E-02
   2.20202279      -4.06278409E-02
   2.20302272      -3.85780223E-02
   2.20402265      -3.65341678E-02
   2.20502257      -3.44962254E-02
   2.20602250      -3.24641801E-02
   2.20702243      -3.04380339E-02
   2.20802236      -2.84177437E-02
   2.20902228      -2.64033042E-02
   2.21002221      -2.43946798E-02
   2.21102214      -2.23918669E-02
   2.21202207      -2.03948375E-02
   2.21302199      -1.84035711E-02
   2.21402192      -1.64180491E-02
   2.21502185      -1.44382464E-02
   2.21602178      -1.24641517E-02
   2.21702170      -1.04957428E-02
   2.21802163      -8.53299443E-03
   2.21902156      -6.57589454E-03
   2.22002149      -4.62441845E-03
   2.22102141      -2.67854962E-03
   2.22202134      -7.38267961E-04
   2.22302127       1.19644636E-03
   2.22402120       3.12561123E-03
   2.22502112       5.04924823E-03
   2.22602105       6.96737319E-03
   2.22702098       8.88000987E-03
   2.22802091       1.07871704E-02
   2.22902083       1.26888780E-02
   2.23002076       1.45851532E-02
   2.23102069       1.64760146E-02
   2.23202062       1.83614753E-02
   2.23302054       2.02415623E-02
   2.23402047       2.21162811E-02
   2.23502040       2.39856616E-02
   2.23602033       2.58497242E-02
   2.23702025       2.77084820E-02
   2.23802018       2.95619462E-02
   2.23902011       3.14101577E-02
   2.24002004       3.32531035E-02
   2.24101996       3.50908265E-02
   2.24201989       3.69233340E-02
   2.24301982       3.87506448E-02
   2.24401975       4.05727848E-02
   2.24501967       4.23897505E-02
   2.24601960       4.42015976E-02
   2.24701953       4.60083075E-02
   2.24801946       4.78099063E-02
   2.24901938       4.96064276E-02
   2.25001931       5.13978675E-02
   2.25101924       5.31842709E-02
   2.25201917       5.49656115E-02
   2.25301909       5.67419454E-02
   2.25401902       5.85132800E-02
   2.25501895       6.02796301E-02
   2.25601888       6.20409958E-02
   2.25701880       6.37974441E-02
   2.25801873       6.55489489E-02
   2.25901866       6.72955438E-02
   2.26001859       6.90372288E-02
   2.26101851       7.07740337E-02
   2.26201844       7.25059584E-02
   2.26301837       7.42330700E-02
   2.26401830       7.59553239E-02
   2.26501822       7.76727647E-02
   2.26601815       7.93854371E-02
   2.26701808       8.10932815E-02
   2.26801801       8.27963948E-02
   2.26901793       8.44947398E-02
   2.27001786       8.61883685E-02
   2.27101779       8.78772661E-02
   2.27201772       8.95614475E-02
   2.27301764       9.12409946E-02
   2.27401757       9.29158404E-02
   2.27501750       9.45860520E-02
   2.27601743       9.62516218E-02
   2.27701735       9.79125500E-02
   2.27801728       9.95689109E-02
   2.27901721      0.101220660    
   2.28001714      0.102867842    
   2.28101707      0.104510486    
   2.28201699      0.106148548    
   2.28301692      0.107782118    
   2.28401685      0.109411180    
   2.28501678      0.111035727    
   2.28601670      0.112655841    
   2.28701663      0.114271417    
   2.28801656      0.115882590    
   2.28901649      0.117489316    
   2.29001641      0.119091652    
   2.29101634      0.120689571    
   2.29201627      0.122283123    
   2.29301620      0.123872273    
   2.29401612      0.125457048    
   2.29501605      0.127037510    
   2.29601598      0.128613636    
   2.29701591      0.130185425    
   2.29801583      0.131752953    
   2.29901576      0.133316204    
   2.30001569      0.134875178    
   2.30101562      0.136429891    
   2.30201554      0.137980387    
   2.30301547      0.139526621    
   2.30401540      0.141068652    
   2.30501533      0.142606497    
   2.30601525      0.144140184    
   2.30701518      0.145669654    
   2.30801511      0.147194967    
   2.30901504      0.148716211    
   2.31001496      0.150233269    
   2.31101489      0.151746258    
   2.31201482      0.153255120    
   2.31301475      0.154759899    
   2.31401467      0.156260580    
   2.31501460      0.157757282    
   2.31601453      0.159249946    
   2.31701446      0.160738498    
   2.31801438      0.162223041    
   2.31901431      0.163703650    
   2.32001424      0.165180236    
   2.32101417      0.166652873    
   2.32201409      0.168121532    
   2.32301402      0.169586271    
   2.32401395      0.171047002    
   2.32501388      0.172503918    
   2.32601380      0.173956856    
   2.32701373      0.175405890    
   2.32801366      0.176851094    
   2.32901359      0.178292423    
   2.33001351      0.179729924    
   2.33101344      0.181163475    
   2.33201337      0.182593301    
   2.33301330      0.184019297    
   2.33401322      0.185441509    
   2.33501315      0.186859891    
   2.33601308      0.188274443    
   2.33701301      0.189685300    
   2.33801293      0.191092402    
   2.33901286      0.192495823    
   2.34001279      0.193895444    
   2.34101272      0.195291325    
   2.34201264      0.196683601    
   2.34301257      0.198072180    
   2.34401250      0.199456975    
   2.34501243      0.200838193    
   2.34601235      0.202215701    
   2.34701228      0.203589648    
   2.34801221      0.204959929    
   2.34901214      0.206326619    
   2.35001206      0.207689613    
   2.35101199      0.209049165    
   2.35201192      0.210405111    
   2.35301185      0.211757392    
   2.35401177      0.213106200    
   2.35501170      0.214451447    
   2.35601163      0.215793148    
   2.35701156      0.217131361    
   2.35801148      0.218466043    
   2.35901141      0.219797239    
   2.36001134      0.221124962    
   2.36101127      0.222449228    
   2.36201119      0.223769993    
   2.36301112      0.225087345    
   2.36401105      0.226401299    
   2.36501098      0.227711692    
   2.36601090      0.229018778    
   2.36701083      0.230322406    
   2.36801076      0.231622651    
   2.36901069      0.232919574    
   2.37001061      0.234213039    
   2.37101054      0.235503301    
   2.37201047      0.236790076    
   2.37301040      0.238073498    
   2.37401032      0.239353672    
   2.37501025      0.240630507    
   2.37601018      0.241904125    
   2.37701011      0.243174374    
   2.37801003      0.244441345    
   2.37900996      0.245705053    
   2.38000989      0.246965468    
   2.38100982      0.248222664    
   2.38200974      0.249476686    
   2.38300967      0.250727415    
   2.38400960      0.251974881    
   2.38500953      0.253219306    
   2.38600945      0.254460365    
   2.38700938      0.255698353    
   2.38800931      0.256933123    
   2.38900924      0.258164734    
   2.39000916      0.259393185    
   2.39100909      0.260618567    
   2.39200902      0.261840731    
   2.39300895      0.263059825    
   2.39400887      0.264275759    
   2.39500880      0.265488654    
   2.39600873      0.266698360    
   2.39700866      0.267905056    
   2.39800858      0.269108683    
   2.39900851      0.270309240    
   2.40000844      0.271506757    
   2.40100837      0.272701204    
   2.40200830      0.273892671    
   2.40300822      0.275081068    
   2.40400815      0.276266456    
   2.40500808      0.277448863    
   2.40600801      0.278628379    
   2.40700793      0.279804796    
   2.40800786      0.280978203    
   2.40900779      0.282148749    
   2.41000772      0.283316255    
   2.41100764      0.284480929    
   2.41200757      0.285642534    
   2.41300750      0.286801368    
   2.41400743      0.287957251    
   2.41500735      0.289110243    
   2.41600728      0.290260196    
   2.41700721      0.291407377    
   2.41800714      0.292551696    
   2.41900706      0.293693185    
   2.42000699      0.294831723    
   2.42100692      0.295967370    
   2.42200685      0.297100306    
   2.42300677      0.298230410    
   2.42400670      0.299357623    
   2.42500663      0.300481975    
   2.42600656      0.301603705    
   2.42700648      0.302722573    
   2.42800641      0.303838581    
   2.42900634      0.304951876    
   2.43000627      0.306062430    
   2.43100619      0.307170123    
   2.43200612      0.308275223    
   2.43300605      0.309377462    
   2.43400598      0.310476959    
   2.43500590      0.311573774    
   2.43600583      0.312667996    
   2.43700576      0.313759357    
   2.43800569      0.314848125    
   2.43900561      0.315934092    
   2.44000554      0.317017466    
   2.44100547      0.318098158    
   2.44200540      0.319176227    
   2.44300532      0.320251524    
   2.44400525      0.321324319    
   2.44500518      0.322394401    
   2.44600511      0.323461860    
   2.44700503      0.324526757    
   2.44800496      0.325588942    
   2.44900489      0.326648653    
   2.45000482      0.327705652    
   2.45100474      0.328760147    
   2.45200467      0.329811960    
   2.45300460      0.330861300    
   2.45400453      0.331908077    
   2.45500445      0.332952291    
   2.45600438      0.333993912    
   2.45700431      0.335033059    
   2.45800424      0.336069703    
   2.45900416      0.337103695    
   2.46000409      0.338135302    
   2.46100402      0.339164317    
   2.46200395      0.340190947    
   2.46300387      0.341214985    
   2.46400380      0.342236578    
   2.46500373      0.343255758    
   2.46600366      0.344272375    
   2.46700358      0.345286638    
   2.46800351      0.346298337    
   2.46900344      0.347307742    
   2.47000337      0.348314583    
   2.47100329      0.349319041    
   2.47200322      0.350321114    
   2.47300315      0.351320773    
   2.47400308      0.352317959    
   2.47500300      0.353312820    
   2.47600293      0.354305387    
   2.47700286      0.355295479    
   2.47800279      0.356283188    
   2.47900271      0.357268453    
   2.48000264      0.358251482    
   2.48100257      0.359232128    
   2.48200250      0.360210389    
   2.48300242      0.361186385    
   2.48400235      0.362160027    
   2.48500228      0.363131344    
   2.48600221      0.364100367    
   2.48700213      0.365067035    
   2.48800206      0.366031438    
   2.48900199      0.366993546    
   2.49000192      0.367953390    
   2.49100184      0.368910939    
   2.49200177      0.369866163    
   2.49300170      0.370819211    
   2.49400163      0.371770024    
   2.49500155      0.372718483    
   2.49600148      0.373664737    
   2.49700141      0.374608755    
   2.49800134      0.375550538    
   2.49900126      0.376490116    
