   0.00000000            -Infinity
   1.00000005E-03   24.5398865    
   2.00000009E-03   15.1810484    
   3.00000003E-03   11.4861870    
   4.00000019E-03   9.43723297    
   5.00000035E-03   8.11188221    
   6.00000052E-03   7.17458773    
   7.00000068E-03   6.47179365    
   8.00000038E-03   5.92255592    
   9.00000054E-03   5.47986412    
   1.00000007E-02   5.11441088    
   1.10000009E-02   4.80690575    
   1.20000010E-02   4.54409456    
   1.30000012E-02   4.31654882    
   1.40000014E-02   4.11736393    
   1.50000015E-02   3.94135976    
   1.60000008E-02   3.78456879    
   1.70000009E-02   3.64389658    
   1.80000011E-02   3.51689100    
   1.90000013E-02   3.40158367    
   2.00000014E-02   3.29637480    
   2.10000016E-02   3.19994664    
   2.20000017E-02   3.11120772    
   2.30000019E-02   3.02924252    
   2.40000021E-02   2.95327902    
   2.50000022E-02   2.88266015    
   2.60000024E-02   2.81682229    
   2.70000026E-02   2.75528169    
   2.80000027E-02   2.69761753    
   2.90000029E-02   2.64346361    
   3.00000031E-02   2.59249949    
   3.10000032E-02   2.54444337    
   3.20000015E-02   2.49904633    
   3.29999998E-02   2.45608735    
   3.39999981E-02   2.41536975    
   3.49999964E-02   2.37671804    
   3.59999947E-02   2.33997488    
   3.69999930E-02   2.30499840    
   3.79999913E-02   2.27166128    
   3.89999896E-02   2.23984790    
   3.99999879E-02   2.20945382    
   4.09999862E-02   2.18038440    
   4.19999845E-02   2.15255237    
   4.29999828E-02   2.12587881    
   4.39999811E-02   2.10029125    
   4.49999794E-02   2.07572365    
   4.59999777E-02   2.05211496    
   4.69999760E-02   2.02940893    
   4.79999743E-02   2.00755358    
   4.89999726E-02   1.98650169    
   4.99999709E-02   1.96620858    
   5.09999692E-02   1.94663334    
   5.19999675E-02   1.92773783    
   5.29999658E-02   1.90948665    
   5.39999641E-02   1.89184737    
   5.49999624E-02   1.87478888    
   5.59999608E-02   1.85828269    
   5.69999591E-02   1.84230173    
   5.79999574E-02   1.82682157    
   5.89999557E-02   1.81181836    
   5.99999540E-02   1.79727030    
   6.09999523E-02   1.78315711    
   6.19999506E-02   1.76945841    
   6.29999489E-02   1.75615692    
   6.39999509E-02   1.74323475    
   6.49999529E-02   1.73067653    
   6.59999549E-02   1.71846652    
   6.69999570E-02   1.70659065    
   6.79999590E-02   1.69503474    
   6.89999610E-02   1.68378651    
   6.99999630E-02   1.67283344    
   7.09999651E-02   1.66216421    
   7.19999671E-02   1.65176737    
   7.29999691E-02   1.64163315    
   7.39999712E-02   1.63175166    
   7.49999732E-02   1.62211311    
   7.59999752E-02   1.61270905    
   7.69999772E-02   1.60353076    
   7.79999793E-02   1.59457040    
   7.89999813E-02   1.58581984    
   7.99999833E-02   1.57727265    
   8.09999853E-02   1.56892109    
   8.19999874E-02   1.56075871    
   8.29999894E-02   1.55277908    
   8.39999914E-02   1.54497623    
   8.49999934E-02   1.53734446    
   8.59999955E-02   1.52987802    
   8.69999975E-02   1.52257180    
   8.79999995E-02   1.51542068    
   8.90000015E-02   1.50841975    
   9.00000036E-02   1.50156415    
   9.10000056E-02   1.49484992    
   9.20000076E-02   1.48827231    
   9.30000097E-02   1.48182714    
   9.40000117E-02   1.47551084    
   9.50000137E-02   1.46931958    
   9.60000157E-02   1.46324921    
   9.70000178E-02   1.45729685    
   9.80000198E-02   1.45145881    
   9.90000218E-02   1.44573200    
  0.100000024       1.44011319    
  0.101000026       1.43459940    
  0.102000028       1.42918801    
  0.103000030       1.42387569    
  0.104000032       1.41866016    
  0.105000034       1.41353869    
  0.106000036       1.40850902    
  0.107000038       1.40356815    
  0.108000040       1.39871442    
  0.109000042       1.39394522    
  0.110000044       1.38925838    
  0.111000046       1.38465202    
  0.112000048       1.38012385    
  0.113000050       1.37567222    
  0.114000052       1.37129509    
  0.115000054       1.36699045    
  0.116000056       1.36275685    
  0.117000058       1.35859227    
  0.118000060       1.35449529    
  0.119000062       1.35046434    
  0.120000064       1.34649754    
  0.121000066       1.34259379    
  0.122000068       1.33875144    
  0.123000070       1.33496892    
  0.124000072       1.33124518    
  0.125000075       1.32757866    
  0.126000077       1.32396829    
  0.127000079       1.32041240    
  0.128000081       1.31691027    
  0.129000083       1.31346047    
  0.130000085       1.31006193    
  0.131000087       1.30671322    
  0.132000089       1.30341363    
  0.133000091       1.30016220    
  0.134000093       1.29695749    
  0.135000095       1.29379892    
  0.136000097       1.29068530    
  0.137000099       1.28761578    
  0.138000101       1.28458917    
  0.139000103       1.28160536    
  0.140000105       1.27866244    
  0.141000107       1.27576041    
  0.142000109       1.27289796    
  0.143000111       1.27007449    
  0.144000113       1.26728928    
  0.145000115       1.26454139    
  0.146000117       1.26183033    
  0.147000119       1.25915527    
  0.148000121       1.25651550    
  0.149000123       1.25391018    
  0.150000125       1.25133884    
  0.151000127       1.24880087    
  0.152000129       1.24629557    
  0.153000131       1.24382246    
  0.154000133       1.24138069    
  0.155000135       1.23896980    
  0.156000137       1.23658919    
  0.157000139       1.23423851    
  0.158000141       1.23191702    
  0.159000143       1.22962427    
  0.160000145       1.22735941    
  0.161000147       1.22512245    
  0.162000149       1.22291243    
  0.163000152       1.22072935    
  0.164000154       1.21857238    
  0.165000156       1.21644127    
  0.166000158       1.21433544    
  0.167000160       1.21225441    
  0.168000162       1.21019804    
  0.169000164       1.20816565    
  0.170000166       1.20615685    
  0.171000168       1.20417118    
  0.172000170       1.20220852    
  0.173000172       1.20026815    
  0.174000174       1.19834983    
  0.175000176       1.19645333    
  0.176000178       1.19457829    
  0.177000180       1.19272411    
  0.178000182       1.19089067    
  0.179000184       1.18907750    
  0.180000186       1.18728435    
  0.181000188       1.18551087    
  0.182000190       1.18375683    
  0.183000192       1.18202174    
  0.184000194       1.18030548    
  0.185000196       1.17860758    
  0.186000198       1.17692780    
  0.187000200       1.17526603    
  0.188000202       1.17362189    
  0.189000204       1.17199504    
  0.190000206       1.17038500    
  0.191000208       1.16879213    
  0.192000210       1.16721570    
  0.193000212       1.16565549    
  0.194000214       1.16411150    
  0.195000216       1.16258311    
  0.196000218       1.16107059    
  0.197000220       1.15957308    
  0.198000222       1.15809095    
  0.199000224       1.15662384    
  0.200000226       1.15517116    
  0.201000229       1.15373278    
  0.202000231       1.15230894    
  0.203000233       1.15089905    
  0.204000235       1.14950287    
  0.205000237       1.14812064    
  0.206000239       1.14675164    
  0.207000241       1.14539587    
  0.208000243       1.14405322    
  0.209000245       1.14272344    
  0.210000247       1.14140630    
  0.211000249       1.14010191    
  0.212000251       1.13880968    
  0.213000253       1.13752973    
  0.214000255       1.13626170    
  0.215000257       1.13500559    
  0.216000259       1.13376129    
  0.217000261       1.13252831    
  0.218000263       1.13130665    
  0.219000265       1.13009620    
  0.220000267       1.12889707    
  0.221000269       1.12770867    
  0.222000271       1.12653100    
  0.223000273       1.12536407    
  0.224000275       1.12420750    
  0.225000277       1.12306130    
  0.226000279       1.12192535    
  0.227000281       1.12079954    
  0.228000283       1.11968350    
  0.229000285       1.11857736    
  0.230000287       1.11748087    
  0.231000289       1.11639392    
  0.232000291       1.11531651    
  0.233000293       1.11424839    
  0.234000295       1.11318934    
  0.235000297       1.11213934    
  0.236000299       1.11109853    
  0.237000301       1.11006641    
  0.238000304       1.10904300    
  0.239000306       1.10802841    
  0.240000308       1.10702240    
  0.241000310       1.10602438    
  0.242000312       1.10503495    
  0.243000314       1.10405362    
  0.244000316       1.10308051    
  0.245000318       1.10211515    
  0.246000320       1.10115814    
  0.247000322       1.10020864    
  0.248000324       1.09926677    
  0.249000326       1.09833276    
  0.250000328       1.09740603    
  0.251000315       1.09648693    
  0.252000302       1.09557521    
  0.253000289       1.09467065    
  0.254000276       1.09377325    
  0.255000263       1.09288299    
  0.256000251       1.09199965    
  0.257000238       1.09112334    
  0.258000225       1.09025383    
  0.259000212       1.08939099    
  0.260000199       1.08853495    
  0.261000186       1.08768547    
  0.262000173       1.08684254    
  0.263000160       1.08600593    
  0.264000148       1.08517587    
  0.265000135       1.08435214    
  0.266000122       1.08353436    
  0.267000109       1.08272290    
  0.268000096       1.08191752    
  0.269000083       1.08111799    
  0.270000070       1.08032477    
  0.271000057       1.07953715    
  0.272000045       1.07875538    
  0.273000032       1.07797956    
  0.274000019       1.07720912    
  0.275000006       1.07644451    
  0.275999993       1.07568538    
  0.276999980       1.07493174    
  0.277999967       1.07418358    
  0.278999954       1.07344079    
  0.279999942       1.07270324    
  0.280999929       1.07197094    
  0.281999916       1.07124388    
  0.282999903       1.07052195    
  0.283999890       1.06980515    
  0.284999877       1.06909335    
  0.285999864       1.06838632    
  0.286999851       1.06768453    
  0.287999839       1.06698728    
  0.288999826       1.06629503    
  0.289999813       1.06560755    
  0.290999800       1.06492484    
  0.291999787       1.06424677    
  0.292999774       1.06357300    
  0.293999761       1.06290412    
  0.294999748       1.06223965    
  0.295999736       1.06157970    
  0.296999723       1.06092429    
  0.297999710       1.06027305    
  0.298999697       1.05962610    
  0.299999684       1.05898368    
  0.300999671       1.05834532    
  0.301999658       1.05771101    
  0.302999645       1.05708098    
  0.303999633       1.05645514    
  0.304999620       1.05583322    
  0.305999607       1.05521548    
  0.306999594       1.05460167    
  0.307999581       1.05399168    
  0.308999568       1.05338573    
  0.309999555       1.05278349    
  0.310999542       1.05218518    
  0.311999530       1.05159056    
  0.312999517       1.05099976    
  0.313999504       1.05041265    
  0.314999491       1.04982913    
  0.315999478       1.04924929    
  0.316999465       1.04867303    
  0.317999452       1.04810035    
  0.318999439       1.04753113    
  0.319999427       1.04696536    
  0.320999414       1.04640305    
  0.321999401       1.04584408    
  0.322999388       1.04528868    
  0.323999375       1.04473650    
  0.324999362       1.04418778    
  0.325999349       1.04364216    
  0.326999336       1.04309976    
  0.327999324       1.04256070    
  0.328999311       1.04202473    
  0.329999298       1.04149199    
  0.330999285       1.04096246    
  0.331999272       1.04043579    
  0.332999259       1.03991234    
  0.333999246       1.03939188    
  0.334999233       1.03887451    
  0.335999221       1.03835988    
  0.336999208       1.03784823    
  0.337999195       1.03733969    
  0.338999182       1.03683388    
  0.339999169       1.03633094    
  0.340999156       1.03583086    
  0.341999143       1.03533363    
  0.342999130       1.03483903    
  0.343999118       1.03434718    
  0.344999105       1.03385818    
  0.345999092       1.03337181    
  0.346999079       1.03288817    
  0.347999066       1.03240705    
  0.348999053       1.03192866    
  0.349999040       1.03145278    
  0.350999027       1.03097951    
  0.351999015       1.03050864    
  0.352999002       1.03004038    
  0.353998989       1.02957463    
  0.354998976       1.02911139    
  0.355998963       1.02865064    
  0.356998950       1.02819216    
  0.357998937       1.02773607    
  0.358998924       1.02728248    
  0.359998912       1.02683115    
  0.360998899       1.02638221    
  0.361998886       1.02593553    
  0.362998873       1.02549124    
  0.363998860       1.02504921    
  0.364998847       1.02460933    
  0.365998834       1.02417159    
  0.366998821       1.02373624    
  0.367998809       1.02330303    
  0.368998796       1.02287209    
  0.369998783       1.02244306    
  0.370998770       1.02201641    
  0.371998757       1.02159154    
  0.372998744       1.02116907    
  0.373998731       1.02074850    
  0.374998719       1.02032995    
  0.375998706       1.01991332    
  0.376998693       1.01949894    
  0.377998680       1.01908636    
  0.378998667       1.01867592    
  0.379998654       1.01826727    
  0.380998641       1.01786053    
  0.381998628       1.01745582    
  0.382998616       1.01705313    
  0.383998603       1.01665211    
  0.384998590       1.01625311    
  0.385998577       1.01585567    
  0.386998564       1.01546025    
  0.387998551       1.01506674    
  0.388998538       1.01467490    
  0.389998525       1.01428485    
  0.390998513       1.01389658    
  0.391998500       1.01350999    
  0.392998487       1.01312518    
  0.393998474       1.01274216    
  0.394998461       1.01236069    
  0.395998448       1.01198089    
  0.396998435       1.01160276    
  0.397998422       1.01122642    
  0.398998410       1.01085162    
  0.399998397       1.01047850    
  0.400998384       1.01010704    
  0.401998371       1.00973690    
  0.402998358       1.00936842    
  0.403998345       1.00900173    
  0.404998332       1.00863647    
  0.405998319       1.00827265    
  0.406998307       1.00791049    
  0.407998294       1.00754964    
  0.408998281       1.00719047    
  0.409998268       1.00683260    
  0.410998255       1.00647640    
  0.411998242       1.00612140    
  0.412998229       1.00576806    
  0.413998216       1.00541604    
  0.414998204       1.00506544    
  0.415998191       1.00471628    
  0.416998178       1.00436831    
  0.417998165       1.00402176    
  0.418998152       1.00367677    
  0.419998139       1.00333297    
  0.420998126       1.00299048    
  0.421998113       1.00264931    
  0.422998101       1.00230956    
  0.423998088       1.00197101    
  0.424998075       1.00163388    
  0.425998062       1.00129771    
  0.426998049       1.00096309    
  0.427998036       1.00062966    
  0.428998023       1.00029719    
  0.429998010      0.999966264    
  0.430997998      0.999636412    
  0.431997985      0.999307930    
  0.432997972      0.998980403    
  0.433997959      0.998654068    
  0.434997946      0.998328984    
  0.435997933      0.998005033    
  0.436997920      0.997682214    
  0.437997907      0.997360587    
  0.438997895      0.997040033    
  0.439997882      0.996720612    
  0.440997869      0.996402204    
  0.441997856      0.996084988    
  0.442997843      0.995768905    
  0.443997830      0.995453715    
  0.444997817      0.995139778    
  0.445997804      0.994826674    
  0.446997792      0.994514823    
  0.447997779      0.994203925    
  0.448997766      0.993893921    
  0.449997753      0.993585050    
  0.450997740      0.993277133    
  0.451997727      0.992970169    
  0.452997714      0.992664218    
  0.453997701      0.992359221    
  0.454997689      0.992055237    
  0.455997676      0.991752088    
  0.456997663      0.991449952    
  0.457997650      0.991148651    
  0.458997637      0.990848362    
  0.459997624      0.990548909    
  0.460997611      0.990250528    
  0.461997598      0.989952803    
  0.462997586      0.989656091    
  0.463997573      0.989360332    
  0.464997560      0.989065289    
  0.465997547      0.988771260    
  0.466997534      0.988477886    
  0.467997521      0.988185406    
  0.468997508      0.987893879    
  0.469997495      0.987603068    
  0.470997483      0.987313151    
  0.471997470      0.987023950    
  0.472997457      0.986735582    
  0.473997444      0.986447930    
  0.474997431      0.986161172    
  0.475997418      0.985875130    
  0.476997405      0.985589802    
  0.477997392      0.985305309    
  0.478997380      0.985021532    
  0.479997367      0.984738588    
  0.480997354      0.984456122    
  0.481997341      0.984174550    
  0.482997328      0.983893633    
  0.483997315      0.983613491    
  0.484997302      0.983334064    
  0.485997289      0.983055174    
  0.486997277      0.982777059    
  0.487997264      0.982499659    
  0.488997251      0.982222974    
  0.489997238      0.981946826    
  0.490997225      0.981671512    
  0.491997212      0.981396675    
  0.492997199      0.981122434    
  0.493997186      0.980848789    
  0.494997174      0.980575860    
  0.495997161      0.980303526    
  0.496997148      0.980031848    
  0.497997135      0.979760826    
  0.498997122      0.979490161    
  0.499997109      0.979220212    
  0.500997126      0.978950858    
  0.501997113      0.978682101    
  0.502997100      0.978413761    
  0.503997087      0.978146255    
  0.504997075      0.977879167    
  0.505997062      0.977612495    
  0.506997049      0.977346539    
  0.507997036      0.977080941    
  0.508997023      0.976815879    
  0.509997010      0.976551414    
  0.510996997      0.976287484    
  0.511996984      0.976024091    
  0.512996972      0.975760996    
  0.513996959      0.975498438    
  0.514996946      0.975236416    
  0.515996933      0.974974990    
  0.516996920      0.974713624    
  0.517996907      0.974453151    
  0.518996894      0.974192917    
  0.519996881      0.973933280    
  0.520996869      0.973673880    
  0.521996856      0.973415017    
  0.522996843      0.973156631    
  0.523996830      0.972898662    
  0.524996817      0.972640991    
  0.525996804      0.972383797    
  0.526996791      0.972127140    
  0.527996778      0.971870601    
  0.528996766      0.971614718    
  0.529996753      0.971358895    
  0.530996740      0.971103847    
  0.531996727      0.970848858    
  0.532996714      0.970594406    
  0.533996701      0.970340312    
  0.534996688      0.970086277    
  0.535996675      0.969832957    
  0.536996663      0.969579697    
  0.537996650      0.969326913    
  0.538996637      0.969074428    
  0.539996624      0.968822181    
  0.540996611      0.968570232    
  0.541996598      0.968318820    
  0.542996585      0.968067646    
  0.543996572      0.967816591    
  0.544996560      0.967565954    
  0.545996547      0.967315614    
  0.546996534      0.967065513    
  0.547996521      0.966815710    
  0.548996508      0.966565907    
  0.549996495      0.966316760    
  0.550996482      0.966067851    
  0.551996469      0.965818942    
  0.552996457      0.965570390    
  0.553996444      0.965322018    
  0.554996431      0.965073764    
  0.555996418      0.964826107    
  0.556996405      0.964578450    
  0.557996392      0.964330852    
  0.558996379      0.964083791    
  0.559996367      0.963836670    
  0.560996354      0.963589847    
  0.561996341      0.963343203    
  0.562996328      0.963096738    
  0.563996315      0.962850451    
  0.564996302      0.962604284    
  0.565996289      0.962358296    
  0.566996276      0.962112606    
  0.567996264      0.961866796    
  0.568996251      0.961621344    
  0.569996238      0.961375952    
  0.570996225      0.961130738    
  0.571996212      0.960885584    
  0.572996199      0.960640490    
  0.573996186      0.960395753    
  0.574996173      0.960151017    
  0.575996161      0.959906399    
  0.576996148      0.959661841    
  0.577996135      0.959417343    
  0.578996122      0.959172964    
  0.579996109      0.958928764    
  0.580996096      0.958684564    
  0.581996083      0.958440483    
  0.582996070      0.958196461    
  0.583996058      0.957952321    
  0.584996045      0.957708478    
  0.585996032      0.957464576    
  0.586996019      0.957220674    
  0.587996006      0.956976891    
  0.588995993      0.956733167    
  0.589995980      0.956489444    
  0.590995967      0.956245661    
  0.591995955      0.956002057    
  0.592995942      0.955758333    
  0.593995929      0.955514729    
  0.594995916      0.955271006    
  0.595995903      0.955027282    
  0.596995890      0.954783618    
  0.597995877      0.954539895    
  0.598995864      0.954296112    
  0.599995852      0.954052329    
  0.600995839      0.953808546    
  0.601995826      0.953564703    
  0.602995813      0.953320801    
  0.603995800      0.953076720    
  0.604995787      0.952832818    
  0.605995774      0.952588797    
  0.606995761      0.952344656    
  0.607995749      0.952100277    
  0.608995736      0.951855958    
  0.609995723      0.951611638    
  0.610995710      0.951367199    
  0.611995697      0.951122642    
  0.612995684      0.950877905    
  0.613995671      0.950633228    
  0.614995658      0.950388312    
  0.615995646      0.950143218    
  0.616995633      0.949898064    
  0.617995620      0.949652731    
  0.618995607      0.949407339    
  0.619995594      0.949161708    
  0.620995581      0.948915958    
  0.621995568      0.948670149    
  0.622995555      0.948424160    
  0.623995543      0.948177993    
  0.624995530      0.947931588    
  0.625995517      0.947685063    
  0.626995504      0.947438419    
  0.627995491      0.947191238    
  0.628995478      0.946944237    
  0.629995465      0.946696877    
  0.630995452      0.946449399    
  0.631995440      0.946201503    
  0.632995427      0.945953667    
  0.633995414      0.945705473    
  0.634995401      0.945456922    
  0.635995388      0.945208132    
  0.636995375      0.944959223    
  0.637995362      0.944710016    
  0.638995349      0.944460571    
  0.639995337      0.944210947    
  0.640995324      0.943960905    
  0.641995311      0.943710685    
  0.642995298      0.943460166    
  0.643995285      0.943209231    
  0.644995272      0.942958236    
  0.645995259      0.942706764    
  0.646995246      0.942455053    
  0.647995234      0.942203104    
  0.648995221      0.941950560    
  0.649995208      0.941698015    
  0.650995195      0.941444874    
  0.651995182      0.941191554    
  0.652995169      0.940937817    
  0.653995156      0.940683782    
  0.654995143      0.940429270    
  0.655995131      0.940174401    
  0.656995118      0.939919353    
  0.657995105      0.939663768    
  0.658995092      0.939407766    
  0.659995079      0.939151525    
  0.660995066      0.938894689    
  0.661995053      0.938637495    
  0.662995040      0.938380122    
  0.663995028      0.938122094    
  0.664995015      0.937863648    
  0.665995002      0.937604964    
  0.666994989      0.937345564    
  0.667994976      0.937085748    
  0.668994963      0.936825573    
  0.669994950      0.936565042    
  0.670994937      0.936303914    
  0.671994925      0.936042309    
  0.672994912      0.935780287    
  0.673994899      0.935517788    
  0.674994886      0.935254574    
  0.675994873      0.934991062    
  0.676994860      0.934726954    
  0.677994847      0.934462309    
  0.678994834      0.934197307    
  0.679994822      0.933931649    
  0.680994809      0.933665454    
  0.681994796      0.933398783    
  0.682994783      0.933131456    
  0.683994770      0.932863474    
  0.684994757      0.932595074    
  0.685994744      0.932326078    
  0.686994731      0.932056546    
  0.687994719      0.931786358    
  0.688994706      0.931515336    
  0.689994693      0.931244075    
  0.690994680      0.930972040    
  0.691994667      0.930699468    
  0.692994654      0.930426061    
  0.693994641      0.930152178    
  0.694994628      0.929877520    
  0.695994616      0.929602265    
  0.696994603      0.929326355    
  0.697994590      0.929049730    
  0.698994577      0.928772509    
  0.699994564      0.928494453    
  0.700994551      0.928215683    
  0.701994538      0.927936375    
  0.702994525      0.927656293    
  0.703994513      0.927375436    
  0.704994500      0.927093983    
  0.705994487      0.926811695    
  0.706994474      0.926528633    
  0.707994461      0.926244855    
  0.708994448      0.925960243    
  0.709994435      0.925674915    
  0.710994422      0.925388694    
  0.711994410      0.925101817    
  0.712994397      0.924813986    
  0.713994384      0.924525440    
  0.714994371      0.924236059    
  0.715994358      0.923945844    
  0.716994345      0.923654735    
  0.717994332      0.923362672    
  0.718994319      0.923070014    
  0.719994307      0.922776222    
  0.720994294      0.922481716    
  0.721994281      0.922186196    
  0.722994268      0.921889842    
  0.723994255      0.921592534    
  0.724994242      0.921294451    
  0.725994229      0.920995295    
  0.726994216      0.920695245    
  0.727994204      0.920394182    
  0.728994191      0.920092225    
  0.729994178      0.919789135    
  0.730994165      0.919485211    
  0.731994152      0.919180274    
  0.732994139      0.918874323    
  0.733994126      0.918567359    
  0.734994113      0.918259382    
  0.735994101      0.917950332    
  0.736994088      0.917640150    
  0.737994075      0.917328894    
  0.738994062      0.917016804    
  0.739994049      0.916703343    
  0.740994036      0.916389108    
  0.741994023      0.916073442    
  0.742994010      0.915756643    
  0.743993998      0.915438890    
  0.744993985      0.915119886    
  0.745993972      0.914799809    
  0.746993959      0.914478600    
  0.747993946      0.914156199    
  0.748993933      0.913832366    
  0.749993920      0.913507521    
  0.750993907      0.913181543    
  0.751993895      0.912854195    
  0.752993882      0.912525654    
  0.753993869      0.912195623    
  0.754993856      0.911864519    
  0.755993843      0.911532104    
  0.756993830      0.911198437    
  0.757993817      0.910863400    
  0.758993804      0.910526991    
  0.759993792      0.910189271    
  0.760993779      0.909850180    
  0.761993766      0.909509659    
  0.762993753      0.909167886    
  0.763993740      0.908824801    
  0.764993727      0.908480108    
  0.765993714      0.908134103    
  0.766993701      0.907786608    
  0.767993689      0.907437682    
  0.768993676      0.907087207    
  0.769993663      0.906735241    
  0.770993650      0.906381667    
  0.771993637      0.906026781    
  0.772993624      0.905670345    
  0.773993611      0.905312240    
  0.774993598      0.904952586    
  0.775993586      0.904591382    
  0.776993573      0.904228568    
  0.777993560      0.903864205    
  0.778993547      0.903498054    
  0.779993534      0.903130293    
  0.780993521      0.902760863    
  0.781993508      0.902389824    
  0.782993495      0.902017057    
  0.783993483      0.901642501    
  0.784993470      0.901266277    
  0.785993457      0.900888264    
  0.786993444      0.900508404    
  0.787993431      0.900126874    
  0.788993418      0.899743438    
  0.789993405      0.899358213    
  0.790993392      0.898971140    
  0.791993380      0.898581922    
  0.792993367      0.898191154    
  0.793993354      0.897798419    
  0.794993341      0.897403479    
  0.795993328      0.897006750    
  0.796993315      0.896607935    
  0.797993302      0.896207333    
  0.798993289      0.895804644    
  0.799993277      0.895399988    
  0.800993264      0.894993067    
  0.801993251      0.894584060    
  0.802993238      0.894173205    
  0.803993225      0.893759966    
  0.804993212      0.893344700    
  0.805993199      0.892927229    
  0.806993186      0.892507553    
  0.807993174      0.892085552    
  0.808993161      0.891661525    
  0.809993148      0.891234934    
  0.810993135      0.890806317    
  0.811993122      0.890375137    
  0.812993109      0.889941752    
  0.813993096      0.889506042    
  0.814993083      0.889067888    
  0.815993071      0.888627291    
  0.816993058      0.888184011    
  0.817993045      0.887738466    
  0.818993032      0.887290478    
  0.819993019      0.886839807    
  0.820993006      0.886386693    
  0.821992993      0.885930955    
  0.822992980      0.885472476    
  0.823992968      0.885011554    
  0.824992955      0.884547651    
  0.825992942      0.884081423    
  0.826992929      0.883612096    
  0.827992916      0.883140266    
  0.828992903      0.882665455    
  0.829992890      0.882188022    
  0.830992877      0.881707489    
  0.831992865      0.881224155    
  0.832992852      0.880737960    
  0.833992839      0.880248606    
  0.834992826      0.879756451    
  0.835992813      0.879261017    
  0.836992800      0.878762722    
  0.837992787      0.878261387    
  0.838992774      0.877756894    
  0.839992762      0.877248943    
  0.840992749      0.876738191    
  0.841992736      0.876223922    
  0.842992723      0.875706553    
  0.843992710      0.875185609    
  0.844992697      0.874661386    
  0.845992684      0.874133885    
  0.846992671      0.873602688    
  0.847992659      0.873068392    
  0.848992646      0.872530222    
  0.849992633      0.871988475    
  0.850992620      0.871443391    
  0.851992607      0.870894492    
  0.852992594      0.870341957    
  0.853992581      0.869785607    
  0.854992568      0.869225442    
  0.855992556      0.868661702    
  0.856992543      0.868093789    
  0.857992530      0.867522061    
  0.858992517      0.866946340    
  0.859992504      0.866366744    
  0.860992491      0.865782917    
  0.861992478      0.865195096    
  0.862992465      0.864602983    
  0.863992453      0.864006460    
  0.864992440      0.863406062    
  0.865992427      0.862801075    
  0.866992414      0.862191916    
  0.867992401      0.861577928    
  0.868992388      0.860959888    
  0.869992375      0.860337079    
  0.870992362      0.859709740    
  0.871992350      0.859077692    
  0.872992337      0.858440936    
  0.873992324      0.857799470    
  0.874992311      0.857152998    
  0.875992298      0.856501877    
  0.876992285      0.855845451    
  0.877992272      0.855184138    
  0.878992260      0.854517937    
  0.879992247      0.853846192    
  0.880992234      0.853169322    
  0.881992221      0.852487206    
  0.882992208      0.851799726    
  0.883992195      0.851106763    
  0.884992182      0.850408256    
  0.885992169      0.849704385    
  0.886992157      0.848994732    
  0.887992144      0.848279178    
  0.888992131      0.847557902    
  0.889992118      0.846830606    
  0.890992105      0.846097708    
  0.891992092      0.845358193    
  0.892992079      0.844612896    
  0.893992066      0.843861282    
  0.894992054      0.843103647    
  0.895992041      0.842339277    
  0.896992028      0.841568470    
  0.897992015      0.840790987    
  0.898992002      0.840006948    
  0.899991989      0.839215934    
  0.900991976      0.838418245    
  0.901991963      0.837613642    
  0.902991951      0.836801827    
  0.903991938      0.835982978    
  0.904991925      0.835156620    
  0.905991912      0.834323287    
  0.906991899      0.833482325    
  0.907991886      0.832633674    
  0.908991873      0.831777155    
  0.909991860      0.830913305    
  0.910991848      0.830040932    
  0.911991835      0.829160929    
  0.912991822      0.828272760    
  0.913991809      0.827376068    
  0.914991796      0.826471210    
  0.915991783      0.825557590    
  0.916991770      0.824635446    
  0.917991757      0.823704362    
  0.918991745      0.822764397    
  0.919991732      0.821815312    
  0.920991719      0.820857227    
  0.921991706      0.819889605    
  0.922991693      0.818912506    
  0.923991680      0.817925632    
  0.924991667      0.816928983    
  0.925991654      0.815922499    
  0.926991642      0.814905763    
  0.927991629      0.813878775    
  0.928991616      0.812841296    
  0.929991603      0.811793268    
  0.930991590      0.810734332    
  0.931991577      0.809664607    
  0.932991564      0.808583617    
  0.933991551      0.807491183    
  0.934991539      0.806387305    
  0.935991526      0.805271626    
  0.936991513      0.804144263    
  0.937991500      0.803004622    
  0.938991487      0.801852763    
  0.939991474      0.800688088    
  0.940991461      0.799511015    
  0.941991448      0.798320889    
  0.942991436      0.797117352    
  0.943991423      0.795900583    
  0.944991410      0.794670045    
  0.945991397      0.793425739    
  0.946991384      0.792167306    
  0.947991371      0.790894091    
  0.948991358      0.789606571    
  0.949991345      0.788304150    
  0.950991333      0.786986411    
  0.951991320      0.785653055    
  0.952991307      0.784304202    
  0.953991294      0.782939315    
  0.954991281      0.781558156    
  0.955991268      0.780159891    
  0.956991255      0.778744817    
  0.957991242      0.777312696    
  0.958991230      0.775862694    
  0.959991217      0.774395049    
  0.960991204      0.772908747    
  0.961991191      0.771404088    
  0.962991178      0.769880354    
  0.963991165      0.768337190    
  0.964991152      0.766774118    
  0.965991139      0.765190959    
  0.966991127      0.763587236    
  0.967991114      0.761962175    
  0.968991101      0.760316133    
  0.969991088      0.758648217    
  0.970991075      0.756957650    
  0.971991062      0.755244672    
  0.972991049      0.753508508    
  0.973991036      0.751748323    
  0.974991024      0.749963939    
  0.975991011      0.748154879    
  0.976990998      0.746320605    
  0.977990985      0.744460225    
  0.978990972      0.742574036    
  0.979990959      0.740660369    
  0.980990946      0.738719463    
  0.981990933      0.736750007    
  0.982990921      0.734752178    
  0.983990908      0.732724369    
  0.984990895      0.730666816    
  0.985990882      0.728578269    
  0.986990869      0.726458549    
  0.987990856      0.724306047    
  0.988990843      0.722120941    
  0.989990830      0.719901979    
  0.990990818      0.717648268    
  0.991990805      0.715359330    
  0.992990792      0.713033795    
  0.993990779      0.710671067    
  0.994990766      0.708270729    
  0.995990753      0.705831170    
  0.996990740      0.703351259    
  0.997990727      0.700830936    
  0.998990715      0.698268533    
  0.999990702      0.695662618    
   1.00099075      0.693012595    
   1.00199080      0.690317810    
   1.00299084      0.687576175    
   1.00399089      0.684786737    
   1.00499094      0.681948364    
   1.00599098      0.679059088    
   1.00699103      0.676118433    
   1.00799108      0.673124850    
   1.00899112      0.670075893    
   1.00999117      0.666971564    
   1.01099122      0.663808823    
   1.01199126      0.660586774    
   1.01299131      0.657303691    
   1.01399136      0.653957963    
   1.01499140      0.650546908    
   1.01599145      0.647069454    
   1.01699150      0.643523395    
   1.01799154      0.639906406    
   1.01899159      0.636216760    
   1.01999164      0.632451832    
   1.02099168      0.628609657    
   1.02199173      0.624687552    
   1.02299178      0.620682538    
   1.02399182      0.616592646    
   1.02499187      0.612415135    
   1.02599192      0.608146310    
   1.02699196      0.603784382    
   1.02799201      0.599325299    
   1.02899206      0.594765484    
   1.02999210      0.590102851    
   1.03099215      0.585332453    
   1.03199220      0.580451250    
   1.03299224      0.575455189    
   1.03399229      0.570339739    
   1.03499234      0.565100968    
   1.03599238      0.559734344    
   1.03699243      0.554234862    
   1.03799248      0.548597455    
   1.03899252      0.542817414    
   1.03999257      0.536888838    
   1.04099262      0.530805469    
   1.04199266      0.524561644    
   1.04299271      0.518150628    
   1.04399276      0.511566281    
   1.04499280      0.504800737    
   1.04599285      0.497846782    
   1.04699290      0.490695536    
   1.04799294      0.483339608    
   1.04899299      0.475769520    
   1.04999304      0.467975527    
   1.05099308      0.459947735    
   1.05199313      0.451675862    
   1.05299318      0.443147689    
   1.05399323      0.434352189    
   1.05499327      0.425275117    
   1.05599332      0.415903926    
   1.05699337      0.406223506    
   1.05799341      0.396218479    
   1.05899346      0.385871768    
   1.05999351      0.375165939    
   1.06099355      0.364081919    
   1.06199360      0.352599025    
   1.06299365      0.340695262    
   1.06399369      0.328347474    
   1.06499374      0.315530002    
   1.06599379      0.302214891    
   1.06699383      0.288373560    
   1.06799388      0.273973465    
   1.06899393      0.258980542    
   1.06999397      0.243356332    
   1.07099402      0.227060929    
   1.07199407      0.210050032    
   1.07299411      0.192274913    
   1.07399416      0.173683658    
   1.07499421      0.154217541    
   1.07599425      0.133814052    
   1.07699430      0.112403467    
   1.07799435       8.99092481E-02
   1.07899439       6.62469044E-02
   1.07999444       4.13229205E-02
   1.08099449       1.50335617E-02
   1.08199453      -1.27366027E-02
   1.08299458      -4.21164744E-02
   1.08399463      -7.32502490E-02
   1.08499467     -0.106300019    
   1.08599472     -0.141448170    
   1.08699477     -0.178901806    
   1.08799481     -0.218894944    
   1.08899486     -0.261694878    
   1.08999491     -0.307609916    
   1.09099495     -0.356990337    
   1.09199500     -0.410245508    
   1.09299505     -0.467851579    
   1.09399509     -0.530360818    
   1.09499514     -0.598431408    
   1.09599519     -0.672840893    
   1.09699523     -0.754511774    
   1.09799528     -0.844571531    
   1.09899533     -0.944371283    
   1.09999537      -1.05558825    
   1.10099542      -1.18030524    
   1.10199547      -1.32113469    
   1.10299551      -1.48140907    
   1.10399556      -1.66547632    
   1.10499561      -1.87903464    
   1.10599566      -2.12978768    
   1.10699570      -2.42842102    
   1.10799575      -2.79006457    
   1.10899580      -3.23699021    
   1.10999584      -3.80345631    
   1.11099589      -4.54479027    
   1.11199594      -5.55674553    
   1.11299598      -7.02059364    
   1.11399603      -9.32620430    
   1.11499608      -13.4926662    
   1.11599612      -23.2942505    
   1.11699617      -74.0787888    
   1.11799622       69.8414841    
   1.11899626       24.6020222    
   1.11999631       15.2415695    
   1.12099636       11.1970339    
   1.12199640       8.94168663    
   1.12299645       7.50325823    
   1.12399650       6.50577688    
   1.12499654       5.77365637    
   1.12599659       5.21329403    
   1.12699664       4.77065039    
   1.12799668       4.41215658    
   1.12899673       4.11590004    
   1.12999678       3.86693096    
   1.13099682       3.65477943    
   1.13199687       3.47185421    
   1.13299692       3.31249285    
   1.13399696       3.17244029    
   1.13499701       3.04835725    
   1.13599706       2.93767786    
   1.13699710       2.83832455    
   1.13799715       2.74865890    
   1.13899720       2.66732979    
   1.13999724       2.59321976    
   1.14099729       2.52540207    
   1.14199734       2.46311927    
   1.14299738       2.40572071    
   1.14399743       2.35263777    
   1.14499748       2.30342102    
   1.14599752       2.25765371    
   1.14699757       2.21498108    
   1.14799762       2.17510748    
   1.14899766       2.13776255    
   1.14999771       2.10270953    
   1.15099776       2.06975055    
   1.15199780       2.03869653    
   1.15299785       2.00939369    
   1.15399790       1.98169816    
   1.15499794       1.95547199    
   1.15599799       1.93060994    
   1.15699804       1.90700555    
   1.15799809       1.88456309    
   1.15899813       1.86320114    
   1.15999818       1.84284377    
   1.16099823       1.82342160    
   1.16199827       1.80487180    
   1.16299832       1.78713465    
   1.16399837       1.77016211    
   1.16499841       1.75390160    
   1.16599846       1.73831129    
   1.16699851       1.72334862    
   1.16799855       1.70897853    
   1.16899860       1.69516623    
   1.16999865       1.68187821    
   1.17099869       1.66908872    
   1.17199874       1.65676486    
   1.17299879       1.64488709    
   1.17399883       1.63342798    
   1.17499888       1.62236595    
   1.17599893       1.61168230    
   1.17699897       1.60135794    
   1.17799902       1.59137356    
   1.17899907       1.58171260    
   1.17999911       1.57236111    
   1.18099916       1.56330299    
   1.18199921       1.55452609    
   1.18299925       1.54601622    
   1.18399930       1.53776252    
   1.18499935       1.52975249    
   1.18599939       1.52197540    
   1.18699944       1.51442254    
   1.18799949       1.50708318    
   1.18899953       1.49994838    
   1.18999958       1.49301076    
   1.19099963       1.48626125    
   1.19199967       1.47969127    
   1.19299972       1.47329688    
   1.19399977       1.46706676    
   1.19499981       1.46099913    
   1.19599986       1.45508456    
   1.19699991       1.44932032    
   1.19799995       1.44369781    
   1.19900000       1.43821192    
   1.20000005       1.43286049    
   1.20100009       1.42763507    
   1.20200014       1.42253482    
   1.20300019       1.41755259    
   1.20400023       1.41268528    
   1.20500028       1.40792990    
   1.20600033       1.40327990    
   1.20700037       1.39873445    
   1.20800042       1.39428997    
   1.20900047       1.38994098    
   1.21000051       1.38568664    
   1.21100056       1.38152313    
   1.21200061       1.37744677    
   1.21300066       1.37345576    
   1.21400070       1.36954796    
   1.21500075       1.36571884    
   1.21600080       1.36196816    
   1.21700084       1.35829198    
   1.21800089       1.35468900    
   1.21900094       1.35115695    
   1.22000098       1.34769392    
   1.22100103       1.34429765    
   1.22200108       1.34096444    
   1.22300112       1.33769572    
   1.22400117       1.33448780    
   1.22500122       1.33133972    
   1.22600126       1.32824898    
   1.22700131       1.32521546    
   1.22800136       1.32223511    
   1.22900140       1.31930876    
   1.23000145       1.31643403    
   1.23100150       1.31361008    
   1.23200154       1.31083560    
   1.23300159       1.30810869    
   1.23400164       1.30542815    
   1.23500168       1.30279291    
   1.23600173       1.30020213    
   1.23700178       1.29765511    
   1.23800182       1.29514933    
   1.23900187       1.29268563    
   1.24000192       1.29026055    
   1.24100196       1.28787625    
   1.24200201       1.28552866    
   1.24300206       1.28321886    
   1.24400210       1.28094578    
   1.24500215       1.27870703    
   1.24600220       1.27650440    
   1.24700224       1.27433455    
   1.24800229       1.27219868    
   1.24900234       1.27009475    
   1.25000238       1.26802278    
   1.25100243       1.26598108    
   1.25200248       1.26397014    
   1.25300252       1.26198816    
   1.25400257       1.26003551    
   1.25500262       1.25811124    
   1.25600266       1.25621402    
   1.25700271       1.25434446    
   1.25800276       1.25250089    
   1.25900280       1.25068378    
   1.26000285       1.24889159    
   1.26100290       1.24712431    
   1.26200294       1.24538136    
   1.26300299       1.24366271    
   1.26400304       1.24196661    
   1.26500309       1.24029434    
   1.26600313       1.23864365    
   1.26700318       1.23701513    
   1.26800323       1.23540854    
   1.26900327       1.23382282    
   1.27000332       1.23225772    
   1.27100337       1.23071229    
   1.27200341       1.22918725    
   1.27300346       1.22768188    
   1.27400351       1.22619581    
   1.27500355       1.22472823    
   1.27600360       1.22327912    
   1.27700365       1.22184801    
   1.27800369       1.22043467    
   1.27900374       1.21903849    
   1.28000379       1.21765959    
   1.28100383       1.21629727    
   1.28200388       1.21495163    
   1.28300393       1.21362233    
   1.28400397       1.21230865    
   1.28500402       1.21101046    
   1.28600407       1.20972776    
   1.28700411       1.20846033    
   1.28800416       1.20720720    
   1.28900421       1.20596874    
   1.29000425       1.20474446    
   1.29100430       1.20353472    
   1.29200435       1.20233810    
   1.29300439       1.20115554    
   1.29400444       1.19998550    
   1.29500449       1.19882941    
   1.29600453       1.19768596    
   1.29700458       1.19655502    
   1.29800463       1.19543672    
   1.29900467       1.19433069    
   1.30000472       1.19323623    
   1.30100477       1.19215429    
   1.30200481       1.19108319    
   1.30300486       1.19002390    
   1.30400491       1.18897653    
   1.30500495       1.18793929    
   1.30600500       1.18691349    
   1.30700505       1.18589854    
   1.30800509       1.18489373    
   1.30900514       1.18389952    
   1.31000519       1.18291581    
   1.31100523       1.18194187    
   1.31200528       1.18097818    
   1.31300533       1.18002403    
   1.31400537       1.17907953    
   1.31500542       1.17814457    
   1.31600547       1.17721891    
   1.31700552       1.17630267    
   1.31800556       1.17539549    
   1.31900561       1.17449725    
   1.32000566       1.17360723    
   1.32100570       1.17272627    
   1.32200575       1.17185402    
   1.32300580       1.17098987    
   1.32400584       1.17013443    
   1.32500589       1.16928673    
   1.32600594       1.16844726    
   1.32700598       1.16761577    
   1.32800603       1.16679251    
   1.32900608       1.16597652    
   1.33000612       1.16516852    
   1.33100617       1.16436768    
   1.33200622       1.16357422    
   1.33300626       1.16278839    
   1.33400631       1.16200948    
   1.33500636       1.16123772    
   1.33600640       1.16047299    
   1.33700645       1.15971529    
   1.33800650       1.15896404    
   1.33900654       1.15821981    
   1.34000659       1.15748215    
   1.34100664       1.15675104    
   1.34200668       1.15602648    
   1.34300673       1.15530825    
   1.34400678       1.15459633    
   1.34500682       1.15389037    
   1.34600687       1.15319097    
   1.34700692       1.15249705    
   1.34800696       1.15180945    
   1.34900701       1.15112782    
   1.35000706       1.15045178    
   1.35100710       1.14978158    
   1.35200715       1.14911687    
   1.35300720       1.14845812    
   1.35400724       1.14780474    
   1.35500729       1.14715683    
   1.35600734       1.14651406    
   1.35700738       1.14587677    
   1.35800743       1.14524484    
   1.35900748       1.14461792    
   1.36000752       1.14399624    
   1.36100757       1.14337969    
   1.36200762       1.14276803    
   1.36300766       1.14216125    
   1.36400771       1.14155948    
   1.36500776       1.14096248    
   1.36600780       1.14037049    
   1.36700785       1.13978279    
   1.36800790       1.13919973    
   1.36900795       1.13862157    
   1.37000799       1.13804793    
   1.37100804       1.13747835    
   1.37200809       1.13691366    
   1.37300813       1.13635302    
   1.37400818       1.13579702    
   1.37500823       1.13524544    
   1.37600827       1.13469756    
   1.37700832       1.13415420    
   1.37800837       1.13361490    
   1.37900841       1.13307953    
   1.38000846       1.13254857    
   1.38100851       1.13202131    
   1.38200855       1.13149822    
   1.38300860       1.13097858    
   1.38400865       1.13046312    
   1.38500869       1.12995160    
   1.38600874       1.12944388    
   1.38700879       1.12893951    
   1.38800883       1.12843907    
   1.38900888       1.12794220    
   1.39000893       1.12744892    
   1.39100897       1.12695944    
   1.39200902       1.12647319    
   1.39300907       1.12599087    
   1.39400911       1.12551141    
   1.39500916       1.12503576    
   1.39600921       1.12456346    
   1.39700925       1.12409437    
   1.39800930       1.12362885    
   1.39900935       1.12316632    
   1.40000939       1.12270713    
   1.40100944       1.12225103    
   1.40200949       1.12179863    
   1.40300953       1.12134910    
   1.40400958       1.12090218    
   1.40500963       1.12045884    
   1.40600967       1.12001824    
   1.40700972       1.11958110    
   1.40800977       1.11914659    
   1.40900981       1.11871529    
   1.41000986       1.11828649    
   1.41100991       1.11786079    
   1.41200995       1.11743808    
   1.41301000       1.11701822    
   1.41401005       1.11660099    
   1.41501009       1.11618674    
   1.41601014       1.11577499    
   1.41701019       1.11536610    
   1.41801023       1.11496007    
   1.41901028       1.11455655    
   1.42001033       1.11415553    
   1.42101038       1.11375713    
   1.42201042       1.11336148    
   1.42301047       1.11296833    
   1.42401052       1.11257756    
   1.42501056       1.11218977    
   1.42601061       1.11180401    
   1.42701066       1.11142099    
   1.42801070       1.11104023    
   1.42901075       1.11066186    
   1.43001080       1.11028600    
   1.43101084       1.10991263    
   1.43201089       1.10954177    
   1.43301094       1.10917258    
   1.43401098       1.10880613    
   1.43501103       1.10844183    
   1.43601108       1.10808003    
   1.43701112       1.10772026    
   1.43801117       1.10736275    
   1.43901122       1.10700703    
   1.44001126       1.10665417    
   1.44101131       1.10630322    
   1.44201136       1.10595453    
   1.44301140       1.10560763    
   1.44401145       1.10526299    
   1.44501150       1.10492051    
   1.44601154       1.10458004    
   1.44701159       1.10424161    
   1.44801164       1.10390532    
   1.44901168       1.10357082    
   1.45001173       1.10323846    
   1.45101178       1.10290802    
   1.45201182       1.10257947    
   1.45301187       1.10225308    
   1.45401192       1.10192847    
   1.45501196       1.10160565    
   1.45601201       1.10128474    
   1.45701206       1.10096574    
   1.45801210       1.10064876    
   1.45901215       1.10033357    
   1.46001220       1.10002041    
   1.46101224       1.09970844    
   1.46201229       1.09939861    
   1.46301234       1.09909046    
   1.46401238       1.09878445    
   1.46501243       1.09847975    
   1.46601248       1.09817672    
   1.46701252       1.09787595    
   1.46801257       1.09757650    
   1.46901262       1.09727883    
   1.47001266       1.09698260    
   1.47101271       1.09668851    
   1.47201276       1.09639537    
   1.47301280       1.09610450    
   1.47401285       1.09581518    
   1.47501290       1.09552717    
   1.47601295       1.09524083    
   1.47701299       1.09495616    
   1.47801304       1.09467268    
   1.47901309       1.09439123    
   1.48001313       1.09411097    
   1.48101318       1.09383237    
   1.48201323       1.09355521    
   1.48301327       1.09327972    
   1.48401332       1.09300554    
   1.48501337       1.09273303    
   1.48601341       1.09246206    
   1.48701346       1.09219241    
   1.48801351       1.09192419    
   1.48901355       1.09165740    
   1.49001360       1.09139192    
   1.49101365       1.09112799    
   1.49201369       1.09086549    
   1.49301374       1.09060431    
   1.49401379       1.09034455    
   1.49501383       1.09008586    
   1.49601388       1.08982897    
   1.49701393       1.08957303    
   1.49801397       1.08931863    
   1.49901402       1.08906555    
   1.50001407       1.08881378    
   1.50101411       1.08856320    
   1.50201416       1.08831406    
   1.50301421       1.08806598    
   1.50401425       1.08781934    
   1.50501430       1.08757401    
   1.50601435       1.08732975    
   1.50701439       1.08708692    
   1.50801444       1.08684516    
   1.50901449       1.08660471    
   1.51001453       1.08636534    
   1.51101458       1.08612740    
   1.51201463       1.08589041    
   1.51301467       1.08565497    
   1.51401472       1.08542037    
   1.51501477       1.08518708    
   1.51601481       1.08495486    
   1.51701486       1.08472395    
   1.51801491       1.08449411    
   1.51901495       1.08426523    
   1.52001500       1.08403778    
   1.52101505       1.08381140    
   1.52201509       1.08358562    
   1.52301514       1.08336139    
   1.52401519       1.08313823    
   1.52501523       1.08291626    
   1.52601528       1.08269525    
   1.52701533       1.08247530    
   1.52801538       1.08225656    
   1.52901542       1.08203852    
   1.53001547       1.08182180    
   1.53101552       1.08160579    
   1.53201556       1.08139122    
   1.53301561       1.08117747    
   1.53401566       1.08096480    
   1.53501570       1.08075309    
   1.53601575       1.08054221    
   1.53701580       1.08033264    
   1.53801584       1.08012390    
   1.53901589       1.07991624    
   1.54001594       1.07970953    
   1.54101598       1.07950377    
   1.54201603       1.07929897    
   1.54301608       1.07909501    
   1.54401612       1.07889211    
   1.54501617       1.07869005    
   1.54601622       1.07848895    
   1.54701626       1.07828903    
   1.54801631       1.07808971    
   1.54901636       1.07789135    
   1.55001640       1.07769418    
   1.55101645       1.07749760    
   1.55201650       1.07730198    
   1.55301654       1.07710731    
   1.55401659       1.07691336    
   1.55501664       1.07672060    
   1.55601668       1.07652831    
   1.55701673       1.07633722    
   1.55801678       1.07614708    
   1.55901682       1.07595742    
   1.56001687       1.07576883    
   1.56101692       1.07558119    
   1.56201696       1.07539415    
   1.56301701       1.07520819    
   1.56401706       1.07502270    
   1.56501710       1.07483816    
   1.56601715       1.07465458    
   1.56701720       1.07447171    
   1.56801724       1.07428980    
   1.56901729       1.07410848    
   1.57001734       1.07392812    
   1.57101738       1.07374835    
   1.57201743       1.07356954    
   1.57301748       1.07339144    
   1.57401752       1.07321417    
   1.57501757       1.07303751    
   1.57601762       1.07286179    
   1.57701766       1.07268691    
   1.57801771       1.07251263    
   1.57901776       1.07233882    
   1.58001781       1.07216620    
   1.58101785       1.07199430    
   1.58201790       1.07182300    
   1.58301795       1.07165241    
   1.58401799       1.07148254    
   1.58501804       1.07131350    
   1.58601809       1.07114494    
   1.58701813       1.07097721    
   1.58801818       1.07081044    
   1.58901823       1.07064402    
   1.59001827       1.07047832    
   1.59101832       1.07031369    
   1.59201837       1.07014942    
   1.59301841       1.06998587    
   1.59401846       1.06982291    
   1.59501851       1.06966078    
   1.59601855       1.06949914    
   1.59701860       1.06933844    
   1.59801865       1.06917810    
   1.59901869       1.06901860    
   1.60001874       1.06885993    
   1.60101879       1.06870162    
   1.60201883       1.06854403    
   1.60301888       1.06838715    
   1.60401893       1.06823099    
   1.60501897       1.06807530    
   1.60601902       1.06792033    
   1.60701907       1.06776595    
   1.60801911       1.06761217    
   1.60901916       1.06745899    
   1.61001921       1.06730652    
   1.61101925       1.06715465    
   1.61201930       1.06700349    
   1.61301935       1.06685281    
   1.61401939       1.06670272    
   1.61501944       1.06655312    
   1.61601949       1.06640434    
   1.61701953       1.06625593    
   1.61801958       1.06610835    
   1.61901963       1.06596124    
   1.62001967       1.06581461    
   1.62101972       1.06566870    
   1.62201977       1.06552339    
   1.62301981       1.06537855    
   1.62401986       1.06523430    
   1.62501991       1.06509054    
   1.62601995       1.06494737    
   1.62702000       1.06480479    
   1.62802005       1.06466305    
   1.62902009       1.06452143    
   1.63002014       1.06438053    
   1.63102019       1.06424010    
   1.63202024       1.06410038    
   1.63302028       1.06396115    
   1.63402033       1.06382239    
   1.63502038       1.06368411    
   1.63602042       1.06354642    
   1.63702047       1.06340933    
   1.63802052       1.06327271    
   1.63902056       1.06313646    
   1.64002061       1.06300092    
   1.64102066       1.06286585    
   1.64202070       1.06273127    
   1.64302075       1.06259716    
   1.64402080       1.06246352    
   1.64502084       1.06233048    
   1.64602089       1.06219792    
   1.64702094       1.06206596    
   1.64802098       1.06193423    
   1.64902103       1.06180334    
   1.65002108       1.06167269    
   1.65102112       1.06154263    
   1.65202117       1.06141293    
   1.65302122       1.06128383    
   1.65402126       1.06115520    
   1.65502131       1.06102705    
   1.65602136       1.06089938    
   1.65702140       1.06077206    
   1.65802145       1.06064546    
   1.65902150       1.06051898    
   1.66002154       1.06039321    
   1.66102159       1.06026781    
   1.66202164       1.06014299    
   1.66302168       1.06001842    
   1.66402173       1.05989468    
   1.66502178       1.05977094    
   1.66602182       1.05964780    
   1.66702187       1.05952513    
   1.66802192       1.05940306    
   1.66902196       1.05928123    
   1.67002201       1.05915999    
   1.67102206       1.05903888    
   1.67202210       1.05891848    
   1.67302215       1.05879855    
   1.67402220       1.05867887    
   1.67502224       1.05855978    
   1.67602229       1.05844092    
   1.67702234       1.05832267    
   1.67802238       1.05820477    
   1.67902243       1.05808723    
   1.68002248       1.05797017    
   1.68102252       1.05785346    
   1.68202257       1.05773723    
   1.68302262       1.05762136    
   1.68402267       1.05750597    
   1.68502271       1.05739105    
   1.68602276       1.05727625    
   1.68702281       1.05716217    
   1.68802285       1.05704832    
   1.68902290       1.05693483    
   1.69002295       1.05682182    
   1.69102299       1.05670917    
   1.69202304       1.05659699    
   1.69302309       1.05648506    
   1.69402313       1.05637360    
   1.69502318       1.05626237    
   1.69602323       1.05615163    
   1.69702327       1.05604124    
   1.69802332       1.05593121    
   1.69902337       1.05582178    
   1.70002341       1.05571270    
   1.70102346       1.05560386    
   1.70202351       1.05549538    
   1.70302355       1.05538750    
   1.70402360       1.05527973    
   1.70502365       1.05517232    
   1.70602369       1.05506539    
   1.70702374       1.05495882    
   1.70802379       1.05485260    
   1.70902383       1.05474651    
   1.71002388       1.05464101    
   1.71102393       1.05453587    
   1.71202397       1.05443096    
   1.71302402       1.05432653    
   1.71402407       1.05422246    
   1.71502411       1.05411851    
   1.71602416       1.05401516    
   1.71702421       1.05391204    
   1.71802425       1.05380940    
   1.71902430       1.05370688    
   1.72002435       1.05360484    
   1.72102439       1.05350304    
   1.72202444       1.05340171    
   1.72302449       1.05330062    
   1.72402453       1.05319989    
   1.72502458       1.05309951    
   1.72602463       1.05299950    
   1.72702467       1.05289972    
   1.72802472       1.05280030    
   1.72902477       1.05270123    
   1.73002481       1.05260241    
   1.73102486       1.05250406    
   1.73202491       1.05240571    
   1.73302495       1.05230796    
   1.73402500       1.05221045    
   1.73502505       1.05211329    
   1.73602509       1.05201650    
   1.73702514       1.05191994    
   1.73802519       1.05182350    
   1.73902524       1.05172789    
   1.74002528       1.05163205    
   1.74102533       1.05153680    
   1.74202538       1.05144167    
   1.74302542       1.05134702    
   1.74402547       1.05125260    
   1.74502552       1.05115855    
   1.74602556       1.05106461    
   1.74702561       1.05097127    
   1.74802566       1.05087805    
   1.74902570       1.05078495    
   1.75002575       1.05069232    
   1.75102580       1.05059993    
   1.75202584       1.05050790    
   1.75302589       1.05041611    
   1.75402594       1.05032468    
   1.75502598       1.05023348    
   1.75602603       1.05014265    
   1.75702608       1.05005205    
   1.75802612       1.04996169    
   1.75902617       1.04987156    
   1.76002622       1.04978180    
   1.76102626       1.04969239    
   1.76202631       1.04960322    
   1.76302636       1.04951417    
   1.76402640       1.04942548    
   1.76502645       1.04933727    
   1.76602650       1.04924905    
   1.76702654       1.04916120    
   1.76802659       1.04907370    
   1.76902664       1.04898643    
   1.77002668       1.04889941    
   1.77102673       1.04881263    
   1.77202678       1.04872608    
   1.77302682       1.04863989    
   1.77402687       1.04855382    
   1.77502692       1.04846811    
   1.77602696       1.04838276    
   1.77702701       1.04829752    
   1.77802706       1.04821265    
   1.77902710       1.04812789    
   1.78002715       1.04804373    
   1.78102720       1.04795957    
   1.78202724       1.04787552    
   1.78302729       1.04779172    
   1.78402734       1.04770851    
   1.78502738       1.04762530    
   1.78602743       1.04754245    
   1.78702748       1.04745972    
   1.78802752       1.04737735    
   1.78902757       1.04729521    
   1.79002762       1.04721332    
   1.79102767       1.04713154    
   1.79202771       1.04705024    
   1.79302776       1.04696906    
   1.79402781       1.04688799    
   1.79502785       1.04680729    
   1.79602790       1.04672682    
   1.79702795       1.04664648    
   1.79802799       1.04656672    
   1.79902804       1.04648674    
   1.80002809       1.04640722    
   1.80102813       1.04632807    
   1.80202818       1.04624903    
   1.80302823       1.04617023    
   1.80402827       1.04609168    
   1.80502832       1.04601324    
   1.80602837       1.04593527    
   1.80702841       1.04585743    
   1.80802846       1.04577971    
   1.80902851       1.04570222    
   1.81002855       1.04562509    
   1.81102860       1.04554808    
   1.81202865       1.04547119    
   1.81302869       1.04539466    
   1.81402874       1.04531837    
   1.81502879       1.04524219    
   1.81602883       1.04516625    
   1.81702888       1.04509056    
   1.81802893       1.04501510    
   1.81902897       1.04493964    
   1.82002902       1.04486477    
   1.82102907       1.04479003    
   1.82202911       1.04471540    
   1.82302916       1.04464102    
   1.82402921       1.04456687    
   1.82502925       1.04449272    
   1.82602930       1.04441893    
   1.82702935       1.04434526    
   1.82802939       1.04427218    
   1.82902944       1.04419887    
   1.83002949       1.04412615    
   1.83102953       1.04405320    
   1.83202958       1.04398072    
   1.83302963       1.04390836    
   1.83402967       1.04383647    
   1.83502972       1.04376423    
   1.83602977       1.04369259    
   1.83702981       1.04362118    
   1.83802986       1.04354978    
   1.83902991       1.04347873    
   1.84002995       1.04340768    
   1.84103000       1.04333699    
   1.84203005       1.04326642    
   1.84303010       1.04319620    
   1.84403014       1.04312599    
   1.84503019       1.04305601    
   1.84603024       1.04298627    
   1.84703028       1.04291677    
   1.84803033       1.04284728    
   1.84903038       1.04277813    
   1.85003042       1.04270911    
   1.85103047       1.04264045    
   1.85203052       1.04257190    
   1.85303056       1.04250324    
   1.85403061       1.04243505    
   1.85503066       1.04236698    
   1.85603070       1.04229927    
   1.85703075       1.04223144    
   1.85803080       1.04216409    
   1.85903084       1.04209661    
   1.86003089       1.04202974    
   1.86103094       1.04196274    
   1.86203098       1.04189610    
   1.86303103       1.04182947    
   1.86403108       1.04176307    
   1.86503112       1.04169679    
   1.86603117       1.04163086    
   1.86703122       1.04156506    
   1.86803126       1.04149926    
   1.86903131       1.04143381    
   1.87003136       1.04136848    
   1.87103140       1.04130328    
   1.87203145       1.04123819    
   1.87303150       1.04117346    
   1.87403154       1.04110885    
   1.87503159       1.04104435    
   1.87603164       1.04098010    
   1.87703168       1.04091609    
   1.87803173       1.04085195    
   1.87903178       1.04078817    
   1.88003182       1.04072452    
   1.88103187       1.04066110    
   1.88203192       1.04059792    
   1.88303196       1.04053485    
   1.88403201       1.04047179    
   1.88503206       1.04040885    
   1.88603210       1.04034638    
   1.88703215       1.04028392    
   1.88803220       1.04022169    
   1.88903224       1.04015946    
   1.89003229       1.04009759    
   1.89103234       1.04003584    
   1.89203238       1.03997421    
   1.89303243       1.03991258    
   1.89403248       1.03985131    
   1.89503253       1.03979015    
   1.89603257       1.03972912    
   1.89703262       1.03966820    
   1.89803267       1.03960764    
   1.89903271       1.03954709    
   1.90003276       1.03948665    
   1.90103281       1.03942657    
   1.90203285       1.03936648    
   1.90303290       1.03930652    
   1.90403295       1.03924668    
   1.90503299       1.03918719    
   1.90603304       1.03912771    
   1.90703309       1.03906834    
   1.90803313       1.03900933    
   1.90903318       1.03895032    
   1.91003323       1.03889155    
   1.91103327       1.03883290    
   1.91203332       1.03877449    
   1.91303337       1.03871596    
   1.91403341       1.03865778    
   1.91503346       1.03859949    
   1.91603351       1.03854156    
   1.91703355       1.03848374    
   1.91803360       1.03842616    
   1.91903365       1.03836858    
   1.92003369       1.03831124    
   1.92103374       1.03825402    
   1.92203379       1.03819692    
   1.92303383       1.03813994    
   1.92403388       1.03808296    
   1.92503393       1.03802645    
   1.92603397       1.03796995    
   1.92703402       1.03791344    
   1.92803407       1.03785729    
   1.92903411       1.03780127    
   1.93003416       1.03774536    
   1.93103421       1.03768957    
   1.93203425       1.03763390    
   1.93303430       1.03757834    
   1.93403435       1.03752291    
   1.93503439       1.03746772    
   1.93603444       1.03741252    
   1.93703449       1.03735769    
   1.93803453       1.03730285    
   1.93903458       1.03724802    
   1.94003463       1.03719354    
   1.94103467       1.03713918    
   1.94203472       1.03708482    
   1.94303477       1.03703070    
   1.94403481       1.03697658    
   1.94503486       1.03692269    
   1.94603491       1.03686893    
   1.94703496       1.03681529    
   1.94803500       1.03676188    
   1.94903505       1.03670847    
   1.95003510       1.03665531    
   1.95103514       1.03660214    
   1.95203519       1.03654921    
   1.95303524       1.03649628    
   1.95403528       1.03644359    
   1.95503533       1.03639090    
   1.95603538       1.03633845    
   1.95703542       1.03628612    
   1.95803547       1.03623390    
   1.95903552       1.03618181    
   1.96003556       1.03612983    
   1.96103561       1.03607798    
   1.96203566       1.03602624    
   1.96303570       1.03597474    
   1.96403575       1.03592312    
   1.96503580       1.03587186    
   1.96603584       1.03582060    
   1.96703589       1.03576958    
   1.96803594       1.03571856    
   1.96903598       1.03566766    
   1.97003603       1.03561699    
   1.97103608       1.03556633    
   1.97203612       1.03551579    
   1.97303617       1.03546536    
   1.97403622       1.03541517    
   1.97503626       1.03536510    
   1.97603631       1.03531516    
   1.97703636       1.03526521    
   1.97803640       1.03521538    
   1.97903645       1.03516567    
   1.98003650       1.03511631    
   1.98103654       1.03506660    
   1.98203659       1.03501749    
   1.98303664       1.03496826    
   1.98403668       1.03491914    
   1.98503673       1.03487027    
   1.98603678       1.03482139    
   1.98703682       1.03477275    
   1.98803687       1.03472400    
   1.98903692       1.03467548    
   1.99003696       1.03462720    
   1.99103701       1.03457880    
   1.99203706       1.03453076    
   1.99303710       1.03448260    
   1.99403715       1.03443456    
   1.99503720       1.03438687    
   1.99603724       1.03433919    
   1.99703729       1.03429151    
   1.99803734       1.03424406    
   1.99903738       1.03419673    
   2.00003743       1.03414941    
   2.00103736       1.03410256    
   2.00203729       1.03405559    
   2.00303721       1.03400898    
   2.00403714       1.03396225    
   2.00503707       1.03391576    
   2.00603700       1.03386950    
   2.00703692       1.03382325    
   2.00803685       1.03377688    
   2.00903678       1.03373086    
   2.01003671       1.03368485    
   2.01103663       1.03363895    
   2.01203656       1.03359330    
   2.01303649       1.03354752    
   2.01403642       1.03350198    
   2.01503634       1.03345644    
   2.01603627       1.03341126    
   2.01703620       1.03336585    
   2.01803613       1.03332090    
   2.01903605       1.03327572    
   2.02003598       1.03323078    
   2.02103591       1.03318584    
   2.02203584       1.03314114    
   2.02303576       1.03309655    
   2.02403569       1.03305197    
   2.02503562       1.03300762    
   2.02603555       1.03296316    
   2.02703547       1.03291893    
   2.02803540       1.03287494    
   2.02903533       1.03283095    
   2.03003526       1.03278697    
   2.03103518       1.03274310    
   2.03203511       1.03269947    
   2.03303504       1.03265572    
   2.03403497       1.03261232    
   2.03503489       1.03256881    
   2.03603482       1.03252554    
   2.03703475       1.03248215    
   2.03803468       1.03243899    
   2.03903461       1.03239584    
   2.04003453       1.03235281    
   2.04103446       1.03230989    
   2.04203439       1.03226721    
   2.04303432       1.03222454    
   2.04403424       1.03218210    
   2.04503417       1.03213954    
   2.04603410       1.03209722    
   2.04703403       1.03205502    
   2.04803395       1.03201270    
   2.04903388       1.03197050    
   2.05003381       1.03192854    
   2.05103374       1.03188670    
   2.05203366       1.03184485    
   2.05303359       1.03180301    
   2.05403352       1.03176129    
   2.05503345       1.03171968    
   2.05603337       1.03167820    
   2.05703330       1.03163683    
   2.05803323       1.03159559    
   2.05903316       1.03155446    
   2.06003308       1.03151333    
   2.06103301       1.03147233    
   2.06203294       1.03143132    
   2.06303287       1.03139055    
   2.06403279       1.03134978    
   2.06503272       1.03130901    
   2.06603265       1.03126848    
   2.06703258       1.03122807    
   2.06803250       1.03118753    
   2.06903243       1.03114724    
   2.07003236       1.03110695    
   2.07103229       1.03106678    
   2.07203221       1.03102672    
   2.07303214       1.03098679    
   2.07403207       1.03094685    
   2.07503200       1.03090715    
   2.07603192       1.03086734    
   2.07703185       1.03082788    
   2.07803178       1.03078830    
   2.07903171       1.03074884    
   2.08003163       1.03070939    
   2.08103156       1.03067005    
   2.08203149       1.03063095    
   2.08303142       1.03059185    
   2.08403134       1.03055274    
   2.08503127       1.03051388    
   2.08603120       1.03047490    
   2.08703113       1.03043616    
   2.08803105       1.03039742    
   2.08903098       1.03035891    
   2.09003091       1.03032017    
   2.09103084       1.03028178    
   2.09203076       1.03024340    
   2.09303069       1.03020501    
   2.09403062       1.03016675    
   2.09503055       1.03012872    
   2.09603047       1.03009069    
   2.09703040       1.03005266    
   2.09803033       1.03001487    
   2.09903026       1.02997708    
   2.10003018       1.02993917    
   2.10103011       1.02990150    
   2.10203004       1.02986407    
   2.10302997       1.02982652    
   2.10402989       1.02978897    
   2.10502982       1.02975178    
   2.10602975       1.02971447    
   2.10702968       1.02967727    
   2.10802960       1.02964020    
   2.10902953       1.02960324    
   2.11002946       1.02956617    
   2.11102939       1.02952945    
   2.11202931       1.02949262    
   2.11302924       1.02945578    
   2.11402917       1.02941930    
   2.11502910       1.02938259    
   2.11602902       1.02934611    
   2.11702895       1.02930987    
   2.11802888       1.02927339    
   2.11902881       1.02923703    
   2.12002873       1.02920091    
   2.12102866       1.02916479    
   2.12202859       1.02912879    
   2.12302852       1.02909279    
   2.12402844       1.02905691    
   2.12502837       1.02902102    
   2.12602830       1.02898526    
   2.12702823       1.02894962    
   2.12802815       1.02891397    
   2.12902808       1.02887845    
   2.13002801       1.02884305    
   2.13102794       1.02880752    
   2.13202786       1.02877235    
   2.13302779       1.02873695    
   2.13402772       1.02870190    
   2.13502765       1.02866685    
   2.13602757       1.02863169    
   2.13702750       1.02859676    
   2.13802743       1.02856183    
   2.13902736       1.02852690    
   2.14002728       1.02849221    
   2.14102721       1.02845764    
   2.14202714       1.02842295    
   2.14302707       1.02838850    
   2.14402699       1.02835393    
   2.14502692       1.02831972    
   2.14602685       1.02828538    
   2.14702678       1.02825105    
   2.14802670       1.02821684    
   2.14902663       1.02818263    
   2.15002656       1.02814865    
   2.15102649       1.02811456    
   2.15202641       1.02808070    
   2.15302634       1.02804685    
   2.15402627       1.02801299    
   2.15502620       1.02797937    
   2.15602612       1.02794576    
   2.15702605       1.02791214    
   2.15802598       1.02787876    
   2.15902591       1.02784526    
   2.16002584       1.02781177    
   2.16102576       1.02777863    
   2.16202569       1.02774537    
   2.16302562       1.02771211    
   2.16402555       1.02767897    
   2.16502547       1.02764595    
   2.16602540       1.02761292    
   2.16702533       1.02758002    
   2.16802526       1.02754712    
   2.16902518       1.02751434    
   2.17002511       1.02748168    
   2.17102504       1.02744901    
   2.17202497       1.02741647    
   2.17302489       1.02738392    
   2.17402482       1.02735138    
   2.17502475       1.02731907    
   2.17602468       1.02728677    
   2.17702460       1.02725446    
   2.17802453       1.02722216    
   2.17902446       1.02719009    
   2.18002439       1.02715802    
   2.18102431       1.02712595    
   2.18202424       1.02709401    
   2.18302417       1.02706206    
   2.18402410       1.02703035    
   2.18502402       1.02699852    
   2.18602395       1.02696681    
   2.18702388       1.02693522    
   2.18802381       1.02690363    
   2.18902373       1.02687204    
   2.19002366       1.02684057    
   2.19102359       1.02680922    
   2.19202352       1.02677786    
   2.19302344       1.02674663    
   2.19402337       1.02671540    
   2.19502330       1.02668417    
   2.19602323       1.02665305    
   2.19702315       1.02662206    
   2.19802308       1.02659094    
   2.19902301       1.02656019    
   2.20002294       1.02652919    
   2.20102286       1.02649844    
   2.20202279       1.02646756    
   2.20302272       1.02643704    
   2.20402265       1.02640641    
   2.20502257       1.02637589    
   2.20602250       1.02634537    
   2.20702243       1.02631485    
   2.20802236       1.02628458    
   2.20902228       1.02625418    
   2.21002221       1.02622402    
   2.21102214       1.02619374    
   2.21202207       1.02616370    
   2.21302199       1.02613354    
   2.21402192       1.02610338    
   2.21502185       1.02607346    
   2.21602178       1.02604365    
   2.21702170       1.02601373    
   2.21802163       1.02598381    
   2.21902156       1.02595413    
   2.22002149       1.02592432    
   2.22102141       1.02589488    
   2.22202134       1.02586508    
   2.22302127       1.02583551    
   2.22402120       1.02580619    
   2.22502112       1.02577674    
   2.22602105       1.02574742    
   2.22702098       1.02571809    
   2.22802091       1.02568877    
   2.22902083       1.02565956    
   2.23002076       1.02563035    
   2.23102069       1.02560139    
   2.23202062       1.02557230    
   2.23302054       1.02554333    
   2.23402047       1.02551448    
   2.23502040       1.02548563    
   2.23602033       1.02545667    
   2.23702025       1.02542806    
   2.23802018       1.02539921    
   2.23902011       1.02537072    
   2.24002004       1.02534199    
   2.24101996       1.02531350    
   2.24201989       1.02528512    
   2.24301982       1.02525663    
   2.24401975       1.02522814    
   2.24501967       1.02519977    
   2.24601960       1.02517152    
   2.24701953       1.02514315    
   2.24801946       1.02511501    
   2.24901938       1.02508700    
   2.25001931       1.02505887    
   2.25101924       1.02503085    
   2.25201917       1.02500296    
   2.25301909       1.02497494    
   2.25401902       1.02494717    
   2.25501895       1.02491939    
   2.25601888       1.02489161    
   2.25701880       1.02486396    
   2.25801873       1.02483630    
   2.25901866       1.02480865    
   2.26001859       1.02478111    
   2.26101851       1.02475357    
   2.26201844       1.02472603    
   2.26301837       1.02469850    
   2.26401830       1.02467120    
   2.26501822       1.02464378    
   2.26601815       1.02461660    
   2.26701808       1.02458930    
   2.26801801       1.02456212    
   2.26901793       1.02453494    
   2.27001786       1.02450788    
   2.27101779       1.02448082    
   2.27201772       1.02445388    
   2.27301764       1.02442694    
   2.27401757       1.02440000    
   2.27501750       1.02437329    
   2.27601743       1.02434647    
   2.27701735       1.02431989    
   2.27801728       1.02429318    
   2.27901721       1.02426672    
   2.28001714       1.02424014    
   2.28101707       1.02421355    
   2.28201699       1.02418709    
   2.28301692       1.02416074    
   2.28401685       1.02413428    
   2.28501678       1.02410793    
   2.28601670       1.02408171    
   2.28701663       1.02405536    
   2.28801656       1.02402914    
   2.28901649       1.02400303    
   2.29001641       1.02397692    
   2.29101634       1.02395093    
   2.29201627       1.02392495    
   2.29301620       1.02389896    
   2.29401612       1.02387309    
   2.29501605       1.02384722    
   2.29601598       1.02382135    
   2.29701591       1.02379560    
   2.29801583       1.02376997    
   2.29901576       1.02374423    
   2.30001569       1.02371871    
   2.30101562       1.02369297    
   2.30201554       1.02366745    
   2.30301547       1.02364206    
   2.30401540       1.02361655    
   2.30501533       1.02359116    
   2.30601525       1.02356577    
   2.30701518       1.02354062    
   2.30801511       1.02351522    
   2.30901504       1.02348995    
   2.31001496       1.02346480    
   2.31101489       1.02343965    
   2.31201482       1.02341461    
   2.31301475       1.02338958    
   2.31401467       1.02336466    
   2.31501460       1.02333963    
   2.31601453       1.02331471    
   2.31701446       1.02328980    
   2.31801438       1.02326512    
   2.31901431       1.02324021    
   2.32001424       1.02321553    
   2.32101417       1.02319086    
   2.32201409       1.02316618    
   2.32301402       1.02314162    
   2.32401395       1.02311695    
   2.32501388       1.02309251    
   2.32601380       1.02306807    
   2.32701373       1.02304351    
   2.32801366       1.02301919    
   2.32901359       1.02299476    
   2.33001351       1.02297056    
   2.33101344       1.02294624    
   2.33201337       1.02292204    
   2.33301330       1.02289784    
   2.33401322       1.02287376    
   2.33501315       1.02284956    
   2.33601308       1.02282548    
   2.33701301       1.02280164    
   2.33801293       1.02277756    
   2.33901286       1.02275360    
   2.34001279       1.02272975    
   2.34101272       1.02270591    
   2.34201264       1.02268231    
   2.34301257       1.02265847    
   2.34401250       1.02263463    
   2.34501243       1.02261114    
   2.34601235       1.02258742    
   2.34701228       1.02256393    
   2.34801221       1.02254033    
   2.34901214       1.02251685    
   2.35001206       1.02249324    
   2.35101199       1.02246988    
   2.35201192       1.02244651    
   2.35301185       1.02242315    
   2.35401177       1.02240002    
   2.35501170       1.02237654    
   2.35601163       1.02235329    
   2.35701156       1.02233016    
   2.35801148       1.02230704    
   2.35901141       1.02228391    
   2.36001134       1.02226090    
   2.36101127       1.02223778    
   2.36201119       1.02221477    
   2.36301112       1.02219188    
   2.36401105       1.02216899    
   2.36501098       1.02214611    
   2.36601090       1.02212322    
   2.36701083       1.02210045    
   2.36801076       1.02207756    
   2.36901069       1.02205503    
   2.37001061       1.02203226    
   2.37101054       1.02200961    
   2.37201047       1.02198708    
   2.37301040       1.02196455    
   2.37401032       1.02194214    
   2.37501025       1.02191937    
   2.37601018       1.02189696    
   2.37701011       1.02187455    
   2.37801003       1.02185214    
   2.37900996       1.02182984    
   2.38000989       1.02180755    
   2.38100982       1.02178526    
   2.38200974       1.02176321    
   2.38300967       1.02174091    
   2.38400960       1.02171886    
   2.38500953       1.02169669    
   2.38600945       1.02167463    
   2.38700938       1.02165270    
   2.38800931       1.02163064    
   2.38900924       1.02160859    
   2.39000916       1.02158654    
   2.39100909       1.02156472    
   2.39200902       1.02154291    
   2.39300895       1.02152109    
   2.39400887       1.02149940    
   2.39500880       1.02147758    
   2.39600873       1.02145588    
   2.39700866       1.02143419    
   2.39800858       1.02141261    
   2.39900851       1.02139103    
   2.40000844       1.02136946    
   2.40100837       1.02134788    
   2.40200830       1.02132654    
   2.40300822       1.02130497    
   2.40400815       1.02128363    
   2.40500808       1.02126229    
   2.40600801       1.02124095    
   2.40700793       1.02121949    
   2.40800786       1.02119839    
   2.40900779       1.02117717    
   2.41000772       1.02115595    
   2.41100764       1.02113473    
   2.41200757       1.02111351    
   2.41300750       1.02109253    
   2.41400743       1.02107143    
   2.41500735       1.02105045    
   2.41600728       1.02102935    
   2.41700721       1.02100837    
   2.41800714       1.02098751    
   2.41900706       1.02096677    
   2.42000699       1.02094567    
   2.42100692       1.02092493    
   2.42200685       1.02090418    
   2.42300677       1.02088344    
   2.42400670       1.02086270    
   2.42500663       1.02084208    
   2.42600656       1.02082145    
   2.42700648       1.02080083    
   2.42800641       1.02078032    
   2.42900634       1.02075970    
   2.43000627       1.02073920    
   2.43100619       1.02071881    
   2.43200612       1.02069819    
   2.43300605       1.02067792    
   2.43400598       1.02065754    
   2.43500590       1.02063715    
   2.43600583       1.02061689    
   2.43700576       1.02059662    
   2.43800569       1.02057636    
   2.43900561       1.02055609    
   2.44000554       1.02053595    
   2.44100547       1.02051580    
   2.44200540       1.02049577    
   2.44300532       1.02047563    
   2.44400525       1.02045548    
   2.44500518       1.02043557    
   2.44600511       1.02041566    
   2.44700503       1.02039564    
   2.44800496       1.02037573    
   2.44900489       1.02035594    
   2.45000482       1.02033603    
   2.45100474       1.02031612    
   2.45200467       1.02029634    
   2.45300460       1.02027655    
   2.45400453       1.02025688    
   2.45500445       1.02023733    
   2.45600438       1.02021742    
   2.45700431       1.02019799    
   2.45800424       1.02017832    
   2.45900416       1.02015877    
   2.46000409       1.02013922    
   2.46100402       1.02011967    
   2.46200395       1.02010024    
   2.46300387       1.02008092    
   2.46400380       1.02006149    
   2.46500373       1.02004206    
   2.46600366       1.02002275    
   2.46700358       1.02000344    
   2.46800351       1.01998425    
   2.46900344       1.01996481    
   2.47000337       1.01994562    
   2.47100329       1.01992655    
   2.47200322       1.01990736    
   2.47300315       1.01988828    
   2.47400308       1.01986909    
   2.47500300       1.01985013    
   2.47600293       1.01983094    
   2.47700286       1.01981199    
   2.47800279       1.01979303    
   2.47900271       1.01977408    
   2.48000264       1.01975524    
   2.48100257       1.01973641    
   2.48200250       1.01971745    
   2.48300242       1.01969862    
   2.48400235       1.01967990    
   2.48500228       1.01966107    
   2.48600221       1.01964235    
   2.48700213       1.01962364    
   2.48800206       1.01960492    
   2.48900199       1.01958632    
   2.49000192       1.01956773    
   2.49100184       1.01954913    
   2.49200177       1.01953065    
   2.49300170       1.01951206    
   2.49400163       1.01949358    
   2.49500155       1.01947522    
   2.49600148       1.01945674    
   2.49700141       1.01943827    
   2.49800134       1.01941991    
   2.49900126       1.01940167    
