  0.115000054      -4.96774960    
  0.116000056      -4.86810207    
  0.117000058      -4.77088499    
  0.118000060      -4.67602062    
  0.119000062      -4.58343315    
  0.120000064      -4.49305058    
  0.121000066      -4.40480185    
  0.122000068      -4.31862068    
  0.123000070      -4.23444319    
  0.124000072      -4.15220690    
  0.125000075      -4.07185173    
  0.126000077      -3.99332190    
  0.127000079      -3.91656160    
  0.128000081      -3.84151721    
  0.129000083      -3.76813912    
  0.130000085      -3.69637752    
  0.131000087      -3.62618470    
  0.132000089      -3.55751586    
  0.133000091      -3.49032640    
  0.134000093      -3.42457461    
  0.135000095      -3.36021924    
  0.136000097      -3.29722142    
  0.137000099      -3.23554254    
  0.138000101      -3.17514634    
  0.139000103      -3.11599708    
  0.140000105      -3.05806112    
  0.141000107      -3.00130510    
  0.142000109      -2.94569755    
  0.143000111      -2.89120698    
  0.144000113      -2.83780408    
  0.145000115      -2.78546000    
  0.146000117      -2.73414707    
  0.147000119      -2.68383837    
  0.148000121      -2.63450742    
  0.149000123      -2.58612967    
  0.150000125      -2.53868032    
  0.151000127      -2.49213552    
  0.152000129      -2.44647336    
  0.153000131      -2.40167069    
  0.154000133      -2.35770679    
  0.155000135      -2.31456041    
  0.156000137      -2.27221203    
  0.157000139      -2.23064113    
  0.158000141      -2.18983006    
  0.159000143      -2.14975929    
  0.160000145      -2.11041236    
  0.161000147      -2.07177043    
  0.162000149      -2.03381801    
  0.163000152      -1.99653840    
  0.164000154      -1.95991588    
  0.165000156      -1.92393541    
  0.166000158      -1.88858199    
  0.167000160      -1.85384083    
  0.168000162      -1.81969845    
  0.169000164      -1.78614104    
  0.170000166      -1.75315535    
  0.171000168      -1.72072864    
  0.172000170      -1.68884802    
  0.173000172      -1.65750194    
  0.174000174      -1.62667835    
  0.175000176      -1.59636569    
  0.176000178      -1.56655288    
  0.177000180      -1.53722942    
  0.178000182      -1.50838411    
  0.179000184      -1.48000705    
  0.180000186      -1.45208836    
  0.181000188      -1.42461777    
  0.182000190      -1.39758646    
  0.183000192      -1.37098491    
  0.184000194      -1.34480417    
  0.185000196      -1.31903565    
  0.186000198      -1.29367054    
  0.187000200      -1.26870096    
  0.188000202      -1.24411833    
  0.189000204      -1.21991491    
  0.190000206      -1.19608343    
  0.191000208      -1.17261600    
  0.192000210      -1.14950538    
  0.193000212      -1.12674475    
  0.194000214      -1.10432696    
  0.195000216      -1.08224523    
  0.196000218      -1.06049299    
  0.197000220      -1.03906381    
  0.198000222      -1.01795161    
  0.199000224     -0.997149885    
  0.200000226     -0.976653099    
  0.201000229     -0.956455171    
  0.202000231     -0.936550379    
  0.203000233     -0.916933477    
  0.204000235     -0.897598863    
  0.205000237     -0.878541052    
  0.206000239     -0.859755099    
  0.207000241     -0.841235995    
  0.208000243     -0.822978616    
  0.209000245     -0.804978311    
  0.210000247     -0.787230492    
  0.211000249     -0.769730210    
  0.212000251     -0.752473354    
  0.213000253     -0.735455334    
  0.214000255     -0.718671739    
  0.215000257     -0.702118695    
  0.216000259     -0.685791969    
  0.217000261     -0.669687390    
  0.218000263     -0.653801322    
  0.219000265     -0.638129711    
  0.220000267     -0.622669041    
  0.221000269     -0.607415438    
  0.222000271     -0.592365384    
  0.223000273     -0.577515423    
  0.224000275     -0.562862158    
  0.225000277     -0.548402071    
  0.226000279     -0.534132123    
  0.227000281     -0.520048857    
  0.228000283     -0.506149232    
  0.229000285     -0.492430240    
  0.230000287     -0.478888780    
  0.231000289     -0.465521991    
  0.232000291     -0.452326894    
  0.233000293     -0.439300686    
  0.234000295     -0.426440686    
  0.235000297     -0.413744062    
  0.236000299     -0.401208222    
  0.237000301     -0.388830572    
  0.238000304     -0.376608551    
  0.239000306     -0.364539653    
  0.240000308     -0.352621406    
  0.241000310     -0.340851456    
  0.242000312     -0.329227477    
  0.243000314     -0.317747176    
  0.244000316     -0.306408197    
  0.245000318     -0.295208454    
  0.246000320     -0.284145683    
  0.247000322     -0.273217857    
  0.248000324     -0.262422830    
  0.249000326     -0.251758546    
  0.250000328     -0.241223037    
  0.251000315     -0.230814382    
  0.252000302     -0.220530570    
  0.253000289     -0.210369766    
  0.254000276     -0.200330123    
  0.255000263     -0.190409824    
  0.256000251     -0.180607021    
  0.257000238     -0.170920044    
  0.258000225     -0.161347151    
  0.259000212     -0.151886642    
  0.260000199     -0.142536893    
  0.261000186     -0.133296281    
  0.262000173     -0.124163188    
  0.263000160     -0.115136094    
  0.264000148     -0.106213428    
  0.265000135      -9.73937139E-02
  0.266000122      -8.86754692E-02
  0.267000109      -8.00572336E-02
  0.268000096      -7.15376064E-02
  0.269000083      -6.31151646E-02
  0.270000070      -5.47885522E-02
  0.271000057      -4.65564243E-02
  0.272000045      -3.84174511E-02
  0.273000032      -3.03703323E-02
  0.274000019      -2.24137940E-02
  0.275000006      -1.45465843E-02
  0.275999993      -6.76746853E-03
  0.276999980       9.24760010E-04
  0.277999967       8.53129290E-03
  0.278999954       1.60532948E-02
  0.279999942       2.34919172E-02
  0.280999929       3.08482833E-02
  0.281999916       3.81235108E-02
  0.282999903       4.53186706E-02
  0.283999890       5.24348430E-02
  0.284999877       5.94730861E-02
  0.285999864       6.64344206E-02
  0.286999851       7.33198747E-02
  0.287999839       8.01304430E-02
  0.288999826       8.68671089E-02
  0.289999813       9.35308337E-02
  0.290999800      0.100122556    
  0.291999787      0.106643230    
  0.292999774      0.113093793    
  0.293999761      0.119475111    
  0.294999748      0.125788063    
  0.295999736      0.132033557    
  0.296999723      0.138212427    
  0.297999710      0.144325525    
  0.298999697      0.150373682    
  0.299999684      0.156357720    
  0.300999671      0.162278444    
  0.301999658      0.168136641    
  0.302999645      0.173933089    
  0.303999633      0.179668546    
  0.304999620      0.185343772    
  0.305999607      0.190959513    
  0.306999594      0.196516514    
  0.307999581      0.202015430    
  0.308999568      0.207457036    
  0.309999555      0.212842003    
  0.310999542      0.218171000    
  0.311999530      0.223444715    
  0.312999517      0.228663817    
  0.313999504      0.233828977    
  0.314999491      0.238940790    
  0.315999478      0.243999898    
  0.316999465      0.249006957    
  0.317999452      0.253962576    
  0.318999439      0.258867353    
  0.319999427      0.263721824    
  0.320999414      0.268526644    
  0.321999401      0.273282379    
  0.322999388      0.277989596    
  0.323999375      0.282648802    
  0.324999362      0.287260622    
  0.325999349      0.291825563    
  0.326999336      0.296344161    
  0.327999324      0.300816953    
  0.328999311      0.305244446    
  0.329999298      0.309627116    
  0.330999285      0.313965559    
  0.331999272      0.318260193    
  0.332999259      0.322511464    
  0.333999246      0.326719999    
  0.334999233      0.330886155    
  0.335999221      0.335010469    
  0.336999208      0.339093328    
  0.337999195      0.343135238    
  0.338999182      0.347136617    
  0.339999169      0.351097912    
  0.340999156      0.355019599    
  0.341999143      0.358902037    
  0.342999130      0.362745672    
  0.343999118      0.366550982    
  0.344999105      0.370318323    
  0.345999092      0.374048024    
  0.346999079      0.377740651    
  0.347999066      0.381396502    
  0.348999053      0.385015875    
  0.349999040      0.388599336    
  0.350999027      0.392147124    
  0.351999015      0.395659685    
  0.352999002      0.399137318    
  0.353998989      0.402580410    
  0.354998976      0.405989379    
  0.355998963      0.409364522    
  0.356998950      0.412706137    
  0.357998937      0.416014612    
  0.358998924      0.419290304    
  0.359998912      0.422533542    
  0.360998899      0.425744563    
  0.361998886      0.428923845    
  0.362998873      0.432071507    
  0.363998860      0.435188025    
  0.364998847      0.438273728    
  0.365998834      0.441328853    
  0.366998821      0.444353700    
  0.367998809      0.447348446    
  0.368998796      0.450313568    
  0.369998783      0.453249335    
  0.370998770      0.456155956    
  0.371998757      0.459033757    
  0.372998744      0.461883008    
  0.373998731      0.464704007    
  0.374998719      0.467496991    
  0.375998706      0.470262170    
  0.376998693      0.472999930    
  0.377998680      0.475710452    
  0.378998667      0.478394032    
  0.379998654      0.481050819    
  0.380998641      0.483681202    
  0.381998628      0.486285359    
  0.382998616      0.488863528    
  0.383998603      0.491416007    
  0.384998590      0.493943065    
  0.385998577      0.496444762    
  0.386998564      0.498921424    
  0.387998551      0.501373351    
  0.388998538      0.503800571    
  0.389998525      0.506203592    
  0.390998513      0.508582354    
  0.391998500      0.510937333    
  0.392998487      0.513268471    
  0.393998474      0.515576124    
  0.394998461      0.517860591    
  0.395998448      0.520121932    
  0.396998435      0.522360444    
  0.397998422      0.524576187    
  0.398998410      0.526769519    
  0.399998397      0.528940439    
  0.400998384      0.531089365    
  0.401998371      0.533216417    
  0.402998358      0.535321593    
  0.403998345      0.537405372    
  0.404998332      0.539467812    
  0.405998319      0.541509032    
  0.406998307      0.543529272    
  0.407998294      0.545528769    
  0.408998281      0.547507524    
  0.409998268      0.549465895    
  0.410998255      0.551403880    
  0.411998242      0.553321838    
  0.412998229      0.555219889    
  0.413998216      0.557098031    
  0.414998204      0.558956504    
  0.415998191      0.560795546    
  0.416998178      0.562615335    
  0.417998165      0.564415872    
  0.418998152      0.566197395    
  0.419998139      0.567960083    
  0.420998126      0.569704175    
  0.421998113      0.571429551    
  0.422998101      0.573136628    
  0.423998088      0.574825406    
  0.424998075      0.576496005    
  0.425998062      0.578148723    
  0.426998049      0.579783499    
  0.427998036      0.581400692    
  0.428998023      0.583000243    
  0.429998010      0.584582388    
  0.430997998      0.586147308    
  0.431997985      0.587694883    
  0.432997972      0.589225471    
  0.433997959      0.590739250    
  0.434997946      0.592236221    
  0.435997933      0.593716502    
  0.436997920      0.595180333    
  0.437997907      0.596627593    
  0.438997895      0.598058641    
  0.439997882      0.599473536    
  0.440997869      0.600872397    
  0.441997856      0.602255225    
  0.442997843      0.603622377    
  0.443997830      0.604973733    
  0.444997817      0.606309533    
  0.445997804      0.607629776    
  0.446997792      0.608934641    
  0.447997779      0.610224366    
  0.448997766      0.611498892    
  0.449997753      0.612758279    
  0.450997740      0.614002824    
  0.451997727      0.615232468    
  0.452997714      0.616447389    
  0.453997701      0.617647707    
  0.454997689      0.618833482    
  0.455997676      0.620004833    
  0.456997663      0.621161819    
  0.457997650      0.622304559    
  0.458997637      0.623433113    
  0.459997624      0.624547660    
  0.460997611      0.625648201    
  0.461997598      0.626734972    
  0.462997586      0.627807975    
  0.463997573      0.628867209    
  0.464997560      0.629912853    
  0.465997547      0.630944967    
  0.466997534      0.631963670    
  0.467997521      0.632968962    
  0.468997508      0.633961141    
  0.469997495      0.634940147    
  0.470997483      0.635905981    
  0.471997470      0.636858940    
  0.472997457      0.637798846    
  0.473997444      0.638725996    
  0.474997431      0.639640272    
  0.475997418      0.640542030    
  0.476997405      0.641431093    
  0.477997392      0.642307639    
  0.478997380      0.643171668    
  0.479997367      0.644023359    
  0.480997354      0.644862831    
  0.481997341      0.645690084    
  0.482997328      0.646505058    
  0.483997315      0.647307992    
  0.484997302      0.648098767    
  0.485997289      0.648877800    
  0.486997277      0.649644911    
  0.487997264      0.650400221    
  0.488997251      0.651143730    
  0.489997238      0.651875615    
  0.490997225      0.652595818    
  0.491997212      0.653304517    
  0.492997199      0.654001713    
  0.493997186      0.654687583    
  0.494997174      0.655361950    
  0.495997161      0.656025171    
  0.496997148      0.656677127    
  0.497997135      0.657317877    
  0.498997122      0.657947600    
  0.499997109      0.658566177    
  0.500997126      0.659173787    
  0.501997113      0.659770548    
  0.502997100      0.660356402    
  0.503997087      0.660931289    
  0.504997075      0.661495626    
  0.505997062      0.662049174    
  0.506997049      0.662591934    
  0.507997036      0.663124263    
  0.508997023      0.663646042    
  0.509997010      0.664157271    
  0.510996997      0.664658070    
  0.511996984      0.665148616    
  0.512996972      0.665628672    
  0.513996959      0.666098535    
  0.514996946      0.666558087    
  0.515996933      0.667007327    
  0.516996920      0.667446554    
  0.517996907      0.667875886    
  0.518996894      0.668294907    
  0.519996881      0.668704033    
  0.520996869      0.669103265    
  0.521996856      0.669492543    
  0.522996843      0.669871867    
  0.523996830      0.670241594    
  0.524996817      0.670601428    
  0.525996804      0.670951605    
  0.526996791      0.671292007    
  0.527996778      0.671622753    
  0.528996766      0.671944022    
  0.529996753      0.672255576    
  0.530996740      0.672557831    
  0.531996727      0.672850490    
  0.532996714      0.673133731    
  0.533996701      0.673407435    
  0.534996688      0.673672080    
  0.535996675      0.673927188    
  0.536996663      0.674173117    
  0.537996650      0.674409807    
  0.538996637      0.674637318    
  0.539996624      0.674855471    
  0.540996611      0.675064683    
  0.541996598      0.675264835    
  0.542996585      0.675455868    
  0.543996572      0.675637960    
  0.544996560      0.675810993    
  0.545996547      0.675975204    
  0.546996534      0.676130354    
  0.547996521      0.676276565    
  0.548996508      0.676414073    
  0.549996495      0.676542699    
  0.550996482      0.676662505    
  0.551996469      0.676773548    
  0.552996457      0.676875949    
  0.553996444      0.676969707    
  0.554996431      0.677054703    
  0.555996418      0.677131116    
  0.556996405      0.677198946    
  0.557996392      0.677258193    
  0.558996379      0.677308917    
  0.559996367      0.677351117    
  0.560996354      0.677384853    
  0.561996341      0.677410066    
  0.562996328      0.677426875    
  0.563996315      0.677435279    
  0.564996302      0.677435338    
  0.565996289      0.677427053    
  0.566996276      0.677410424    
  0.567996264      0.677385569    
  0.568996251      0.677352428    
  0.569996238      0.677311003    
  0.570996225      0.677261353    
  0.571996212      0.677203536    
  0.572996199      0.677137613    
  0.573996186      0.677063346    
  0.574996173      0.676981151    
  0.575996161      0.676890790    
  0.576996148      0.676792383    
  0.577996135      0.676685870    
  0.578996122      0.676571310    
  0.579996109      0.676448762    
  0.580996096      0.676318228    
  0.581996083      0.676179707    
  0.582996070      0.676033258    
  0.583996058      0.675879061    
  0.584996045      0.675716698    
  0.585996032      0.675546587    
  0.586996019      0.675368547    
  0.587996006      0.675182700    
  0.588995993      0.674989045    
  0.589995980      0.674787462    
  0.590995967      0.674578249    
  0.591995955      0.674361050    
  0.592995942      0.674136341    
  0.593995929      0.673903763    
  0.594995916      0.673663557    
  0.595995903      0.673415542    
  0.596995890      0.673159957    
  0.597995877      0.672896624    
  0.598995864      0.672625601    
  0.599995852      0.672347069    
  0.600995839      0.672060728    
  0.601995826      0.671766937    
  0.602995813      0.671465516    
  0.603995800      0.671156526    
  0.604995787      0.670840025    
  0.605995774      0.670515895    
  0.606995761      0.670184255    
  0.607995749      0.669845104    
  0.608995736      0.669498384    
  0.609995723      0.669144332    
  0.610995710      0.668782711    
  0.611995697      0.668413639    
  0.612995684      0.668037057    
  0.613995671      0.667653143    
  0.614995658      0.667261720    
  0.615995646      0.666862965    
  0.616995633      0.666456699    
  0.617995620      0.666043162    
  0.618995607      0.665622175    
  0.619995594      0.665193796    
  0.620995581      0.664758027    
  0.621995568      0.664314985    
  0.622995555      0.663864613    
  0.623995543      0.663406909    
  0.624995530      0.662941813    
  0.625995517      0.662469447    
  0.626995504      0.661989689    
  0.627995491      0.661502779    
  0.628995478      0.661008477    
  0.629995465      0.660507083    
  0.630995452      0.659998357    
  0.631995440      0.659482181    
  0.632995427      0.658959031    
  0.633995414      0.658428431    
  0.634995401      0.657890677    
  0.635995388      0.657345533    
  0.636995375      0.656793416    
  0.637995362      0.656233966    
  0.638995349      0.655667424    
  0.639995337      0.655093610    
  0.640995324      0.654512584    
  0.641995311      0.653924406    
  0.642995298      0.653328955    
  0.643995285      0.652726352    
  0.644995272      0.652116716    
  0.645995259      0.651499808    
  0.646995246      0.650875628    
  0.647995234      0.650244474    
  0.648995221      0.649606168    
  0.649995208      0.648960650    
  0.650995195      0.648307979    
  0.651995182      0.647648096    
  0.652995169      0.646981180    
  0.653995156      0.646307170    
  0.654995143      0.645626009    
  0.655995131      0.644937634    
  0.656995118      0.644242287    
  0.657995105      0.643539846    
  0.658995092      0.642830074    
  0.659995079      0.642113268    
  0.660995066      0.641389430    
  0.661995053      0.640658379    
  0.662995040      0.639920175    
  0.663995028      0.639175057    
  0.664995015      0.638422668    
  0.665995002      0.637663305    
  0.666994989      0.636896849    
  0.667994976      0.636123240    
  0.668994963      0.635342479    
  0.669994950      0.634554744    
  0.670994937      0.633759797    
  0.671994925      0.632957816    
  0.672994912      0.632148802    
  0.673994899      0.631332517    
  0.674994886      0.630509198    
  0.675994873      0.629678786    
  0.676994860      0.628841281    
  0.677994847      0.627996743    
  0.678994834      0.627144992    
  0.679994822      0.626286209    
  0.680994809      0.625420332    
  0.681994796      0.624547422    
  0.682994783      0.623667240    
  0.683994770      0.622780085    
  0.684994757      0.621885538    
  0.685994744      0.620984137    
  0.686994731      0.620075583    
  0.687994719      0.619159937    
  0.688994706      0.618237078    
  0.689994693      0.617307246    
  0.690994680      0.616370142    
  0.691994667      0.615425944    
  0.692994654      0.614474714    
  0.693994641      0.613516271    
  0.694994628      0.612550676    
  0.695994616      0.611577928    
  0.696994603      0.610598028    
  0.697994590      0.609610975    
  0.698994577      0.608616710    
  0.699994564      0.607615352    
  0.700994551      0.606606841    
  0.701994538      0.605591059    
  0.702994525      0.604568183    
  0.703994513      0.603538096    
  0.704994500      0.602500916    
  0.705994487      0.601456523    
  0.706994474      0.600404739    
  0.707994461      0.599345922    
  0.708994448      0.598279893    
  0.709994435      0.597206593    
  0.710994422      0.596126020    
  0.711994410      0.595038235    
  0.712994397      0.593943238    
  0.713994384      0.592840970    
  0.714994371      0.591731548    
  0.715994358      0.590614796    
  0.716994345      0.589490771    
  0.717994332      0.588359475    
  0.718994319      0.587221026    
  0.719994307      0.586075127    
  0.720994294      0.584921956    
  0.721994281      0.583761394    
  0.722994268      0.582593679    
  0.723994255      0.581418574    
  0.724994242      0.580236018    
  0.725994229      0.579046309    
  0.726994216      0.577849150    
  0.727994204      0.576644719    
  0.728994191      0.575432777    
  0.729994178      0.574213684    
  0.730994165      0.572986901    
  0.731994152      0.571752846    
  0.732994139      0.570511520    
  0.733994126      0.569262564    
  0.734994113      0.568006337    
  0.735994101      0.566742480    
  0.736994088      0.565471351    
  0.737994075      0.564192772    
  0.738994062      0.562906623    
  0.739994049      0.561613142    
  0.740994036      0.560312152    
  0.741994023      0.559003472    
  0.742994010      0.557687461    
  0.743993998      0.556363761    
  0.744993985      0.555032611    
  0.745993972      0.553693950    
  0.746993959      0.552347600    
  0.747993946      0.550993681    
  0.748993933      0.549632192    
  0.749993920      0.548263192    
  0.750993907      0.546886504    
  0.751993895      0.545502126    
  0.752993882      0.544110239    
  0.753993869      0.542710662    
  0.754993856      0.541303337    
  0.755993843      0.539888382    
  0.756993830      0.538465738    
  0.757993817      0.537035346    
  0.758993804      0.535597324    
  0.759993792      0.534151435    
  0.760993779      0.532697856    
  0.761993766      0.531236529    
  0.762993753      0.529767394    
  0.763993740      0.528290451    
  0.764993727      0.526805758    
  0.765993714      0.525313199    
  0.766993701      0.523812771    
  0.767993689      0.522304535    
  0.768993676      0.520788431    
  0.769993663      0.519264281    
  0.770993650      0.517732322    
  0.771993637      0.516192496    
  0.772993624      0.514644623    
  0.773993611      0.513088942    
  0.774993598      0.511525154    
  0.775993586      0.509953439    
  0.776993573      0.508373678    
  0.777993560      0.506785929    
  0.778993547      0.505190134    
  0.779993534      0.503586292    
  0.780993521      0.501974225    
  0.781993508      0.500354350    
  0.782993495      0.498726159    
  0.783993483      0.497089982    
  0.784993470      0.495445549    
  0.785993457      0.493792862    
  0.786993444      0.492132038    
  0.787993431      0.490463108    
  0.788993418      0.488785952    
  0.789993405      0.487100422    
  0.790993392      0.485406786    
  0.791993380      0.483704746    
  0.792993367      0.481994539    
  0.793993354      0.480275899    
  0.794993341      0.478549033    
  0.795993328      0.476813585    
  0.796993315      0.475069940    
  0.797993302      0.473317832    
  0.798993289      0.471557319    
  0.799993277      0.469788253    
  0.800993264      0.468010873    
  0.801993251      0.466224939    
  0.802993238      0.464430571    
  0.803993225      0.462627500    
  0.804993212      0.460815996    
  0.805993199      0.458996028    
  0.806993186      0.457167357    
  0.807993174      0.455330074    
  0.808993161      0.453484118    
  0.809993148      0.451629519    
  0.810993135      0.449766219    
  0.811993122      0.447894335    
  0.812993109      0.446013480    
  0.813993096      0.444124013    
  0.814993083      0.442225993    
  0.815993071      0.440318793    
  0.816993058      0.438403070    
  0.817993045      0.436478317    
  0.818993032      0.434544653    
  0.819993019      0.432602197    
  0.820993006      0.430650711    
  0.821992993      0.428690523    
  0.822992980      0.426721185    
  0.823992968      0.424742788    
  0.824992955      0.422755539    
  0.825992942      0.420759171    
  0.826992929      0.418753803    
  0.827992916      0.416739255    
  0.828992903      0.414715558    
  0.829992890      0.412682712    
  0.830992877      0.410640776    
  0.831992865      0.408589453    
  0.832992852      0.406529158    
  0.833992839      0.404459447    
  0.834992826      0.402380586    
  0.835992813      0.400292367    
  0.836992800      0.398194760    
  0.837992787      0.396087766    
  0.838992774      0.393971533    
  0.839992762      0.391845673    
  0.840992749      0.389710546    
  0.841992736      0.387565762    
  0.842992723      0.385411590    
  0.843992710      0.383247942    
  0.844992697      0.381074607    
  0.845992684      0.378891826    
  0.846992671      0.376699328    
  0.847992659      0.374497145    
  0.848992646      0.372285336    
  0.849992633      0.370063961    
  0.850992620      0.367832631    
  0.851992607      0.365591645    
  0.852992594      0.363340735    
  0.853992581      0.361080170    
  0.854992568      0.358809561    
  0.855992556      0.356529206    
  0.856992543      0.354238868    
  0.857992530      0.351938635    
  0.858992517      0.349628329    
  0.859992504      0.347308129    
  0.860992491      0.344977796    
  0.861992478      0.342637300    
  0.862992465      0.340286791    
  0.863992453      0.337926149    
  0.864992440      0.335555315    
  0.865992427      0.333174229    
  0.866992414      0.330783010    
  0.867992401      0.328381449    
  0.868992388      0.325969547    
  0.869992375      0.323547363    
  0.870992362      0.321114808    
  0.871992350      0.318671733    
  0.872992337      0.316218406    
  0.873992324      0.313754410    
  0.874992311      0.311279923    
  0.875992298      0.308794975    
  0.876992285      0.306299359    
  0.877992272      0.303793162    
  0.878992260      0.301276356    
  0.879992247      0.298748761    
  0.880992234      0.296210587    
  0.881992221      0.293661565    
  0.882992208      0.291101605    
  0.883992195      0.288530976    
  0.884992182      0.285949439    
  0.885992169      0.283356935    
  0.886992157      0.280753523    
  0.887992144      0.278139174    
  0.888992131      0.275513738    
  0.889992118      0.272877276    
  0.890992105      0.270229727    
  0.891992092      0.267571032    
  0.892992079      0.264901131    
  0.893992066      0.262220025    
  0.894992054      0.259527653    
  0.895992041      0.256824046    
  0.896992028      0.254109055    
  0.897992015      0.251382679    
  0.898992002      0.248644873    
  0.899991989      0.245895654    
  0.900991976      0.243134946    
  0.901991963      0.240362778    
  0.902991951      0.237578973    
  0.903991938      0.234783545    
  0.904991925      0.231976449    
  0.905991912      0.229157716    
  0.906991899      0.226327181    
  0.907991886      0.223484963    
  0.908991873      0.220630839    
  0.909991860      0.217764825    
  0.910991848      0.214886889    
  0.911991835      0.211997151    
  0.912991822      0.209095314    
  0.913991809      0.206181452    
  0.914991796      0.203255534    
  0.915991783      0.200317457    
  0.916991770      0.197367251    
  0.917991757      0.194404796    
  0.918991745      0.191430122    
  0.919991732      0.188443109    
  0.920991719      0.185443833    
  0.921991706      0.182432115    
  0.922991693      0.179407895    
  0.923991680      0.176371261    
  0.924991667      0.173322082    
  0.925991654      0.170260355    
  0.926991642      0.167185947    
  0.927991629      0.164098978    
  0.928991616      0.160999164    
  0.929991603      0.157886699    
  0.930991590      0.154761389    
  0.931991577      0.151623204    
  0.932991564      0.148472115    
  0.933991551      0.145308122    
  0.934991539      0.142131060    
  0.935991526      0.138941005    
  0.936991513      0.135737777    
  0.937991500      0.132521451    
  0.938991487      0.129291981    
  0.939991474      0.126049221    
  0.940991461      0.122793153    
  0.941991448      0.119523726    
  0.942991436      0.116240948    
  0.943991423      0.112944700    
  0.944991410      0.109634958    
  0.945991397      0.106311679    
  0.946991384      0.102974802    
  0.947991371       9.96242613E-02
  0.948991358       9.62599665E-02
  0.949991345       9.28820372E-02
  0.950991333       8.94902125E-02
  0.951991320       8.60845149E-02
  0.952991307       8.26649219E-02
  0.953991294       7.92314112E-02
  0.954991281       7.57838339E-02
  0.955991268       7.23221526E-02
  0.956991255       6.88464344E-02
  0.957991242       6.53564483E-02
  0.958991230       6.18522614E-02
  0.959991217       5.83337843E-02
  0.960991204       5.48009239E-02
  0.961991191       5.12537137E-02
  0.962991178       4.76920232E-02
  0.963991165       4.41158004E-02
  0.964991152       4.05250266E-02
  0.965991139       3.69196311E-02
  0.966991127       3.32995392E-02
  0.967991114       2.96647251E-02
  0.968991101       2.60151010E-02
  0.969991088       2.23506279E-02
  0.970991075       1.86712407E-02
  0.971991062       1.49768777E-02
  0.972991049       1.12674907E-02
  0.973991036       7.54300971E-03
  0.974991024       3.80338985E-03
  0.975991011       4.85617129E-05
  0.976990998      -3.72153148E-03
  0.977990985      -7.50694843E-03
  0.978990972      -1.13077508E-02
  0.979990959      -1.51239997E-02
  0.980990946      -1.89557541E-02
  0.981990933      -2.28030756E-02
  0.982990921      -2.66660191E-02
  0.983990908      -3.05446573E-02
  0.984990895      -3.44390385E-02
  0.985990882      -3.83492373E-02
  0.986990869      -4.22753058E-02
  0.987990856      -4.62173261E-02
  0.988990843      -5.01753390E-02
  0.989990830      -5.41494228E-02
  0.990990818      -5.81395887E-02
  0.991990805      -6.21459931E-02
  0.992990792      -6.61686659E-02
  0.993990779      -7.02075884E-02
  0.994990766      -7.42629617E-02
  0.995990753      -7.83347115E-02
  0.996990740      -8.24230313E-02
  0.997990727      -8.65279138E-02
  0.998990715      -9.06494334E-02
  0.999990702      -9.47877020E-02
   1.00099075      -9.89426970E-02
   1.00199080     -0.103114523    
   1.00299084     -0.107303299    
   1.00399089     -0.111509055    
   1.00499094     -0.115731850    
   1.00599098     -0.119971722    
   1.00699103     -0.124228872    
   1.00799108     -0.128503159    
   1.00899112     -0.132794768    
   1.00999117     -0.137103766    
   1.01099122     -0.141430259    
   1.01199126     -0.145774275    
   1.01299131     -0.150135875    
   1.01399136     -0.154515028    
   1.01499140     -0.158912152    
   1.01599145     -0.163326859    
   1.01699150     -0.167759523    
   1.01799154     -0.172210097    
   1.01899159     -0.176678762    
   1.01999164     -0.181165427    
   1.02099168     -0.185670272    
   1.02199173     -0.190193400    
   1.02299178     -0.194734782    
   1.02399182     -0.199294627    
   1.02499187     -0.203872681    
   1.02599192     -0.208469421    
   1.02699196     -0.213084847    
   1.02799201     -0.217718825    
   1.02899206     -0.222371385    
   1.02999210     -0.227043077    
   1.03099215     -0.231733441    
   1.03199220     -0.236443073    
   1.03299224     -0.241171479    
   1.03399229     -0.245918944    
   1.03499234     -0.250685781    
   1.03599238     -0.255471766    
   1.03699243     -0.260277182    
   1.03799248     -0.265101969    
   1.03899252     -0.269946307    
   1.03999257     -0.274809986    
   1.04099262     -0.279693574    
   1.04199266     -0.284596920    
   1.04299271     -0.289519876    
   1.04399276     -0.294462770    
   1.04499280     -0.299425751    
   1.04599285     -0.304408669    
   1.04699290     -0.309411675    
   1.04799294     -0.314435095    
   1.04899299     -0.319478393    
   1.04999304     -0.324542254    
   1.05099308     -0.329626918    
   1.05199313     -0.334731698    
   1.05299318     -0.339857072    
   1.05399323     -0.345003307    
   1.05499327     -0.350170344    
   1.05599332     -0.355357736    
   1.05699337     -0.360566318    
   1.05799341     -0.365796208    
   1.05899346     -0.371046960    
   1.05999351     -0.376318753    
   1.06099355     -0.381611943    
   1.06199360     -0.386926413    
   1.06299365     -0.392262369    
   1.06399369     -0.397619545    
   1.06499374     -0.402998716    
   1.06599379     -0.408399194    
   1.06699383     -0.413821638    
   1.06799388     -0.419265747    
   1.06899393     -0.424731612    
   1.06999397     -0.430219889    
   1.07099402     -0.435729980    
   1.07199407     -0.441262335    
   1.07299411     -0.446816981    
   1.07399416     -0.452393919    
   1.07499421     -0.457993388    
   1.07599425     -0.463615149    
   1.07699430     -0.469259650    
   1.07799435     -0.474926978    
   1.07899439     -0.480616242    
   1.07999444     -0.486328810    
   1.08099449     -0.492064297    
   1.08199453     -0.497823089    
   1.08299458     -0.503604770    
   1.08399463     -0.509409964    
   1.08499467     -0.515238106    
   1.08599472     -0.521089435    
   1.08699477     -0.526964188    
   1.08799481     -0.532863081    
   1.08899486     -0.538785040    
   1.08999491     -0.544730902    
   1.09099495     -0.550700605    
   1.09199500     -0.556694388    
   1.09299505     -0.562711596    
   1.09399509     -0.568753481    
   1.09499514     -0.574818254    
   1.09599519     -0.580908597    
   1.09699523     -0.587022841    
   1.09799528     -0.593161345    
   1.09899533     -0.599324226    
   1.09999537     -0.605512679    
   1.10099542     -0.611724615    
   1.10199547     -0.617961764    
   1.10299551     -0.624223471    
   1.10399556     -0.630510330    
   1.10499561     -0.636822283    
   1.10599566     -0.643159330    
   1.10699570     -0.649521351    
   1.10799575     -0.655908644    
   1.10899580     -0.662321508    
   1.10999584     -0.668759584    
   1.11099589     -0.675223410    
   1.11199594     -0.681713343    
   1.11299598     -0.688228250    
   1.11399603     -0.694769502    
   1.11499608     -0.701335967    
   1.11599612     -0.707928777    
   1.11699617     -0.714547873    
   1.11799622     -0.721192241    
   1.11899626     -0.727863550    
   1.11999631     -0.734561205    
   1.12099636     -0.741285145    
   1.12199640     -0.748035669    
   1.12299645     -0.754812241    
   1.12399650     -0.761616051    
   1.12499654     -0.768447638    
   1.12599659     -0.775303781    
   1.12699664     -0.782188952    
   1.12799668     -0.789099693    
   1.12899673     -0.796037495    
   1.12999678     -0.803003609    
   1.13099682     -0.809995294    
   1.13199687     -0.817016244    
   1.13299692     -0.824063659    
   1.13399696     -0.831138313    
   1.13499701     -0.838240802    
   1.13599706     -0.845370829    
   1.13699710     -0.852528870    
   1.13799715     -0.859714746    
   1.13899720     -0.866928875    
   1.13999724     -0.874170601    
   1.14099729     -0.881440043    
   1.14199734     -0.888738930    
   1.14299738     -0.896064937    
   1.14399743     -0.903418481    
   1.14499748     -0.910801113    
   1.14599752     -0.918213248    
   1.14699757     -0.925653815    
   1.14799762     -0.933122039    
   1.14899766     -0.940618813    
   1.14999771     -0.948144734    
   1.15099776     -0.955700040    
   1.15199780     -0.963283300    
   1.15299785     -0.970897138    
   1.15399790     -0.978538692    
   1.15499794     -0.986209571    
   1.15599799     -0.993909419    
   1.15699804      -1.00163972    
   1.15799809      -1.00939775    
   1.15899813      -1.01718652    
   1.15999818      -1.02500474    
   1.16099823      -1.03285193    
   1.16199827      -1.04072881    
   1.16299832      -1.04863596    
   1.16399837      -1.05657232    
   1.16499841      -1.06453919    
   1.16599846      -1.07253456    
   1.16699851      -1.08056080    
   1.16799855      -1.08861721    
   1.16899860      -1.09670413    
   1.16999865      -1.10481870    
   1.17099869      -1.11296570    
   1.17199874      -1.12114286    
   1.17299879      -1.12934911    
   1.17399883      -1.13758755    
   1.17499888      -1.14585531    
   1.17599893      -1.15415430    
   1.17699897      -1.16248238    
   1.17799902      -1.17084181    
   1.17899907      -1.17923164    
   1.17999911      -1.18765187    
   1.18099916      -1.19610393    
   1.18199921      -1.20458663    
   1.18299925      -1.21309948    
   1.18399930      -1.22164392    
   1.18499935      -1.23021853    
   1.18599939      -1.23882365    
   1.18699944      -1.24745917    
   1.18799949      -1.25612676    
   1.18899953      -1.26482570    
   1.18999958      -1.27355540    
   1.19099963      -1.28231537    
   1.19199967      -1.29110610    
   1.19299972      -1.29993021    
   1.19399977      -1.30878472    
   1.19499981      -1.31766832    
   1.19599986      -1.32658613    
   1.19699991      -1.33553243    
   1.19799995      -1.34451103    
   1.19900000      -1.35352194    
   1.20000005      -1.36256313    
   1.20100009      -1.37163460    
   1.20200014      -1.38073719    
   1.20300019      -1.38987243    
   1.20400023      -1.39903903    
   1.20500028      -1.40823698    
   1.20600033      -1.41746628    
   1.20700037      -1.42672551    
   1.20800042      -1.43601704    
   1.20900047      -1.44533956    
   1.21000051      -1.45469284    
   1.21100056      -1.46407795    
   1.21200061      -1.47349334    
   1.21300066      -1.48294222    
   1.21400070      -1.49242067    
   1.21500075      -1.50192869    
   1.21600080      -1.51147044    
   1.21700084      -1.52104104    
   1.21800089      -1.53064454    
   1.21900094      -1.54027867    
   1.22000098      -1.54994082    
   1.22100103      -1.55963707    
   1.22200108      -1.56936407    
   1.22300112      -1.57912171    
   1.22400117      -1.58891022    
   1.22500122      -1.59872937    
   1.22600126      -1.60857761    
   1.22700131      -1.61845851    
   1.22800136      -1.62836850    
   1.22900140      -1.63830829    
   1.23000145      -1.64828002    
   1.23100150      -1.65828073    
   1.23200154      -1.66831255    
   1.23300159      -1.67837322    
   1.23400164      -1.68846595    
   1.23500168      -1.69858682    
   1.23600173      -1.70873761    
   1.23700178      -1.71892047    
   1.23800182      -1.72912931    
   1.23900187      -1.73937333    
   1.24000192      -1.74963784    
   1.24100196      -1.75993991    
   1.24200201      -1.77026427    
   1.24300206      -1.78062201    
   1.24400210      -1.79100859    
   1.24500215      -1.80142188    
   1.24600220      -1.81186163    
   1.24700224      -1.82233346    
   1.24800229      -1.83283293    
   1.24900234      -1.84336233    
   1.25000238      -1.85391474    
   1.25100243      -1.86450028    
   1.25200248      -1.87510860    
   1.25300252      -1.88574529    
   1.25400257      -1.89640927    
   1.25500262      -1.90710163    
   1.25600266      -1.91782105    
   1.25700271      -1.92856264    
   1.25800276      -1.93933368    
   1.25900280      -1.95012903    
   1.26000285      -1.96095359    
   1.26100290      -1.97180617    
   1.26200294      -1.98267531    
   1.26300299      -1.99357450    
   1.26400304      -2.00450158    
   1.26500309      -2.01544690    
   1.26600313      -2.02642107    
   1.26700318      -2.03741574    
   1.26800323      -2.04844213    
   1.26900327      -2.05948186    
   1.27000332      -2.07055140    
   1.27100337      -2.08163834    
   1.27200341      -2.09274912    
   1.27300346      -2.10388494    
   1.27400351      -2.11504149    
   1.27500355      -2.12622619    
   1.27600360      -2.13742685    
   1.27700365      -2.14864206    
   1.27800369      -2.15988302    
   1.27900374      -2.17114401    
   1.28000379      -2.18242598    
   1.28100383      -2.19372725    
   1.28200388      -2.20504761    
   1.28300393      -2.21638393    
   1.28400397      -2.22773886    
   1.28500402      -2.23911524    
   1.28600407      -2.25050521    
   1.28700411      -2.26191783    
   1.28800416      -2.27333879    
   1.28900421      -2.28478479    
   1.29000425      -2.29623818    
   1.29100430      -2.30770850    
   1.29200435      -2.31919384    
   1.29300439      -2.33069682    
   1.29400444      -2.34220910    
   1.29500449      -2.35373688    
   1.29600453      -2.36527324    
   1.29700458      -2.37682796    
   1.29800463      -2.38838887    
   1.29900467      -2.39996028    
   1.30000472      -2.41154575    
   1.30100477      -2.42314291    
   1.30200481      -2.43474293    
   1.30300486      -2.44635558    
   1.30400491      -2.45797515    
   1.30500495      -2.46960497    
   1.30600500      -2.48123574    
   1.30700505      -2.49287772    
   1.30800509      -2.50452137    
   1.30900514      -2.51617312    
   1.31000519      -2.52783155    
   1.31100523      -2.53948236    
   1.31200528      -2.55114603    
   1.31300533      -2.56281066    
   1.31400537      -2.57447410    
   1.31500542      -2.58613157    
   1.31600547      -2.59780383    
   1.31700552      -2.60946512    
   1.31800556      -2.62112498    
   1.31900561      -2.63278627    
   1.32000566      -2.64443898    
   1.32100570      -2.65609813    
   1.32200575      -2.66773725    
   1.32300580      -2.67937779    
   1.32400584      -2.69100881    
   1.32500589      -2.70264244    
   1.32600594      -2.71425891    
   1.32700598      -2.72587061    
   1.32800603      -2.73746395    
   1.32900608      -2.74905515    
   1.33000612      -2.76063061    
   1.33100617      -2.77219224    
   1.33200622      -2.78374100    
   1.33300626      -2.79527879    
   1.33400631      -2.80679798    
   1.33500636      -2.81829333    
   1.33600640      -2.82978225    
   1.33700645      -2.84124136    
   1.33800650      -2.85269427    
   1.33900654      -2.86411142    
   1.34000659      -2.87551427    
   1.34100664      -2.88689542    
   1.34200668      -2.89824939    
   1.34300673      -2.90957761    
   1.34400678      -2.92087913    
   1.34500682      -2.93215799    
   1.34600687      -2.94340348    
   1.34700692      -2.95462227    
   1.34800696      -2.96581578    
   1.34900701      -2.97695613    
   1.35000706      -2.98808169    
   1.35100710      -2.99917436    
   1.35200715      -3.01021099    
   1.35300720      -3.02122998    
   1.35400724      -3.03220320    
   1.35500729      -3.04313183    
   1.35600734      -3.05403066    
   1.35700738      -3.06488276    
   1.35800743      -3.07569814    
   1.35900748      -3.08644938    
   1.36000752      -3.09717178    
   1.36100757      -3.10784888    
   1.36200762      -3.11846900    
   1.36300766      -3.12903619    
   1.36400771      -3.13954401    
   1.36500776      -3.15001822    
   1.36600780      -3.16043091    
   1.36700785      -3.17078638    
   1.36800790      -3.18108869    
   1.36900795      -3.19132066    
   1.37000799      -3.20150256    
   1.37100804      -3.21162271    
   1.37200809      -3.22167420    
   1.37300813      -3.23165584    
   1.37400818      -3.24158287    
   1.37500823      -3.25143218    
   1.37600827      -3.26123071    
   1.37700832      -3.27093720    
   1.37800837      -3.28057885    
   1.37900841      -3.29014921    
   1.38000846      -3.29964685    
   1.38100851      -3.30905843    
   1.38200855      -3.31840086    
   1.38300860      -3.32764888    
   1.38400865      -3.33681917    
   1.38500869      -3.34592819    
   1.38600874      -3.35493302    
   1.38700879      -3.36384416    
   1.38800883      -3.37268448    
   1.38900888      -3.38141012    
   1.39000893      -3.39005017    
   1.39100897      -3.39861560    
   1.39200902      -3.40708709    
   1.39300907      -3.41544414    
   1.39400911      -3.42369199    
   1.39500916      -3.43185997    
   1.39600921      -3.43992877    
   1.39700925      -3.44789028    
   1.39800930      -3.45573068    
   1.39900935      -3.46348000    
   1.40000939      -3.47112441    
   1.40100944      -3.47864342    
   1.40200949      -3.48604798    
   1.40300953      -3.49335670    
   1.40400958      -3.50054884    
   1.40500963      -3.50760984    
   1.40600967      -3.51455760    
   1.40700972      -3.52138472    
   1.40800977      -3.52808976    
   1.40900981      -3.53467107    
   1.41000986      -3.54112768    
   1.41100991      -3.54745793    
   1.41200995      -3.55365396    
   1.41301000      -3.55971432    
   1.41401005      -3.56564474    
   1.41501009      -3.57144332    
   1.41601014      -3.57710242    
   1.41701019      -3.58262062    
   1.41801023      -3.58800316    
   1.41901028      -3.59325600    
   1.42001033      -3.59834337    
   1.42101038      -3.60329866    
   1.42201042      -3.60810637    
   1.42301047      -3.61276531    
   1.42401052      -3.61728144    
   1.42501056      -3.62163973    
   1.42601061      -3.62585282    
   1.42701066      -3.62989807    
   1.42801070      -3.63379574    
   1.42901075      -3.63753057    
   1.43001080      -3.64109421    
   1.43101084      -3.64452052    
   1.43201089      -3.64777374    
   1.43301094      -3.65086627    
   1.43401098      -3.65379739    
   1.43501103      -3.65655184    
   1.43601108      -3.65913534    
   1.43701112      -3.66155434    
   1.43801117      -3.66380763    
   1.43901122      -3.66587257    
   1.44001126      -3.66777015    
   1.44101131      -3.66951346    
   1.44201136      -3.67105103    
   1.44301140      -3.67241859    
   1.44401145      -3.67362189    
   1.44501150      -3.67463160    
   1.44601154      -3.67546105    
   1.44701159      -3.67610240    
   1.44801164      -3.67656898    
   1.44901168      -3.67684603    
   1.45001173      -3.67694020    
   1.45101178      -3.67682838    
   1.45201182      -3.67656851    
   1.45301187      -3.67607975    
   1.45401192      -3.67541242    
   1.45501196      -3.67455912    
   1.45601201      -3.67349672    
   1.45701206      -3.67225432    
   1.45801210      -3.67083168    
   1.45901215      -3.66917658    
   1.46001220      -3.66734052    
   1.46101224      -3.66532254    
   1.46201229      -3.66309333    
   1.46301234      -3.66066718    
   1.46401238      -3.65805125    
   1.46501243      -3.65523052    
   1.46601248      -3.65221930    
   1.46701252      -3.64898133    
   1.46801257      -3.64554524    
   1.46901262      -3.64191890    
   1.47001266      -3.63807988    
   1.47101271      -3.63404298    
   1.47201276      -3.62980080    
   1.47301280      -3.62537575    
   1.47401285      -3.62071609    
   1.47501290      -3.61585951    
   1.47601295      -3.61083460    
   1.47701299      -3.60557628    
   1.47801304      -3.60011387    
   1.47901309      -3.59443355    
   1.48001313      -3.58856463    
   1.48101318      -3.58247113    
   1.48201323      -3.57620406    
   1.48301327      -3.56970668    
   1.48401332      -3.56303644    
   1.48501337      -3.55612969    
   1.48601341      -3.54903746    
   1.48701346      -3.54173160    
   1.48801351      -3.53424120    
   1.48901355      -3.52651739    
   1.49001360      -3.51861811    
   1.49101365      -3.51050138    
   1.49201369      -3.50218940    
   1.49301374      -3.49368310    
   1.49401379      -3.48494148    
   1.49501383      -3.47603559    
   1.49601388      -3.46692443    
   1.49701393      -3.45762324    
   1.49801397      -3.44808435    
   1.49901402      -3.43840623    
   1.50001407      -3.42850685    
   1.50101411      -3.41839504    
   1.50201416      -3.40810609    
   1.50301421      -3.39762115    
   1.50401425      -3.38693452    
   1.50501430      -3.37605453    
   1.50601435      -3.36501646    
   1.50701439      -3.35375452    
   1.50801444      -3.34233069    
   1.50901449      -3.33071351    
   1.51001453      -3.31891060    
   1.51101458      -3.30692434    
   1.51201463      -3.29474330    
   1.51301467      -3.28239512    
   1.51401472      -3.26984286    
   1.51501477      -3.25713992    
   1.51601481      -3.24426246    
   1.51701486      -3.23119330    
   1.51801491      -3.21797276    
   1.51901495      -3.20456457    
   1.52001500      -3.19098973    
   1.52101505      -3.17723775    
   1.52201509      -3.16332984    
   1.52301514      -3.14927983    
   1.52401519      -3.13503456    
   1.52501523      -3.12062764    
   1.52601528      -3.10607862    
   1.52701533      -3.09136009    
   1.52801538      -3.07647419    
   1.52901542      -3.06145906    
   1.53001547      -3.04628134    
   1.53101552      -3.03096128    
   1.53201556      -3.01549482    
   1.53301561      -2.99987912    
   1.53401566      -2.98409963    
   1.53501570      -2.96819258    
   1.53601575      -2.95216632    
   1.53701580      -2.93600035    
   1.53801584      -2.91968632    
   1.53901589      -2.90323257    
   1.54001594      -2.88665771    
   1.54101598      -2.86996460    
   1.54201603      -2.85312867    
   1.54301608      -2.83615303    
   1.54401612      -2.81910396    
   1.54501617      -2.80190921    
   1.54601622      -2.78459358    
   1.54701626      -2.76716447    
   1.54801631      -2.74964499    
   1.54901636      -2.73199177    
   1.55001640      -2.71426344    
   1.55101645      -2.69639683    
   1.55201650      -2.67843556    
   1.55301654      -2.66036701    
   1.55401659      -2.64222765    
   1.55501664      -2.62398195    
   1.55601668      -2.60562277    
   1.55701673      -2.58720565    
   1.55801678      -2.56868505    
   1.55901682      -2.55006957    
   1.56001687      -2.53139353    
   1.56101692      -2.51260972    
   1.56201696      -2.49377966    
   1.56301701      -2.47483420    
   1.56401706      -2.45585632    
   1.56501710      -2.43676925    
   1.56601715      -2.41764975    
   1.56701720      -2.39844012    
   1.56801724      -2.37916493    
   1.56901729      -2.35984755    
   1.57001734      -2.34047771    
   1.57101738      -2.32103729    
   1.57201743      -2.30153799    
   1.57301748      -2.28199816    
   1.57401752      -2.26239681    
   1.57501757      -2.24276376    
   1.57601762      -2.22307825    
   1.57701766      -2.20334697    
   1.57801771      -2.18358397    
   1.57901776      -2.16379142    
   1.58001781      -2.14395332    
   1.58101785      -2.12408710    
   1.58201790      -2.10418797    
   1.58301795      -2.08425140    
   1.58401799      -2.06429410    
   1.58501804      -2.04432559    
   1.58601809      -2.02432704    
   1.58701813      -2.00430131    
   1.58801818      -1.98427463    
   1.58901823      -1.96422875    
   1.59001827      -1.94416654    
   1.59101832      -1.92408419    
   1.59201837      -1.90401208    
   1.59301841      -1.88393676    
   1.59401846      -1.86385131    
   1.59501851      -1.84375811    
   1.59601855      -1.82365668    
   1.59701860      -1.80358160    
   1.59801865      -1.78349686    
   1.59901869      -1.76341641    
   1.60001874      -1.74334526    
   1.60101879      -1.72329092    
   1.60201883      -1.70324457    
   1.60301888      -1.68321097    
   1.60401893      -1.66320002    
   1.60501897      -1.64319813    
   1.60601902      -1.62321270    
   1.60701907      -1.60326064    
   1.60801911      -1.58332634    
   1.60901916      -1.56341195    
   1.61001921      -1.54352665    
   1.61101925      -1.52367902    
   1.61201930      -1.50384104    
   1.61301935      -1.48404884    
   1.61401939      -1.46429038    
   1.61501944      -1.44457388    
   1.61601949      -1.42486894    
   1.61701953      -1.40522015    
   1.61801958      -1.38561177    
   1.61901963      -1.36604953    
   1.62001967      -1.34651303    
   1.62101972      -1.32703173    
   1.62201977      -1.30759346    
   1.62301981      -1.28819978    
   1.62401986      -1.26885605    
   1.62501991      -1.24956167    
   1.62601995      -1.23031485    
   1.62702000      -1.21112216    
   1.62802005      -1.19198823    
   1.62902009      -1.17290425    
   1.63002014      -1.15387678    
   1.63102019      -1.13490534    
   1.63202024      -1.11598670    
   1.63302028      -1.09714210    
   1.63402033      -1.07834542    
   1.63502038      -1.05961859    
   1.63602042      -1.04095256    
   1.63702047      -1.02235281    
   1.63802052      -1.00380647    
   1.63902056     -0.985335529    
   1.64002061     -0.966932535    
   1.64102066     -0.948593438    
   1.64202070     -0.930320680    
   1.64302075     -0.912120342    
   1.64402080     -0.893990755    
   1.64502084     -0.875934005    
   1.64602089     -0.857948601    
   1.64702094     -0.840032399    
   1.64802098     -0.822194934    
   1.64902103     -0.804430425    
   1.65002108     -0.786737859    
   1.65102112     -0.769123256    
   1.65202117     -0.751590967    
   1.65302122     -0.734130263    
   1.65402126     -0.716746747    
   1.65502131     -0.699444771    
   1.65602136     -0.682222188    
   1.65702140     -0.665081322    
   1.65802145     -0.648020327    
   1.65902150     -0.631036639    
   1.66002154     -0.614141047    
   1.66102159     -0.597321868    
   1.66202164     -0.580588639    
   1.66302168     -0.563933432    
   1.66402173     -0.547369719    
   1.66502178     -0.530882001    
   1.66602182     -0.514484406    
   1.66702187     -0.498172075    
   1.66802192     -0.481939763    
   1.66902196     -0.465799838    
   1.67002201     -0.449741036    
   1.67102206     -0.433767229    
   1.67202210     -0.417886168    
   1.67302215     -0.402086854    
   1.67402220     -0.386377811    
   1.67502224     -0.370755523    
   1.67602229     -0.355219990    
   1.67702234     -0.339773118    
   1.67802238     -0.324415118    
   1.67902243     -0.309144050    
   1.68002248     -0.293965220    
   1.68102252     -0.278871238    
   1.68202257     -0.263868093    
   1.68302262     -0.248953506    
   1.68402267     -0.234126702    
   1.68502271     -0.219392166    
   1.68602276     -0.204745904    
   1.68702281     -0.190189525    
   1.68802285     -0.175722852    
   1.68902290     -0.161344588    
   1.69002295     -0.147058114    
   1.69102299     -0.132860154    
   1.69202304     -0.118752860    
   1.69302309     -0.104735143    
   1.69402313      -9.08071250E-02
   1.69502318      -7.69696906E-02
   1.69602323      -6.32211417E-02
   1.69702327      -4.95629646E-02
   1.69802332      -3.59947272E-02
   1.69902337      -2.25162543E-02
   1.70002341      -9.12746973E-03
   1.70102346       4.17164760E-03
   1.70202351       1.73812043E-02
   1.70302355       3.05011701E-02
   1.70402360       4.35316935E-02
   1.70502365       5.64728528E-02
   1.70602369       6.93254247E-02
   1.70702374       8.20879042E-02
   1.70802379       9.47617143E-02
   1.70902383      0.107346758    
   1.71002388      0.119843453    
   1.71102393      0.132251814    
   1.71202397      0.144571796    
   1.71302402      0.156803086    
   1.71402407      0.168945447    
   1.71502411      0.181002617    
   1.71602416      0.192970306    
   1.71702421      0.204849884    
   1.71802425      0.216644242    
   1.71902430      0.228349358    
   1.72002435      0.239968598    
   1.72102439      0.251501262    
   1.72202444      0.262948692    
   1.72302449      0.274308443    
   1.72402453      0.285583556    
   1.72502458      0.296771318    
   1.72602463      0.307876438    
   1.72702467      0.318894714    
   1.72802472      0.329829097    
   1.72902477      0.340676785    
   1.73002481      0.351439387    
   1.73102486      0.362120837    
   1.73202491      0.372717261    
   1.73302495      0.383230180    
   1.73402500      0.393661171    
   1.73502505      0.404007018    
   1.73602509      0.414270937    
   1.73702514      0.424455076    
   1.73802519      0.434553117    
   1.73902524      0.444569916    
   1.74002528      0.454508454    
   1.74102533      0.464366168    
   1.74202538      0.474137723    
   1.74302542      0.483834118    
   1.74402547      0.493445635    
   1.74502552      0.502981246    
   1.74602556      0.512435853    
   1.74702561      0.521813393    
   1.74802566      0.531108558    
   1.74902570      0.540327370    
   1.75002575      0.549468696    
   1.75102580      0.558528543    
   1.75202584      0.567513824    
   1.75302589      0.576420009    
   1.75402594      0.585251987    
   1.75502598      0.594006598    
   1.75602603      0.602683246    
   1.75702608      0.611286938    
   1.75802612      0.619814813    
   1.75902617      0.628265023    
   1.76002622      0.636642992    
   1.76102626      0.644944429    
   1.76202631      0.653175533    
   1.76302636      0.661326110    
   1.76402640      0.669407547    
   1.76502645      0.677417874    
   1.76602650      0.685353160    
   1.76702654      0.693217814    
   1.76802659      0.701009631    
   1.76902664      0.708726525    
   1.77002668      0.716375470    
   1.77102673      0.723953307    
   1.77202678      0.731462955    
   1.77302682      0.738900423    
   1.77402687      0.746267021    
   1.77502692      0.753563583    
   1.77602696      0.760796785    
   1.77702701      0.767954648    
   1.77802706      0.775046945    
   1.77902710      0.782074034    
   1.78002715      0.789026499    
   1.78102720      0.795917153    
   1.78202724      0.802741289    
   1.78302729      0.809494019    
   1.78402734      0.816184223    
   1.78502738      0.822809637    
   1.78602743      0.829366386    
   1.78702748      0.835862517    
   1.78802752      0.842288077    
   1.78902757      0.848653257    
   1.79002762      0.854954064    
   1.79102767      0.861189425    
   1.79202771      0.867359638    
   1.79302776      0.873473823    
   1.79402781      0.879515111    
   1.79502785      0.885503292    
   1.79602790      0.891427517    
   1.79702795      0.897285938    
   1.79802799      0.903089345    
   1.79902804      0.908827186    
   1.80002809      0.914503753    
   1.80102813      0.920124352    
   1.80202818      0.925682366    
   1.80302823      0.931182444    
   1.80402827      0.936623931    
   1.80502832      0.942002892    
   1.80602837      0.947326839    
   1.80702841      0.952591717    
   1.80802846      0.957800269    
   1.80902851      0.962945700    
   1.81002855      0.968033850    
   1.81102860      0.973072946    
   1.81202865      0.978052199    
   1.81302869      0.982973218    
   1.81402874      0.987842500    
   1.81502879      0.992657006    
   1.81602883      0.997410595    
   1.81702888       1.00210869    
   1.81802893       1.00676084    
   1.81902897       1.01134956    
   1.82002902       1.01589084    
   1.82102907       1.02037501    
   1.82202911       1.02481151    
   1.82302916       1.02918506    
   1.82402921       1.03351057    
   1.82502925       1.03778541    
   1.82602930       1.04201245    
   1.82702935       1.04618013    
   1.82802939       1.05030417    
   1.82902944       1.05436695    
   1.83002949       1.05838740    
   1.83102953       1.06235278    
   1.83202958       1.06627059    
   1.83302963       1.07013893    
   1.83402967       1.07395720    
   1.83502972       1.07772470    
   1.83602977       1.08144486    
   1.83702981       1.08511937    
   1.83802986       1.08874261    
   1.83902991       1.09231639    
   1.84002995       1.09584188    
   1.84103000       1.09932137    
   1.84203005       1.10275590    
   1.84303010       1.10614467    
   1.84403014       1.10947955    
   1.84503019       1.11277413    
   1.84603024       1.11602259    
   1.84703028       1.11922503    
   1.84803033       1.12238252    
   1.84903038       1.12549222    
   1.85003042       1.12856293    
   1.85103047       1.13157916    
   1.85203052       1.13455510    
   1.85303056       1.13749087    
   1.85403061       1.14038014    
   1.85503066       1.14322937    
   1.85603070       1.14602613    
   1.85703075       1.14878619    
   1.85803080       1.15150833    
   1.85903084       1.15417850    
   1.86003089       1.15681553    
   1.86103094       1.15940523    
   1.86203098       1.16195643    
   1.86303103       1.16446626    
   1.86403108       1.16693103    
   1.86503112       1.16935503    
   1.86603117       1.17174220    
   1.86703122       1.17408681    
   1.86803126       1.17639136    
   1.86903131       1.17865396    
   1.87003136       1.18087900    
   1.87103140       1.18306231    
   1.87203145       1.18521309    
   1.87303150       1.18732297    
   1.87403154       1.18939447    
   1.87503159       1.19142520    
   1.87603164       1.19341969    
   1.87703168       1.19537652    
   1.87803173       1.19729185    
   1.87903178       1.19917011    
   1.88003182       1.20101500    
   1.88103187       1.20282137    
   1.88203192       1.20459199    
   1.88303196       1.20632195    
   1.88403201       1.20801914    
   1.88503206       1.20968151    
   1.88603210       1.21130466    
   1.88703215       1.21289587    
   1.88803220       1.21444535    
   1.88903224       1.21596491    
   1.89003229       1.21744967    
   1.89103234       1.21889544    
   1.89203238       1.22031260    
   1.89303243       1.22169602    
   1.89403248       1.22304308    
   1.89503253       1.22435415    
   1.89603257       1.22562599    
   1.89703262       1.22687566    
   1.89803267       1.22808695    
   1.89903271       1.22926807    
   1.90003276       1.23041284    
   1.90103281       1.23152709    
   1.90203285       1.23260832    
   1.90303290       1.23365462    
   1.90403295       1.23467600    
   1.90503299       1.23565996    
   1.90603304       1.23661196    
   1.90703309       1.23753345    
   1.90803313       1.23843181    
   1.90903318       1.23928928    
   1.91003323       1.24011850    
   1.91103327       1.24091601    
   1.91203332       1.24168301    
   1.91303337       1.24242592    
   1.91403341       1.24312961    
   1.91503346       1.24380672    
   1.91603351       1.24445653    
   1.91703355       1.24507761    
   1.91803360       1.24566662    
   1.91903365       1.24622703    
   1.92003369       1.24675703    
   1.92103374       1.24725783    
   1.92203379       1.24773872    
   1.92303383       1.24817991    
   1.92403388       1.24859715    
   1.92503393       1.24898636    
   1.92603397       1.24935281    
   1.92703402       1.24968290    
   1.92803407       1.24999118    
   1.92903411       1.25027132    
   1.93003416       1.25052595    
   1.93103421       1.25074744    
   1.93203425       1.25095189    
   1.93303430       1.25111878    
   1.93403435       1.25126648    
   1.93503439       1.25138927    
   1.93603444       1.25147927    
   1.93703449       1.25154507    
   1.93803453       1.25158465    
   1.93903458       1.25160182    
   1.94003463       1.25159073    
   1.94103467       1.25155747    
   1.94203472       1.25149786    
   1.94303477       1.25140941    
   1.94403481       1.25129914    
   1.94503486       1.25116658    
   1.94603491       1.25100255    
   1.94703496       1.25081933    
   1.94803500       1.25061417    
   1.94903505       1.25037563    
   1.95003510       1.25012589    
   1.95103514       1.24984586    
   1.95203519       1.24953973    
   1.95303524       1.24921227    
   1.95403528       1.24886131    
   1.95503533       1.24848473    
   1.95603538       1.24809146    
   1.95703542       1.24766767    
   1.95803547       1.24722970    
   1.95903552       1.24676251    
   1.96003556       1.24627614    
   1.96103561       1.24576390    
   1.96203566       1.24523211    
   1.96303570       1.24467838    
   1.96403575       1.24410081    
   1.96503580       1.24350345    
   1.96603584       1.24288940    
   1.96703589       1.24224520    
   1.96803594       1.24158251    
   1.96903598       1.24089861    
   1.97003603       1.24019611    
   1.97103608       1.23947012    
   1.97203612       1.23871934    
   1.97303617       1.23795629    
   1.97403622       1.23716843    
   1.97503626       1.23635876    
   1.97603631       1.23553252    
   1.97703636       1.23468351    
   1.97803640       1.23381078    
   1.97903645       1.23292577    
   1.98003650       1.23201883    
   1.98103654       1.23108816    
   1.98203659       1.23014176    
   1.98303664       1.22917426    
   1.98403668       1.22818911    
   1.98503673       1.22718573    
   1.98603678       1.22615981    
   1.98703682       1.22511888    
   1.98803687       1.22405565    
   1.98903692       1.22297823    
   1.99003696       1.22187757    
   1.99103701       1.22075820    
   1.99203706       1.21962321    
   1.99303710       1.21846759    
   1.99403715       1.21730053    
   1.99503720       1.21611011    
   1.99603724       1.21489716    
   1.99703729       1.21367562    
   1.99803734       1.21243310    
   1.99903738       1.21117210    
   2.00003743       1.20989227    
   2.00103736       1.20860004    
   2.00203729       1.20728755    
   2.00303721       1.20596015    
   2.00403714       1.20461488    
   2.00503707       1.20325232    
   2.00603700       1.20187604    
   2.00703692       1.20047855    
   2.00803685       1.19906759    
   2.00903678       1.19763815    
   2.01003671       1.19619250    
   2.01103663       1.19473588    
   2.01203656       1.19325674    
   2.01303649       1.19176805    
   2.01403642       1.19025779    
   2.01503634       1.18873370    
   2.01603627       1.18719363    
   2.01703620       1.18563902    
   2.01803613       1.18406928    
   2.01903605       1.18248212    
   2.02003598       1.18087900    
   2.02103591       1.17926621    
   2.02203584       1.17763603    
   2.02303576       1.17598820    
   2.02403569       1.17432809    
   2.02503562       1.17265522    
   2.02603555       1.17096233    
   2.02703547       1.16925871    
   2.02803540       1.16754186    
   2.02903533       1.16580665    
   2.03003526       1.16406298    
   2.03103518       1.16229999    
   2.03203511       1.16052580    
   2.03303504       1.15873504    
   2.03403497       1.15693426    
   2.03503489       1.15511906    
   2.03603482       1.15328968    
   2.03703475       1.15144277    
   2.03803468       1.14958644    
   2.03903461       1.14771998    
   2.04003453       1.14583480    
   2.04103446       1.14393985    
   2.04203439       1.14203179    
   2.04303432       1.14011037    
   2.04403424       1.13817501    
   2.04503417       1.13622701    
   2.04603410       1.13426495    
   2.04703403       1.13229573    
   2.04803395       1.13030899    
   2.04903388       1.12831247    
   2.05003381       1.12630427    
   2.05103374       1.12428248    
   2.05203366       1.12224972    
   2.05303359       1.12020087    
   2.05403352       1.11814559    
   2.05503345       1.11607778    
   2.05603337       1.11399138    
   2.05703330       1.11189961    
   2.05803323       1.10979593    
   2.05903316       1.10768163    
   2.06003308       1.10555589    
   2.06103301       1.10341561    
   2.06203294       1.10126746    
   2.06303287       1.09910500    
   2.06403279       1.09693158    
   2.06503272       1.09475231    
   2.06603265       1.09255767    
   2.06703258       1.09035254    
   2.06803250       1.08813739    
   2.06903243       1.08591497    
   2.07003236       1.08367574    
   2.07103229       1.08143234    
   2.07203221       1.07917643    
   2.07303214       1.07690823    
   2.07403207       1.07463074    
   2.07503200       1.07234418    
   2.07603192       1.07004488    
   2.07703185       1.06774044    
   2.07803178       1.06542337    
   2.07903171       1.06309652    
   2.08003163       1.06076145    
   2.08103156       1.05841410    
   2.08203149       1.05606008    
   2.08303142       1.05369687    
   2.08403134       1.05132198    
   2.08503127       1.04893816    
   2.08603120       1.04654562    
   2.08703113       1.04414296    
   2.08803105       1.04173362    
   2.08903098       1.03931332    
   2.09003091       1.03688502    
   2.09103084       1.03445005    
   2.09203076       1.03200436    
   2.09303069       1.02954769    
   2.09403062       1.02708733    
   2.09503055       1.02461302    
   2.09603047       1.02213478    
   2.09703040       1.01964629    
   2.09803033       1.01715124    
   2.09903026       1.01464462    
   2.10003018       1.01213121    
   2.10103011       1.00960922    
   2.10203004       1.00708318    
   2.10302997       1.00454605    
   2.10402989       1.00200295    
   2.10502982      0.999450743    
   2.10602975      0.996891737    
   2.10702968      0.994324744    
   2.10802960      0.991749763    
   2.10902953      0.989167571    
   2.11002946      0.986579895    
   2.11102939      0.983982623    
   2.11202931      0.981378555    
   2.11302924      0.978764057    
   2.11402917      0.976147294    
   2.11502910      0.973524928    
   2.11602902      0.970892549    
   2.11702895      0.968251884    
   2.11802888      0.965608001    
   2.11902881      0.962953746    
   2.12002873      0.960296929    
   2.12102866      0.957632005    
   2.12202859      0.954959631    
   2.12302852      0.952281713    
   2.12402844      0.949597120    
   2.12502837      0.946907580    
   2.12602830      0.944208682    
   2.12702823      0.941505790    
   2.12802815      0.938801289    
   2.12902808      0.936084151    
   2.13002801      0.933363259    
   2.13102794      0.930635035    
   2.13202786      0.927904427    
   2.13302779      0.925165117    
   2.13402772      0.922420859    
   2.13502765      0.919675052    
   2.13602757      0.916917503    
   2.13702750      0.914155483    
   2.13802743      0.911390662    
   2.13902736      0.908618927    
   2.14002728      0.905843794    
   2.14102721      0.903061926    
   2.14202714      0.900275469    
   2.14302707      0.897484124    
   2.14402699      0.894688487    
   2.14502692      0.891888201    
   2.14602685      0.889080286    
   2.14702678      0.886271656    
   2.14802670      0.883454084    
   2.14902663      0.880635023    
   2.15002656      0.877809942    
   2.15102649      0.874982715    
   2.15202641      0.872145653    
   2.15302634      0.869310737    
   2.15402627      0.866467059    
   2.15502620      0.863620996    
   2.15602612      0.860769749    
   2.15702605      0.857916236    
   2.15802598      0.855055332    
   2.15902591      0.852193594    
   2.16002584      0.849326074    
   2.16102576      0.846456409    
   2.16202569      0.843583524    
   2.16302562      0.840702653    
   2.16402555      0.837822616    
   2.16502547      0.834938526    
   2.16602540      0.832049131    
   2.16702533      0.829157352    
   2.16802526      0.826261640    
   2.16902518      0.823363066    
   2.17002511      0.820459843    
   2.17102504      0.817556083    
   2.17202497      0.814645469    
   2.17302489      0.811734617    
   2.17402482      0.808820248    
   2.17502475      0.805903137    
   2.17602468      0.802982390    
   2.17702460      0.800057888    
   2.17802453      0.797131479    
   2.17902446      0.794203639    
   2.18002439      0.791270256    
   2.18102431      0.788335979    
   2.18202424      0.785400510    
   2.18302417      0.782460630    
   2.18402410      0.779518247    
   2.18502402      0.776573777    
   2.18602395      0.773627698    
   2.18702388      0.770679772    
   2.18802381      0.767728686    
   2.18902373      0.764775097    
   2.19002366      0.761821210    
   2.19102359      0.758863389    
   2.19202352      0.755903542    
   2.19302344      0.752943039    
   2.19402337      0.749981940    
   2.19502330      0.747015476    
   2.19602323      0.744047642    
   2.19702315      0.741080165    
   2.19802308      0.738111377    
   2.19902301      0.735140085    
   2.20002294      0.732168019    
   2.20102286      0.729193628    
   2.20202279      0.726219058    
   2.20302272      0.723241508    
   2.20402265      0.720262825    
   2.20502257      0.717283666    
   2.20602250      0.714304030    
   2.20702243      0.711321414    
   2.20802236      0.708339155    
   2.20902228      0.705354750    
   2.21002221      0.702370346    
   2.21102214      0.699385047    
   2.21202207      0.696398973    
   2.21302199      0.693411112    
   2.21402192      0.690422416    
   2.21502185      0.687433481    
   2.21602178      0.684444487    
   2.21702170      0.681456506    
   2.21802163      0.678465009    
   2.21902156      0.675474465    
   2.22002149      0.672483981    
   2.22102141      0.669492424    
   2.22202134      0.666499555    
   2.22302127      0.663508534    
   2.22402120      0.660516262    
   2.22502112      0.657524407    
   2.22602105      0.654530585    
   2.22702098      0.651538968    
   2.22802091      0.648546338    
   2.22902083      0.645553529    
   2.23002076      0.642562091    
   2.23102069      0.639568031    
   2.23202062      0.636577785    
   2.23302054      0.633585036    
   2.23402047      0.630593419    
   2.23502040      0.627603412    
   2.23602033      0.624611199    
   2.23702025      0.621622026    
   2.23802018      0.618631482    
   2.23902011      0.615643144    
   2.24002004      0.612654984    
   2.24101996      0.609668016    
   2.24201989      0.606680512    
   2.24301982      0.603694022    
   2.24401975      0.600708485    
   2.24501967      0.597723842    
   2.24601960      0.594739854    
   2.24701953      0.591757357    
   2.24801946      0.588775992    
   2.24901938      0.585795224    
   2.25001931      0.582815468    
   2.25101924      0.579838336    
   2.25201917      0.576859534    
   2.25301909      0.573884547    
   2.25401902      0.570909560    
   2.25501895      0.567936420    
   2.25601888      0.564964294    
   2.25701880      0.561994016    
   2.25801873      0.559025049    
   2.25901866      0.556057513    
   2.26001859      0.553090990    
   2.26101851      0.550127208    
   2.26201844      0.547164202    
   2.26301837      0.544202805    
   2.26401830      0.541244090    
   2.26501822      0.538286746    
   2.26601815      0.535331368    
   2.26701808      0.532378495    
   2.26801801      0.529425442    
   2.26901793      0.526475847    
   2.27001786      0.523527443    
   2.27101779      0.520582318    
   2.27201772      0.517638445    
   2.27301764      0.514697194    
   2.27401757      0.511759162    
   2.27501750      0.508821428    
   2.27601743      0.505887032    
   2.27701735      0.502954245    
   2.27801728      0.500023842    
   2.27901721      0.497097194    
   2.28001714      0.494171143    
   2.28101707      0.491248131    
   2.28201699      0.488328159    
   2.28301692      0.485411346    
   2.28401685      0.482495904    
   2.28501678      0.479583561    
   2.28601670      0.476673126    
   2.28701663      0.473765880    
   2.28801656      0.470862925    
   2.28901649      0.467962205    
   2.29001641      0.465063751    
   2.29101634      0.462168396    
   2.29201627      0.459275573    
   2.29301620      0.456386685    
   2.29401612      0.453499287    
   2.29501605      0.450615734    
   2.29601598      0.447735697    
   2.29701591      0.444858134    
   2.29801583      0.441983670    
   2.29901576      0.439112544    
   2.30001569      0.436245143    
   2.30101562      0.433380753    
   2.30201554      0.430519134    
   2.30301547      0.427661628    
   2.30401540      0.424807608    
   2.30501533      0.421956301    
   2.30601525      0.419109374    
   2.30701518      0.416266084    
   2.30801511      0.413424879    
   2.30901504      0.410587460    
   2.31001496      0.407755673    
   2.31101489      0.404925972    
   2.31201482      0.402100533    
   2.31301475      0.399277687    
   2.31401467      0.396459222    
   2.31501460      0.393645287    
   2.31601453      0.390833706    
   2.31701446      0.388027757    
   2.31801438      0.385225445    
   2.31901431      0.382425696    
   2.32001424      0.379630804    
   2.32101417      0.376838952    
   2.32201409      0.374052733    
   2.32301402      0.371269822    
   2.32401395      0.368490577    
   2.32501388      0.365715832    
   2.32601380      0.362946212    
   2.32701373      0.360178888    
   2.32801366      0.357417166    
   2.32901359      0.354659349    
   2.33001351      0.351905912    
   2.33101344      0.349157304    
   2.33201337      0.346411556    
   2.33301330      0.343672395    
   2.33401322      0.340935946    
   2.33501315      0.338204622    
   2.33601308      0.335477233    
   2.33701301      0.332754672    
   2.33801293      0.330037028    
   2.33901286      0.327323288    
   2.34001279      0.324614823    
   2.34101272      0.321910203    
   2.34201264      0.319211096    
   2.34301257      0.316516697    
   2.34401250      0.313827395    
   2.34501243      0.311141670    
   2.34601235      0.308460295    
   2.34701228      0.305785209    
   2.34801221      0.303114116    
   2.34901214      0.300448090    
   2.35001206      0.297787219    
   2.35101199      0.295130789    
   2.35201192      0.292479783    
   2.35301185      0.289833874    
   2.35401177      0.287193209    
   2.35501170      0.284556568    
   2.35601163      0.281925321    
   2.35701156      0.279299378    
   2.35801148      0.276678473    
   2.35901141      0.274062663    
   2.36001134      0.271452487    
   2.36101127      0.268847078    
   2.36201119      0.266246676    
   2.36301112      0.263651848    
   2.36401105      0.261062533    
   2.36501098      0.258477658    
   2.36601090      0.255899400    
   2.36701083      0.253325075    
   2.36801076      0.250756711    
   2.36901069      0.248194069    
   2.37001061      0.245636523    
   2.37101054      0.243084252    
   2.37201047      0.240537688    
   2.37301040      0.237996683    
   2.37401032      0.235461295    
   2.37501025      0.232931182    
   2.37601018      0.230406448    
   2.37701011      0.227887779    
   2.37801003      0.225374237    
   2.37900996      0.222866818    
   2.38000989      0.220364764    
   2.38100982      0.217868432    
   2.38200974      0.215377569    
   2.38300967      0.212892652    
   2.38400960      0.210413560    
   2.38500953      0.207939938    
   2.38600945      0.205471918    
   2.38700938      0.203010008    
   2.38800931      0.200553954    
   2.38900924      0.198103637    
   2.39000916      0.195659205    
   2.39100909      0.193220496    
   2.39200902      0.190787911    
   2.39300895      0.188361079    
   2.39400887      0.185940400    
   2.39500880      0.183525592    
   2.39600873      0.181116283    
   2.39700866      0.178713605    
   2.39800858      0.176316649    
   2.39900851      0.173925668    
   2.40000844      0.171540901    
   2.40100837      0.169162184    
   2.40200830      0.166789442    
   2.40300822      0.164422601    
   2.40400815      0.162062421    
   2.40500808      0.159707770    
   2.40600801      0.157359540    
   2.40700793      0.155017421    
   2.40800786      0.152681768    
   2.40900779      0.150351912    
   2.41000772      0.148028359    
   2.41100764      0.145710960    
   2.41200757      0.143400103    
   2.41300750      0.141095206    
   2.41400743      0.138796613    
   2.41500735      0.136504456    
   2.41600728      0.134218425    
   2.41700721      0.131938949    
   2.41800714      0.129665747    
   2.41900706      0.127398685    
   2.42000699      0.125138149    
   2.42100692      0.122883730    
   2.42200685      0.120635979    
   2.42300677      0.118394688    
   2.42400670      0.116159648    
   2.42500663      0.113931060    
   2.42600656      0.111708857    
   2.42700648      0.109493263    
   2.42800641      0.107284039    
   2.42900634      0.105081156    
   2.43000627      0.102885038    
   2.43100619      0.100695200    
   2.43200612       9.85118747E-02
   2.43300605       9.63352621E-02
   2.43400598       9.41648856E-02
   2.43500590       9.20013487E-02
   2.43600583       8.98442417E-02
   2.43700576       8.76936615E-02
   2.43800569       8.55497047E-02
   2.43900561       8.34124908E-02
   2.44000554       8.12817067E-02
   2.44100547       7.91575015E-02
   2.44200540       7.70398229E-02
   2.44300532       7.49290213E-02
   2.44400525       7.28247315E-02
   2.44500518       7.07271323E-02
   2.44600511       6.86362013E-02
   2.44700503       6.65519014E-02
   2.44800496       6.44742697E-02
   2.44900489       6.24033548E-02
   2.45000482       6.03391491E-02
   2.45100474       5.82815520E-02
   2.45200467       5.62307090E-02
   2.45300460       5.41865639E-02
   2.45400453       5.21492362E-02
   2.45500445       5.01185246E-02
   2.45600438       4.80946302E-02
   2.45700431       4.60774377E-02
   2.45800424       4.40670475E-02
   2.45900416       4.20634001E-02
   2.46000409       4.00664732E-02
   2.46100402       3.80764268E-02
   2.46200395       3.60930301E-02
   2.46300387       3.41164954E-02
   2.46400380       3.21467668E-02
   2.46500373       3.01838014E-02
   2.46600366       2.82276589E-02
   2.46700358       2.62783244E-02
   2.46800351       2.43358165E-02
   2.46900344       2.24000942E-02
   2.47000337       2.04712339E-02
   2.47100329       1.85491871E-02
   2.47200322       1.66339930E-02
   2.47300315       1.47256283E-02
   2.47400308       1.28241228E-02
   2.47500300       1.09294523E-02
   2.47600293       9.04163904E-03
   2.47700286       7.16068875E-03
   2.47800279       5.28659020E-03
   2.47900271       3.41936923E-03
   2.48000264       1.55900663E-03
   2.48100257      -2.94476573E-04
   2.48200250      -2.14108825E-03
   2.48300242      -3.98082100E-03
   2.48400235      -5.81367034E-03
   2.48500228      -7.63962790E-03
   2.48600221      -9.45870765E-03
   2.48700213      -1.12709031E-02
   2.48800206      -1.30762188E-02
   2.48900199      -1.48746157E-02
   2.49000192      -1.66661348E-02
   2.49100184      -1.84507333E-02
   2.49200177      -2.02284455E-02
   2.49300170      -2.19992418E-02
   2.49400163      -2.37631816E-02
   2.49500155      -2.55201589E-02
   2.49600148      -2.72703245E-02
   2.49700141      -2.90135033E-02
   2.49800134      -3.07497624E-02
   2.49900126      -3.24791595E-02
