   0.00000000       0.00000000    
   1.00000005E-03   4.90104873E-03
   2.00000009E-03   1.48571683E-02
   3.00000003E-03   2.84236856E-02
   4.00000019E-03   4.50381152E-02
   5.00000035E-03   6.43625781E-02
   6.00000052E-03   8.61628279E-02
   7.00000068E-03  0.110263236    
   8.00000038E-03  0.136525273    
   9.00000054E-03  0.164835885    
   1.00000007E-02  0.195100218    
   1.10000009E-02  0.227237225    
   1.20000010E-02  0.261176378    
   1.30000012E-02  0.296855718    
   1.40000014E-02  0.334219992    
   1.50000015E-02  0.373219609    
   1.60000008E-02  0.413809657    
   1.70000009E-02  0.455949277    
   1.80000011E-02  0.499600917    
   1.90000013E-02  0.544730067    
   2.00000014E-02  0.591304660    
   2.10000016E-02  0.639294982    
   2.20000017E-02  0.688673198    
   2.30000019E-02  0.739413261    
   2.40000021E-02  0.791490912    
   2.50000022E-02  0.844882905    
   2.60000024E-02  0.899567604    
   2.70000026E-02  0.955524385    
   2.80000027E-02   1.01273382    
   2.90000029E-02   1.07117724    
   3.00000031E-02   1.13083696    
   3.10000032E-02   1.19169593    
   3.20000015E-02   1.25373816    
   3.29999998E-02   1.31694806    
   3.39999981E-02   1.38131118    
   3.49999964E-02   1.44681287    
   3.59999947E-02   1.51343966    
   3.69999930E-02   1.58117831    
   3.79999913E-02   1.65001619    
   3.89999896E-02   1.71994114    
   3.99999879E-02   1.79094088    
   4.09999862E-02   1.86300445    
   4.19999845E-02   1.93612075    
   4.29999828E-02   2.01027894    
   4.39999811E-02   2.08546877    
   4.49999794E-02   2.16167998    
   4.59999777E-02   2.23890257    
   4.69999760E-02   2.31712770    
   4.79999743E-02   2.39634538    
   4.89999726E-02   2.47654700    
   4.99999709E-02   2.55772400    
   5.09999692E-02   2.63986731    
   5.19999675E-02   2.72296929    
   5.29999658E-02   2.80702114    
   5.39999641E-02   2.89201546    
   5.49999624E-02   2.97794414    
   5.59999608E-02   3.06479979    
   5.69999591E-02   3.15257478    
   5.79999574E-02   3.24126267    
   5.89999557E-02   3.33085537    
   5.99999540E-02   3.42134643    
   6.09999523E-02   3.51272917    
   6.19999506E-02   3.60499668    
   6.29999489E-02   3.69814277    
   6.39999509E-02   3.79216051    
   6.49999529E-02   3.88704467    
   6.59999549E-02   3.98278809    
   6.69999570E-02   4.07938528    
   6.79999590E-02   4.17682934    
   6.89999610E-02   4.27511644    
   6.99999630E-02   4.37423801    
   7.09999651E-02   4.47419119    
   7.19999671E-02   4.57496834    
   7.29999691E-02   4.67656565    
   7.39999712E-02   4.77897644    
   7.49999732E-02   4.88219643    
   7.59999752E-02   4.98621941    
   7.69999772E-02   5.09104013    
   7.79999793E-02   5.19665527    
   7.89999813E-02   5.30305862    
   7.99999833E-02   5.41024542    
   8.09999853E-02   5.51821041    
   8.19999874E-02   5.62694931    
   8.29999894E-02   5.73645735    
   8.39999914E-02   5.84672976    
   8.49999934E-02   5.95776224    
   8.59999955E-02   6.06955004    
   8.69999975E-02   6.18208933    
   8.79999995E-02   6.29537392    
   8.90000015E-02   6.40940142    
   9.00000036E-02   6.52416611    
   9.10000056E-02   6.63966417    
   9.20000076E-02   6.75589228    
   9.30000097E-02   6.87284517    
   9.40000117E-02   6.99051905    
   9.50000137E-02   7.10890961    
   9.60000157E-02   7.22801304    
   9.70000178E-02   7.34782600    
   9.80000198E-02   7.46834326    
   9.90000218E-02   7.58956194    
  0.100000024       7.71147823    
  0.101000026       7.83408689    
  0.102000028       7.95738506    
  0.103000030       8.08136845    
  0.104000032       8.20603561    
  0.105000034       8.33138084    
  0.106000036       8.45739937    
  0.107000038       8.58409023    
  0.108000040       8.71144867    
  0.109000042       8.83946991    
  0.110000044       8.96815205    
  0.111000046       9.09749222    
  0.112000048       9.22748375    
  0.113000050       9.35812759    
  0.114000052       9.48941612    
  0.115000054       9.62134838    
  0.116000056       9.75391960    
  0.117000058       9.88712883    
  0.118000060       10.0209703    
  0.119000062       10.1554422    
  0.120000064       10.2905397    
  0.121000066       10.4262609    
  0.122000068       10.5626030    
  0.123000070       10.6995611    
  0.124000072       10.8371325    
  0.125000075       10.9753151    
  0.126000077       11.1141052    
  0.127000079       11.2534990    
  0.128000081       11.3934946    
  0.129000083       11.5340891    
  0.130000085       11.6752787    
  0.131000087       11.8170586    
  0.132000089       11.9594288    
  0.133000091       12.1023846    
  0.134000093       12.2459230    
  0.135000095       12.3900433    
  0.136000097       12.5347376    
  0.137000099       12.6800098    
  0.138000101       12.8258505    
  0.139000103       12.9722595    
  0.140000105       13.1192360    
  0.141000107       13.2667742    
  0.142000109       13.4148722    
  0.143000111       13.5635262    
  0.144000113       13.7127342    
  0.145000115       13.8624935    
  0.146000117       14.0128021    
  0.147000119       14.1636562    
  0.148000121       14.3150539    
  0.149000123       14.4669905    
  0.150000125       14.6194639    
  0.151000127       14.7724733    
  0.152000129       14.9260139    
  0.153000131       15.0800838    
  0.154000133       15.2346802    
  0.155000135       15.3898001    
  0.156000137       15.5454426    
  0.157000139       15.7016029    
  0.158000141       15.8582764    
  0.159000143       16.0154648    
  0.160000145       16.1731644    
  0.161000147       16.3313732    
  0.162000149       16.4900837    
  0.163000152       16.6492977    
  0.164000154       16.8090115    
  0.165000156       16.9692249    
  0.166000158       17.1299324    
  0.167000160       17.2911301    
  0.168000162       17.4528217    
  0.169000164       17.6149960    
  0.170000166       17.7776585    
  0.171000168       17.9407978    
  0.172000170       18.1044216    
  0.173000172       18.2685223    
  0.174000174       18.4330959    
  0.175000176       18.5981407    
  0.176000178       18.7636566    
  0.177000180       18.9296398    
  0.178000182       19.0960846    
  0.179000184       19.2629948    
  0.180000186       19.4303627    
  0.181000188       19.5981884    
  0.182000190       19.7664680    
  0.183000192       19.9352016    
  0.184000194       20.1043835    
  0.185000196       20.2740135    
  0.186000198       20.4440880    
  0.187000200       20.6146049    
  0.188000202       20.7855625    
  0.189000204       20.9569569    
  0.190000206       21.1287880    
  0.191000208       21.3010502    
  0.192000210       21.4737453    
  0.193000212       21.6468658    
  0.194000214       21.8204117    
  0.195000216       21.9943848    
  0.196000218       22.1687756    
  0.197000220       22.3435860    
  0.198000222       22.5188141    
  0.199000224       22.6944523    
  0.200000226       22.8705063    
  0.201000229       23.0469666    
  0.202000231       23.2238331    
  0.203000233       23.4011078    
  0.204000235       23.5787811    
  0.205000237       23.7568569    
  0.206000239       23.9353294    
  0.207000241       24.1141987    
  0.208000243       24.2934608    
  0.209000245       24.4731102    
  0.210000247       24.6531487    
  0.211000249       24.8335781    
  0.212000251       25.0143852    
  0.213000253       25.1955776    
  0.214000255       25.3771439    
  0.215000257       25.5590935    
  0.216000259       25.7414150    
  0.217000261       25.9241104    
  0.218000263       26.1071758    
  0.219000265       26.2906055    
  0.220000267       26.4744053    
  0.221000269       26.6585655    
  0.222000271       26.8430862    
  0.223000273       27.0279675    
  0.224000275       27.2132072    
  0.225000277       27.3987980    
  0.226000279       27.5847435    
  0.227000281       27.7710342    
  0.228000283       27.9576778    
  0.229000285       28.1446667    
  0.230000287       28.3319969    
  0.231000289       28.5196648    
  0.232000291       28.7076759    
  0.233000293       28.8960247    
  0.234000295       29.0847034    
  0.235000297       29.2737179    
  0.236000299       29.4630604    
  0.237000301       29.6527290    
  0.238000304       29.8427277    
  0.239000306       30.0330467    
  0.240000308       30.2236862    
  0.241000310       30.4146442    
  0.242000312       30.6059208    
  0.243000314       30.7975121    
  0.244000316       30.9894142    
  0.245000318       31.1816273    
  0.246000320       31.3741493    
  0.247000322       31.5669765    
  0.248000324       31.7601032    
  0.249000326       31.9535389    
  0.250000328       32.1472702    
  0.251000315       32.3412933    
  0.252000302       32.5356178    
  0.253000289       32.7302284    
  0.254000276       32.9251328    
  0.255000263       33.1203270    
  0.256000251       33.3158035    
  0.257000238       33.5115623    
  0.258000225       33.7076149    
  0.259000212       33.9039383    
  0.260000199       34.1005363    
  0.261000186       34.2974167    
  0.262000173       34.4945679    
  0.263000160       34.6919937    
  0.264000148       34.8896828    
  0.265000135       35.0876427    
  0.266000122       35.2858658    
  0.267000109       35.4843521    
  0.268000096       35.6831017    
  0.269000083       35.8821068    
  0.270000070       36.0813713    
  0.271000057       36.2808876    
  0.272000045       36.4806519    
  0.273000032       36.6806717    
  0.274000019       36.8809395    
  0.275000006       37.0814514    
  0.275999993       37.2822075    
  0.276999980       37.4832039    
  0.277999967       37.6844406    
  0.278999954       37.8859177    
  0.279999942       38.0876236    
  0.280999929       38.2895699    
  0.281999916       38.4917412    
  0.282999903       38.6941452    
  0.283999890       38.8967781    
  0.284999877       39.0996284    
  0.285999864       39.3027077    
  0.286999851       39.5060005    
  0.287999839       39.7095222    
  0.288999826       39.9132500    
  0.289999813       40.1171989    
  0.290999800       40.3213577    
  0.291999787       40.5257263    
  0.292999774       40.7303047    
  0.293999761       40.9350853    
  0.294999748       41.1400719    
  0.295999736       41.3452606    
  0.296999723       41.5506477    
  0.297999710       41.7562294    
  0.298999697       41.9620132    
  0.299999684       42.1679840    
  0.300999671       42.3741531    
  0.301999658       42.5805054    
  0.302999645       42.7870483    
  0.303999633       42.9937744    
  0.304999620       43.2006874    
  0.305999607       43.4077797    
  0.306999594       43.6150475    
  0.307999581       43.8224945    
  0.308999568       44.0301132    
  0.309999555       44.2379074    
  0.310999542       44.4458771    
  0.311999530       44.6540108    
  0.312999517       44.8623085    
  0.313999504       45.0707741    
  0.314999491       45.2793999    
  0.315999478       45.4881897    
  0.316999465       45.6971359    
  0.317999452       45.9062386    
  0.318999439       46.1154976    
  0.319999427       46.3249054    
  0.320999414       46.5344658    
  0.321999401       46.7441711    
  0.322999388       46.9540253    
  0.323999375       47.1640205    
  0.324999362       47.3741608    
  0.325999349       47.5844421    
  0.326999336       47.7948608    
  0.327999324       48.0054092    
  0.328999311       48.2160988    
  0.329999298       48.4269218    
  0.330999285       48.6378593    
  0.331999272       48.8489380    
  0.332999259       49.0601387    
  0.333999246       49.2714691    
  0.334999233       49.4829140    
  0.335999221       49.6944809    
  0.336999208       49.9061661    
  0.337999195       50.1179657    
  0.338999182       50.3298798    
  0.339999169       50.5419006    
  0.340999156       50.7540359    
  0.341999143       50.9662781    
  0.342999130       51.1786232    
  0.343999118       51.3910751    
  0.344999105       51.6036263    
  0.345999092       51.8162766    
  0.346999079       52.0290260    
  0.347999066       52.2418671    
  0.348999053       52.4548073    
  0.349999040       52.6678314    
  0.350999027       52.8809547    
  0.351999015       53.0941620    
  0.352999002       53.3074455    
  0.353998989       53.5208206    
  0.354998976       53.7342758    
  0.355998963       53.9478111    
  0.356998950       54.1614227    
  0.357998937       54.3751106    
  0.358998924       54.5888672    
  0.359998912       54.8027000    
  0.360998899       55.0166016    
  0.361998886       55.2305679    
  0.362998873       55.4446030    
  0.363998860       55.6586914    
  0.364998847       55.8728523    
  0.365998834       56.0870667    
  0.366998821       56.3013420    
  0.367998809       56.5156746    
  0.368998796       56.7300568    
  0.369998783       56.9444923    
  0.370998770       57.1589775    
  0.371998757       57.3735085    
  0.372998744       57.5880814    
  0.373998731       57.8027000    
  0.374998719       58.0173645    
  0.375998706       58.2320633    
  0.376998693       58.4467926    
  0.377998680       58.6615753    
  0.378998667       58.8763847    
  0.379998654       59.0912132    
  0.380998641       59.3060875    
  0.381998628       59.5209770    
  0.382998616       59.7359009    
  0.383998603       59.9508476    
  0.384998590       60.1658134    
  0.385998577       60.3808022    
  0.386998564       60.5957985    
  0.387998551       60.8108215    
  0.388998538       61.0258560    
  0.389998525       61.2408981    
  0.390998513       61.4559555    
  0.391998500       61.6710129    
  0.392998487       61.8860855    
  0.393998474       62.1011543    
  0.394998461       62.3162346    
  0.395998448       62.5313110    
  0.396998435       62.7463837    
  0.397998422       62.9614487    
  0.398998410       63.1765060    
  0.399998397       63.3915634    
  0.400998384       63.6066093    
  0.401998371       63.8216438    
  0.402998358       64.0366669    
  0.403998345       64.2516708    
  0.404998332       64.4666595    
  0.405998319       64.6816177    
  0.406998307       64.8965683    
  0.407998294       65.1114883    
  0.408998281       65.3263855    
  0.409998268       65.5412598    
  0.410998255       65.7561035    
  0.411998242       65.9709091    
  0.412998229       66.1856842    
  0.413998216       66.4004288    
  0.414998204       66.6151276    
  0.415998191       66.8298035    
  0.416998178       67.0444260    
  0.417998165       67.2590103    
  0.418998152       67.4735489    
  0.419998139       67.6880493    
  0.420998126       67.9024811    
  0.421998113       68.1168747    
  0.422998101       68.3312149    
  0.423998088       68.5455093    
  0.424998075       68.7597351    
  0.425998062       68.9739075    
  0.426998049       69.1880188    
  0.427998036       69.4020767    
  0.428998023       69.6160583    
  0.429998010       69.8299866    
  0.430997998       70.0438309    
  0.431997985       70.2576218    
  0.432997972       70.4713287    
  0.433997959       70.6849747    
  0.434997946       70.8985367    
  0.435997933       71.1120148    
  0.436997920       71.3254395    
  0.437997907       71.5387573    
  0.438997895       71.7519989    
  0.439997882       71.9651642    
  0.440997869       72.1782379    
  0.441997856       72.3912125    
  0.442997843       72.6041183    
  0.443997830       72.8169174    
  0.444997817       73.0296249    
  0.445997804       73.2422409    
  0.446997792       73.4547501    
  0.447997779       73.6671600    
  0.448997766       73.8794708    
  0.449997753       74.0916824    
  0.450997740       74.3037796    
  0.451997727       74.5157852    
  0.452997714       74.7276688    
  0.453997701       74.9394531    
  0.454997689       75.1511078    
  0.455997676       75.3626556    
  0.456997663       75.5740814    
  0.457997650       75.7854004    
  0.458997637       75.9965897    
  0.459997624       76.2076645    
  0.460997611       76.4186020    
  0.461997598       76.6294327    
  0.462997586       76.8401184    
  0.463997573       77.0506821    
  0.464997560       77.2611084    
  0.465997547       77.4714050    
  0.466997534       77.6815643    
  0.467997521       77.8916016    
  0.468997508       78.1014862    
  0.469997495       78.3112259    
  0.470997483       78.5208282    
  0.471997470       78.7302856    
  0.472997457       78.9395981    
  0.473997444       79.1487656    
  0.474997431       79.3577728    
  0.475997418       79.5666275    
  0.476997405       79.7753448    
  0.477997392       79.9838943    
  0.478997380       80.1922913    
  0.479997367       80.4005280    
  0.480997354       80.6085968    
  0.481997341       80.8165131    
  0.482997328       81.0242538    
  0.483997315       81.2318420    
  0.484997302       81.4392548    
  0.485997289       81.6464996    
  0.486997277       81.8535614    
  0.487997264       82.0604553    
  0.488997251       82.2671890    
  0.489997238       82.4737244    
  0.490997225       82.6800842    
  0.491997212       82.8862686    
  0.492997199       83.0922699    
  0.493997186       83.2980957    
  0.494997174       83.5037231    
  0.495997161       83.7091675    
  0.496997148       83.9144135    
  0.497997135       84.1194687    
  0.498997122       84.3243408    
  0.499997109       84.5290070    
  0.500997126       84.7334824    
  0.501997113       84.9377670    
  0.502997100       85.1418381    
  0.503997087       85.3457108    
  0.504997075       85.5493774    
  0.505997062       85.7528381    
  0.506997049       85.9560928    
  0.507997036       86.1591339    
  0.508997023       86.3619766    
  0.509997010       86.5645981    
  0.510996997       86.7669830    
  0.511996984       86.9691772    
  0.512996972       87.1711502    
  0.513996959       87.3729019    
  0.514996946       87.5744324    
  0.515996933       87.7757416    
  0.516996920       87.9768143    
  0.517996907       88.1776657    
  0.518996894       88.3782806    
  0.519996881       88.5786819    
  0.520996869       88.7788391    
  0.521996856       88.9787674    
  0.522996843       89.1784515    
  0.523996830       89.3778992    
  0.524996817       89.5771103    
  0.525996804       89.7760773    
  0.526996791       89.9748077    
  0.527996778       90.1733017    
  0.528996766       90.3715363    
  0.529996753       90.5695267    
  0.530996740       90.7672653    
  0.531996727       90.9647522    
  0.532996714       91.1619873    
  0.533996701       91.3589706    
  0.534996688       91.5556946    
  0.535996675       91.7521591    
  0.536996663       91.9483719    
  0.537996650       92.1443100    
  0.538996637       92.3399887    
  0.539996624       92.5354080    
  0.540996611       92.7305450    
  0.541996598       92.9254379    
  0.542996585       93.1200485    
  0.543996572       93.3143921    
  0.544996560       93.5084534    
  0.545996547       93.7022400    
  0.546996534       93.8957520    
  0.547996521       94.0889816    
  0.548996508       94.2819443    
  0.549996495       94.4746094    
  0.550996482       94.6669998    
  0.551996469       94.8591080    
  0.552996457       95.0509186    
  0.553996444       95.2424469    
  0.554996431       95.4336929    
  0.555996418       95.6246414    
  0.556996405       95.8152924    
  0.557996392       96.0056381    
  0.558996379       96.1957092    
  0.559996367       96.3854599    
  0.560996354       96.5749283    
  0.561996341       96.7640915    
  0.562996328       96.9529419    
  0.563996315       97.1414948    
  0.564996302       97.3297424    
  0.565996289       97.5176773    
  0.566996276       97.7052994    
  0.567996264       97.8926163    
  0.568996251       98.0796204    
  0.569996238       98.2662964    
  0.570996225       98.4526749    
  0.571996212       98.6387329    
  0.572996199       98.8244705    
  0.573996186       99.0098724    
  0.574996173       99.1949615    
  0.575996161       99.3797226    
  0.576996148       99.5641632    
  0.577996135       99.7482758    
  0.578996122       99.9320602    
  0.579996109       100.115517    
  0.580996096       100.298630    
  0.581996083       100.481407    
  0.582996070       100.663864    
  0.583996058       100.845970    
  0.584996045       101.027748    
  0.585996032       101.209183    
  0.586996019       101.390274    
  0.587996006       101.571022    
  0.588995993       101.751419    
  0.589995980       101.931480    
  0.590995967       102.111183    
  0.591995955       102.290543    
  0.592995942       102.469559    
  0.593995929       102.648216    
  0.594995916       102.826515    
  0.595995903       103.004440    
  0.596995890       103.182022    
  0.597995877       103.359276    
  0.598995864       103.536133    
  0.599995852       103.712646    
  0.600995839       103.888779    
  0.601995826       104.064568    
  0.602995813       104.239975    
  0.603995800       104.415009    
  0.604995787       104.589691    
  0.605995774       104.763985    
  0.606995761       104.937927    
  0.607995749       105.111481    
  0.608995736       105.284668    
  0.609995723       105.457474    
  0.610995710       105.629898    
  0.611995697       105.801941    
  0.612995684       105.973595    
  0.613995671       106.144882    
  0.614995658       106.315781    
  0.615995646       106.486282    
  0.616995633       106.656418    
  0.617995620       106.826141    
  0.618995607       106.995491    
  0.619995594       107.164444    
  0.620995581       107.333000    
  0.621995568       107.501175    
  0.622995555       107.668953    
  0.623995543       107.836304    
  0.624995530       108.003281    
  0.625995517       108.169853    
  0.626995504       108.336014    
  0.627995491       108.501801    
  0.628995478       108.667160    
  0.629995465       108.832108    
  0.630995452       108.996658    
  0.631995440       109.160805    
  0.632995427       109.324532    
  0.633995414       109.487839    
  0.634995401       109.650757    
  0.635995388       109.813240    
  0.636995375       109.975311    
  0.637995362       110.136971    
  0.638995349       110.298210    
  0.639995337       110.459023    
  0.640995324       110.619415    
  0.641995311       110.779404    
  0.642995298       110.938942    
  0.643995285       111.098076    
  0.644995272       111.256760    
  0.645995259       111.415039    
  0.646995246       111.572861    
  0.647995234       111.730270    
  0.648995221       111.887268    
  0.649995208       112.043800    
  0.650995195       112.199890    
  0.651995182       112.355568    
  0.652995169       112.510788    
  0.653995156       112.665588    
  0.654995143       112.819946    
  0.655995131       112.973862    
  0.656995118       113.127319    
  0.657995105       113.280350    
  0.658995092       113.432915    
  0.659995079       113.585052    
  0.660995066       113.736725    
  0.661995053       113.887970    
  0.662995040       114.038734    
  0.663995028       114.189072    
  0.664995015       114.338959    
  0.665995002       114.488373    
  0.666994989       114.637329    
  0.667994976       114.785843    
  0.668994963       114.933891    
  0.669994950       115.081482    
  0.670994937       115.228607    
  0.671994925       115.375259    
  0.672994912       115.521469    
  0.673994899       115.667206    
  0.674994886       115.812485    
  0.675994873       115.957275    
  0.676994860       116.101624    
  0.677994847       116.245468    
  0.678994834       116.388870    
  0.679994822       116.531799    
  0.680994809       116.674240    
  0.681994796       116.816216    
  0.682994783       116.957718    
  0.683994770       117.098740    
  0.684994757       117.239265    
  0.685994744       117.379349    
  0.686994731       117.518913    
  0.687994719       117.658020    
  0.688994706       117.796631    
  0.689994693       117.934769    
  0.690994680       118.072418    
  0.691994667       118.209579    
  0.692994654       118.346260    
  0.693994641       118.482422    
  0.694994628       118.618118    
  0.695994616       118.753326    
  0.696994603       118.888039    
  0.697994590       119.022255    
  0.698994577       119.155968    
  0.699994564       119.289185    
  0.700994551       119.421928    
  0.701994538       119.554146    
  0.702994525       119.685890    
  0.703994513       119.817123    
  0.704994500       119.947853    
  0.705994487       120.078079    
  0.706994474       120.207802    
  0.707994461       120.337013    
  0.708994448       120.465721    
  0.709994435       120.593925    
  0.710994422       120.721642    
  0.711994410       120.848824    
  0.712994397       120.975494    
  0.713994384       121.101669    
  0.714994371       121.227333    
  0.715994358       121.352463    
  0.716994345       121.477097    
  0.717994332       121.601212    
  0.718994319       121.724800    
  0.719994307       121.847900    
  0.720994294       121.970444    
  0.721994281       122.092491    
  0.722994268       122.214012    
  0.723994255       122.334991    
  0.724994242       122.455475    
  0.725994229       122.575432    
  0.726994216       122.694870    
  0.727994204       122.813766    
  0.728994191       122.932144    
  0.729994178       123.050003    
  0.730994165       123.167305    
  0.731994152       123.284103    
  0.732994139       123.400368    
  0.733994126       123.516075    
  0.734994113       123.631279    
  0.735994101       123.745934    
  0.736994088       123.860077    
  0.737994075       123.973671    
  0.738994062       124.086716    
  0.739994049       124.199234    
  0.740994036       124.311234    
  0.741994023       124.422668    
  0.742994010       124.533577    
  0.743993998       124.643929    
  0.744993985       124.753754    
  0.745993972       124.863022    
  0.746993959       124.971764    
  0.747993946       125.079956    
  0.748993933       125.187599    
  0.749993920       125.294685    
  0.750993907       125.401237    
  0.751993895       125.507256    
  0.752993882       125.612717    
  0.753993869       125.717613    
  0.754993856       125.821960    
  0.755993843       125.925774    
  0.756993830       126.029015    
  0.757993817       126.131714    
  0.758993804       126.233856    
  0.759993792       126.335464    
  0.760993779       126.436485    
  0.761993766       126.536949    
  0.762993753       126.636879    
  0.763993740       126.736237    
  0.764993727       126.835037    
  0.765993714       126.933273    
  0.766993701       127.030975    
  0.767993689       127.128098    
  0.768993676       127.224655    
  0.769993663       127.320648    
  0.770993650       127.416084    
  0.771993637       127.510956    
  0.772993624       127.605270    
  0.773993611       127.699020    
  0.774993598       127.792175    
  0.775993586       127.884773    
  0.776993573       127.976822    
  0.777993560       128.068298    
  0.778993547       128.159180    
  0.779993534       128.249512    
  0.780993521       128.339294    
  0.781993508       128.428482    
  0.782993495       128.517090    
  0.783993483       128.605133    
  0.784993470       128.692627    
  0.785993457       128.779510    
  0.786993444       128.865845    
  0.787993431       128.951569    
  0.788993418       129.036713    
  0.789993405       129.121338    
  0.790993392       129.205353    
  0.791993380       129.288788    
  0.792993367       129.371643    
  0.793993354       129.453918    
  0.794993341       129.535645    
  0.795993328       129.616730    
  0.796993315       129.697296    
  0.797993302       129.777222    
  0.798993289       129.856598    
  0.799993277       129.935425    
  0.800993264       130.013611    
  0.801993251       130.091217    
  0.802993238       130.168274    
  0.803993225       130.244720    
  0.804993212       130.320587    
  0.805993199       130.395874    
  0.806993186       130.470566    
  0.807993174       130.544678    
  0.808993161       130.618210    
  0.809993148       130.691132    
  0.810993135       130.763474    
  0.811993122       130.835236    
  0.812993109       130.906372    
  0.813993096       130.976959    
  0.814993083       131.046936    
  0.815993071       131.116333    
  0.816993058       131.185120    
  0.817993045       131.253342    
  0.818993032       131.320923    
  0.819993019       131.387955    
  0.820993006       131.454391    
  0.821992993       131.520218    
  0.822992980       131.585449    
  0.823992968       131.650085    
  0.824992955       131.714127    
  0.825992942       131.777588    
  0.826992929       131.840424    
  0.827992916       131.902710    
  0.828992903       131.964325    
  0.829992890       132.025421    
  0.830992877       132.085861    
  0.831992865       132.145721    
  0.832992852       132.205017    
  0.833992839       132.263672    
  0.834992826       132.321747    
  0.835992813       132.379181    
  0.836992800       132.436066    
  0.837992787       132.492340    
  0.838992774       132.548004    
  0.839992762       132.603058    
  0.840992749       132.657532    
  0.841992736       132.711365    
  0.842992723       132.764648    
  0.843992710       132.817307    
  0.844992697       132.869339    
  0.845992684       132.920807    
  0.846992671       132.971649    
  0.847992659       133.021881    
  0.848992646       133.071533    
  0.849992633       133.120544    
  0.850992620       133.169006    
  0.851992607       133.216827    
  0.852992594       133.264038    
  0.853992581       133.310654    
  0.854992568       133.356689    
  0.855992556       133.402084    
  0.856992543       133.446869    
  0.857992530       133.491074    
  0.858992517       133.534668    
  0.859992504       133.577652    
  0.860992491       133.620010    
  0.861992478       133.661804    
  0.862992465       133.702957    
  0.863992453       133.743500    
  0.864992440       133.783463    
  0.865992427       133.822815    
  0.866992414       133.861542    
  0.867992401       133.899643    
  0.868992388       133.937180    
  0.869992375       133.974091    
  0.870992362       134.010391    
  0.871992350       134.046082    
  0.872992337       134.081177    
  0.873992324       134.115646    
  0.874992311       134.149521    
  0.875992298       134.182785    
  0.876992285       134.215424    
  0.877992272       134.247498    
  0.878992260       134.278931    
  0.879992247       134.309753    
  0.880992234       134.339966    
  0.881992221       134.369568    
  0.882992208       134.398621    
  0.883992195       134.427002    
  0.884992182       134.454788    
  0.885992169       134.481964    
  0.886992157       134.508530    
  0.887992144       134.534500    
  0.888992131       134.559845    
  0.889992118       134.584595    
  0.890992105       134.608734    
  0.891992092       134.632233    
  0.892992079       134.655182    
  0.893992066       134.677490    
  0.894992054       134.699219    
  0.895992041       134.720337    
  0.896992028       134.740784    
  0.897992015       134.760666    
  0.898992002       134.779938    
  0.899991989       134.798630    
  0.900991976       134.816681    
  0.901991963       134.834106    
  0.902991951       134.850952    
  0.903991938       134.867218    
  0.904991925       134.882843    
  0.905991912       134.897858    
  0.906991899       134.912277    
  0.907991886       134.926086    
  0.908991873       134.939301    
  0.909991860       134.951889    
  0.910991848       134.963913    
  0.911991835       134.975281    
  0.912991822       134.986084    
  0.913991809       134.996262    
  0.914991796       135.005829    
  0.915991783       135.014801    
  0.916991770       135.023163    
  0.917991757       135.030914    
  0.918991745       135.038040    
  0.919991732       135.044632    
  0.920991719       135.050613    
  0.921991706       135.055954    
  0.922991693       135.060669    
  0.923991680       135.064819    
  0.924991667       135.068375    
  0.925991654       135.071289    
  0.926991642       135.073654    
  0.927991629       135.075394    
  0.928991616       135.076538    
  0.929991603       135.077072    
  0.930991590       135.077011    
  0.931991577       135.076355    
  0.932991564       135.075119    
  0.933991551       135.073242    
  0.934991539       135.070786    
  0.935991526       135.067719    
  0.936991513       135.064087    
  0.937991500       135.059814    
  0.938991487       135.054977    
  0.939991474       135.049561    
  0.940991461       135.043488    
  0.941991448       135.036896    
  0.942991436       135.029663    
  0.943991423       135.021820    
  0.944991410       135.013397    
  0.945991397       135.004410    
  0.946991384       134.994843    
  0.947991371       134.984634    
  0.948991358       134.973846    
  0.949991345       134.962463    
  0.950991333       134.950531    
  0.951991320       134.937943    
  0.952991307       134.924850    
  0.953991294       134.911072    
  0.954991281       134.896759    
  0.955991268       134.881866    
  0.956991255       134.866348    
  0.957991242       134.850281    
  0.958991230       134.833649    
  0.959991217       134.816376    
  0.960991204       134.798538    
  0.961991191       134.780106    
  0.962991178       134.761124    
  0.963991165       134.741547    
  0.964991152       134.721375    
  0.965991139       134.700623    
  0.966991127       134.679276    
  0.967991114       134.657410    
  0.968991101       134.634903    
  0.969991088       134.611847    
  0.970991075       134.588211    
  0.971991062       134.563995    
  0.972991049       134.539185    
  0.973991036       134.513809    
  0.974991024       134.487885    
  0.975991011       134.461380    
  0.976990998       134.434265    
  0.977990985       134.406647    
  0.978990972       134.378387    
  0.979990959       134.349594    
  0.980990946       134.320236    
  0.981990933       134.290253    
  0.982990921       134.259781    
  0.983990908       134.228668    
  0.984990895       134.197052    
  0.985990882       134.164795    
  0.986990869       134.132050    
  0.987990856       134.098724    
  0.988990843       134.064804    
  0.989990830       134.030380    
  0.990990818       133.995346    
  0.991990805       133.959747    
  0.992990792       133.923615    
  0.993990779       133.886932    
  0.994990766       133.849655    
  0.995990753       133.811859    
  0.996990740       133.773468    
  0.997990727       133.734543    
  0.998990715       133.695068    
  0.999990702       133.655045    
   1.00099075       133.614502    
   1.00199080       133.573349    
   1.00299084       133.531647    
   1.00399089       133.489441    
   1.00499094       133.446671    
   1.00599098       133.403336    
   1.00699103       133.359497    
   1.00799108       133.315079    
   1.00899112       133.270126    
   1.00999117       133.224640    
   1.01099122       133.178589    
   1.01199126       133.132019    
   1.01299131       133.084946    
   1.01399136       133.037231    
   1.01499140       132.989090    
   1.01599145       132.940338    
   1.01699150       132.891144    
   1.01799154       132.841309    
   1.01899159       132.791000    
   1.01999164       132.740173    
   1.02099168       132.688797    
   1.02199173       132.636887    
   1.02299178       132.584457    
   1.02399182       132.531494    
   1.02499187       132.478027    
   1.02599192       132.424042    
   1.02699196       132.369507    
   1.02799201       132.314484    
   1.02899206       132.258881    
   1.02999210       132.202850    
   1.03099215       132.146240    
   1.03199220       132.089142    
   1.03299224       132.031509    
   1.03399229       131.973389    
   1.03499234       131.914734    
   1.03599238       131.855621    
   1.03699243       131.795959    
   1.03799248       131.735779    
   1.03899252       131.675079    
   1.03999257       131.613907    
   1.04099262       131.552216    
   1.04199266       131.490067    
   1.04299271       131.427399    
   1.04399276       131.364197    
   1.04499280       131.300552    
   1.04599285       131.236404    
   1.04699290       131.171707    
   1.04799294       131.106567    
   1.04899299       131.040894    
   1.04999304       130.974777    
   1.05099308       130.908173    
   1.05199313       130.841064    
   1.05299318       130.773499    
   1.05399323       130.705399    
   1.05499327       130.636871    
   1.05599332       130.567841    
   1.05699337       130.498322    
   1.05799341       130.428360    
   1.05899346       130.357880    
   1.05999351       130.286942    
   1.06099355       130.215546    
   1.06199360       130.143677    
   1.06299365       130.071320    
   1.06399369       129.998505    
   1.06499374       129.925262    
   1.06599379       129.851517    
   1.06699383       129.777313    
   1.06799388       129.702667    
   1.06899393       129.627563    
   1.06999397       129.551971    
   1.07099402       129.475952    
   1.07199407       129.399506    
   1.07299411       129.322571    
   1.07399416       129.245178    
   1.07499421       129.167328    
   1.07599425       129.089081    
   1.07699430       129.010361    
   1.07799435       128.931198    
   1.07899439       128.851593    
   1.07999444       128.771591    
   1.08099449       128.691101    
   1.08199453       128.610199    
   1.08299458       128.528870    
   1.08399463       128.447113    
   1.08499467       128.364899    
   1.08599472       128.282288    
   1.08699477       128.199265    
   1.08799481       128.115784    
   1.08899486       128.031891    
   1.08999491       127.947601    
   1.09099495       127.862854    
   1.09199500       127.777740    
   1.09299505       127.692154    
   1.09399509       127.606232    
   1.09499514       127.519852    
   1.09599519       127.433044    
   1.09699523       127.345871    
   1.09799528       127.258301    
   1.09899533       127.170288    
   1.09999537       127.081879    
   1.10099542       126.993118    
   1.10199547       126.903946    
   1.10299551       126.814362    
   1.10399556       126.724426    
   1.10499561       126.634094    
   1.10599566       126.543350    
   1.10699570       126.452271    
   1.10799575       126.360748    
   1.10899580       126.268890    
   1.10999584       126.176605    
   1.11099589       126.083969    
   1.11199594       125.990997    
   1.11299598       125.897629    
   1.11399603       125.803894    
   1.11499608       125.709747    
   1.11599612       125.615295    
   1.11699617       125.520477    
   1.11799622       125.425293    
   1.11899626       125.329742    
   1.11999631       125.233826    
   1.12099636       125.137634    
   1.12199640       125.040985    
   1.12299645       124.944061    
   1.12399650       124.846771    
   1.12499654       124.749130    
   1.12599659       124.651184    
   1.12699664       124.552856    
   1.12799668       124.454193    
   1.12899673       124.355240    
   1.12999678       124.255920    
   1.13099682       124.156296    
   1.13199687       124.056320    
   1.13299692       123.956039    
   1.13399696       123.855423    
   1.13499701       123.754517    
   1.13599706       123.653259    
   1.13699710       123.551727    
   1.13799715       123.449860    
   1.13899720       123.347717    
   1.13999724       123.245239    
   1.14099729       123.142426    
   1.14199734       123.039398    
   1.14299738       122.935974    
   1.14399743       122.832336    
   1.14499748       122.728394    
   1.14599752       122.624115    
   1.14699757       122.519623    
   1.14799762       122.414764    
   1.14899766       122.309631    
   1.14999771       122.204285    
   1.15099776       122.098602    
   1.15199780       121.992706    
   1.15299785       121.886505    
   1.15399790       121.780060    
   1.15499794       121.673279    
   1.15599799       121.566315    
   1.15699804       121.459045    
   1.15799809       121.351532    
   1.15899813       121.243805    
   1.15999818       121.135742    
   1.16099823       121.027466    
   1.16199827       120.918976    
   1.16299832       120.810242    
   1.16399837       120.701263    
   1.16499841       120.592041    
   1.16599846       120.482574    
   1.16699851       120.372864    
   1.16799855       120.263000    
   1.16899860       120.152832    
   1.16999865       120.042450    
   1.17099869       119.931885    
   1.17199874       119.821106    
   1.17299879       119.710083    
   1.17399883       119.598877    
   1.17499888       119.487427    
   1.17599893       119.375793    
   1.17699897       119.263977    
   1.17799902       119.151947    
   1.17899907       119.039734    
   1.17999911       118.927277    
   1.18099916       118.814697    
   1.18199921       118.701904    
   1.18299925       118.588928    
   1.18399930       118.475800    
   1.18499935       118.362457    
   1.18599939       118.248932    
   1.18699944       118.135254    
   1.18799949       118.021454    
   1.18899953       117.907440    
   1.18999958       117.793243    
   1.19099963       117.678925    
   1.19199967       117.564514    
   1.19299972       117.449921    
   1.19399977       117.335114    
   1.19499981       117.220215    
   1.19599986       117.105194    
   1.19699991       116.990021    
   1.19799995       116.874695    
   1.19900000       116.759247    
   1.20000005       116.643677    
   1.20100009       116.527954    
   1.20200014       116.412170    
   1.20300019       116.296204    
   1.20400023       116.180145    
   1.20500028       116.064026    
   1.20600033       115.947723    
   1.20700037       115.831360    
   1.20800042       115.714905    
   1.20900047       115.598328    
   1.21000051       115.481689    
   1.21100056       115.364960    
   1.21200061       115.248108    
   1.21300066       115.131195    
   1.21400070       115.014221    
   1.21500075       114.897186    
   1.21600080       114.780060    
   1.21700084       114.662872    
   1.21800089       114.545593    
   1.21900094       114.428284    
   1.22000098       114.310883    
   1.22100103       114.193420    
   1.22200108       114.075958    
   1.22300112       113.958496    
   1.22400117       113.840942    
   1.22500122       113.723297    
   1.22600126       113.605652    
   1.22700131       113.487976    
   1.22800136       113.370270    
   1.22900140       113.252563    
   1.23000145       113.134827    
   1.23100150       113.017059    
   1.23200154       112.899292    
   1.23300159       112.781525    
   1.23400164       112.663757    
   1.23500168       112.545990    
   1.23600173       112.428223    
   1.23700178       112.310486    
   1.23800182       112.192719    
   1.23900187       112.074982    
   1.24000192       111.957214    
   1.24100196       111.839569    
   1.24200201       111.721924    
   1.24300206       111.604309    
   1.24400210       111.486694    
   1.24500215       111.369110    
   1.24600220       111.251617    
   1.24700224       111.134155    
   1.24800229       111.016693    
   1.24900234       110.899353    
   1.25000238       110.782043    
   1.25100243       110.664795    
   1.25200248       110.547638    
   1.25300252       110.430573    
   1.25400257       110.313568    
   1.25500262       110.196655    
   1.25600266       110.079773    
   1.25700271       109.963043    
   1.25800276       109.846344    
   1.25900280       109.729767    
   1.26000285       109.613312    
   1.26100290       109.496948    
   1.26200294       109.380676    
   1.26300299       109.264526    
   1.26400304       109.148529    
   1.26500309       109.032654    
   1.26600313       108.916870    
   1.26700318       108.801178    
   1.26800323       108.685699    
   1.26900327       108.570343    
   1.27000332       108.455139    
   1.27100337       108.340118    
   1.27200341       108.225159    
   1.27300346       108.110413    
   1.27400351       107.995850    
   1.27500355       107.881409    
   1.27600360       107.767090    
   1.27700365       107.653076    
   1.27800369       107.539185    
   1.27900374       107.425476    
   1.28000379       107.311890    
   1.28100383       107.198547    
   1.28200388       107.085510    
   1.28300393       106.972534    
   1.28400397       106.859802    
   1.28500402       106.747253    
   1.28600407       106.634949    
   1.28700411       106.522949    
   1.28800416       106.411133    
   1.28900421       106.299530    
   1.29000425       106.188141    
   1.29100430       106.076996    
   1.29200435       105.966125    
   1.29300439       105.855469    
   1.29400444       105.745087    
   1.29500449       105.634918    
   1.29600453       105.525116    
   1.29700458       105.415527    
   1.29800463       105.306244    
   1.29900467       105.197174    
   1.30000472       105.088379    
   1.30100477       104.979950    
   1.30200481       104.871765    
   1.30300486       104.763885    
   1.30400491       104.656403    
   1.30500495       104.549072    
   1.30600500       104.442230    
   1.30700505       104.335541    
   1.30800509       104.229279    
   1.30900514       104.123322    
   1.31000519       104.017609    
   1.31100523       103.912354    
   1.31200528       103.807404    
   1.31300533       103.702789    
   1.31400537       103.598511    
   1.31500542       103.494598    
   1.31600547       103.391052    
   1.31700552       103.287933    
   1.31800556       103.185150    
   1.31900561       103.082703    
   1.32000566       102.980713    
   1.32100570       102.879059    
   1.32200575       102.777832    
   1.32300580       102.676971    
   1.32400584       102.576569    
   1.32500589       102.476501    
   1.32600594       102.376892    
   1.32700598       102.277679    
   1.32800603       102.178925    
   1.32900608       102.080658    
   1.33000612       101.982727    
   1.33100617       101.885376    
   1.33200622       101.788361    
   1.33300626       101.691803    
   1.33400631       101.595703    
   1.33500636       101.500061    
   1.33600640       101.404938    
   1.33700645       101.310242    
   1.33800650       101.216064    
   1.33900654       101.122345    
   1.34000659       101.029175    
   1.34100664       100.936371    
   1.34200668       100.844238    
   1.34300673       100.752472    
   1.34400678       100.661285    
   1.34500682       100.570648    
   1.34600687       100.480530    
   1.34700692       100.390839    
   1.34800696       100.301788    
   1.34900701       100.213226    
   1.35000706       100.125244    
   1.35100710       100.037781    
   1.35200715       99.9509277    
   1.35300720       99.8646545    
   1.35400724       99.7789001    
   1.35500729       99.6937256    
   1.35600734       99.6091309    
   1.35700738       99.5251465    
   1.35800743       99.4417114    
   1.35900748       99.3589783    
   1.36000752       99.2767944    
   1.36100757       99.1952209    
   1.36200762       99.1142578    
   1.36300766       99.0338745    
   1.36400771       98.9541931    
   1.36500776       98.8751526    
   1.36600780       98.7967224    
   1.36700785       98.7189026    
   1.36800790       98.6417236    
   1.36900795       98.5652771    
   1.37000799       98.4894714    
   1.37100804       98.4144287    
   1.37200809       98.3399048    
   1.37300813       98.2661133    
   1.37400818       98.1930542    
   1.37500823       98.1206360    
   1.37600827       98.0489502    
   1.37700832       97.9779968    
   1.37800837       97.9077454    
   1.37900841       97.8381958    
   1.38000846       97.7693481    
   1.38100851       97.7012634    
   1.38200855       97.6339417    
   1.38300860       97.5673828    
   1.38400865       97.5015259    
   1.38500869       97.4364929    
   1.38600874       97.3721619    
   1.38700879       97.3086243    
   1.38800883       97.2458191    
   1.38900888       97.1838684    
   1.39000893       97.1226807    
   1.39100897       97.0621643    
   1.39200902       97.0025940    
   1.39300907       96.9438171    
   1.39400911       96.8858337    
   1.39500916       96.8287048    
   1.39600921       96.7723389    
   1.39700925       96.7167969    
   1.39800930       96.6622620    
   1.39900935       96.6084290    
   1.40000939       96.5555420    
   1.40100944       96.5034180    
   1.40200949       96.4522095    
   1.40300953       96.4019470    
   1.40400958       96.3524780    
   1.40500963       96.3038940    
   1.40600967       96.2562561    
   1.40700972       96.2094421    
   1.40800977       96.1635742    
   1.40900981       96.1186829    
   1.41000986       96.0746765    
   1.41100991       96.0315552    
   1.41200995       95.9893799    
   1.41301000       95.9481201    
   1.41401005       95.9078979    
   1.41501009       95.8684998    
   1.41601014       95.8302307    
   1.41701019       95.7928162    
   1.41801023       95.7564087    
   1.41901028       95.7210693    
   1.42001033       95.6866150    
   1.42101038       95.6530762    
   1.42201042       95.6208191    
   1.42301047       95.5893250    
   1.42401052       95.5589600    
   1.42501056       95.5295410    
   1.42601061       95.5012817    
   1.42701066       95.4739380    
   1.42801070       95.4476929    
   1.42901075       95.4225159    
   1.43001080       95.3984070    
   1.43101084       95.3752136    
   1.43201089       95.3533630    
   1.43301094       95.3324280    
   1.43401098       95.3125916    
   1.43501103       95.2938538    
   1.43601108       95.2762451    
   1.43701112       95.2597351    
   1.43801117       95.2443542    
   1.43901122       95.2301025    
   1.44001126       95.2170105    
   1.44101131       95.2049561    
   1.44201136       95.1941528    
   1.44301140       95.1845398    
   1.44401145       95.1759949    
   1.44501150       95.1686096    
   1.44601154       95.1625061    
   1.44701159       95.1575012    
   1.44801164       95.1536865    
   1.44901168       95.1511536    
   1.45001173       95.1497498    
   1.45101178       95.1496277    
   1.45201182       95.1505432    
   1.45301187       95.1528320    
   1.45401192       95.1564636    
   1.45501196       95.1611938    
   1.45601201       95.1672974    
   1.45701206       95.1745911    
   1.45801210       95.1830444    
   1.45901215       95.1929321    
   1.46001220       95.2040710    
   1.46101224       95.2164612    
   1.46201229       95.2301941    
   1.46301234       95.2452698    
   1.46401238       95.2615051    
   1.46501243       95.2791748    
   1.46601248       95.2981873    
   1.46701252       95.3185425    
   1.46801257       95.3401489    
   1.46901262       95.3631897    
   1.47001266       95.3875732    
   1.47101271       95.4133911    
   1.47201276       95.4404602    
   1.47301280       95.4690857    
   1.47401285       95.4989319    
   1.47501290       95.5303040    
   1.47601295       95.5630188    
   1.47701299       95.5972290    
   1.47801304       95.6327209    
   1.47901309       95.6697693    
   1.48001313       95.7082825    
   1.48101318       95.7482300    
   1.48201323       95.7894897    
   1.48301327       95.8323669    
   1.48401332       95.8767395    
   1.48501337       95.9224854    
   1.48601341       95.9697876    
   1.48701346       96.0184937    
   1.48801351       96.0688782    
   1.48901355       96.1207275    
   1.49001360       96.1740112    
   1.49101365       96.2289429    
   1.49201369       96.2853394    
   1.49301374       96.3432312    
   1.49401379       96.4028015    
   1.49501383       96.4638977    
   1.49601388       96.5264893    
   1.49701393       96.5908203    
   1.49801397       96.6566772    
   1.49901402       96.7240906    
   1.50001407       96.7931213    
   1.50101411       96.8638916    
   1.50201416       96.9361572    
   1.50301421       97.0101624    
   1.50401425       97.0856934    
   1.50501430       97.1629028    
   1.50601435       97.2418518    
   1.50701439       97.3223572    
   1.50801444       97.4046021    
   1.50901449       97.4885559    
   1.51001453       97.5741882    
   1.51101458       97.6614685    
   1.51201463       97.7505798    
   1.51301467       97.8414001    
   1.51401472       97.9338989    
   1.51501477       98.0281372    
   1.51601481       98.1241455    
   1.51701486       98.2218628    
   1.51801491       98.3213196    
   1.51901495       98.4226685    
   1.52001500       98.5257263    
   1.52101505       98.6305542    
   1.52201509       98.7372742    
   1.52301514       98.8457336    
   1.52401519       98.9559937    
   1.52501523       99.0681152    
   1.52601528       99.1821899    
   1.52701533       99.2980347    
   1.52801538       99.4157104    
   1.52901542       99.5351562    
   1.53001547       99.6566772    
   1.53101552       99.7800293    
   1.53201556       99.9051514    
   1.53301561       100.032288    
   1.53401566       100.161255    
   1.53501570       100.292175    
   1.53601575       100.425049    
   1.53701580       100.559814    
   1.53801584       100.696716    
   1.53901589       100.835388    
   1.54001594       100.976013    
   1.54101598       101.118652    
   1.54201603       101.263245    
   1.54301608       101.410034    
   1.54401612       101.558594    
   1.54501617       101.709290    
   1.54601622       101.862000    
   1.54701626       102.016663    
   1.54801631       102.173462    
   1.54901636       102.332275    
   1.55001640       102.493225    
   1.55101645       102.656189    
   1.55201650       102.821167    
   1.55301654       102.988342    
   1.55401659       103.157471    
   1.55501664       103.328918    
   1.55601668       103.502380    
   1.55701673       103.677917    
   1.55801678       103.855713    
   1.55901682       104.035583    
   1.56001687       104.217651    
   1.56101692       104.401855    
   1.56201696       104.588257    
   1.56301701       104.776917    
   1.56401706       104.967712    
   1.56501710       105.160645    
   1.56601715       105.355835    
   1.56701720       105.553345    
   1.56801724       105.753113    
   1.56901729       105.955017    
   1.57001734       106.159241    
   1.57101738       106.365662    
   1.57201743       106.574341    
   1.57301748       106.785400    
   1.57401752       106.998840    
   1.57501757       107.214355    
   1.57601762       107.432312    
   1.57701766       107.652710    
   1.57801771       107.875305    
   1.57901776       108.100281    
   1.58001781       108.327698    
   1.58101785       108.557373    
   1.58201790       108.789551    
   1.58301795       109.023926    
   1.58401799       109.260925    
   1.58501804       109.500244    
   1.58601809       109.742065    
   1.58701813       109.986084    
   1.58801818       110.232910    
   1.58901823       110.481812    
   1.59001827       110.733459    
   1.59101832       110.987305    
   1.59201837       111.243896    
   1.59301841       111.502991    
   1.59401846       111.764282    
   1.59501851       112.028442    
   1.59601855       112.295044    
   1.59701860       112.564026    
   1.59801865       112.835571    
   1.59901869       113.109985    
   1.60001874       113.386719    
   1.60101879       113.665955    
   1.60201883       113.947876    
   1.60301888       114.232483    
   1.60401893       114.519714    
   1.60501897       114.809448    
   1.60601902       115.101868    
   1.60701907       115.396973    
   1.60801911       115.694641    
   1.60901916       115.995056    
   1.61001921       116.298157    
   1.61101925       116.603882    
   1.61201930       116.912537    
   1.61301935       117.223633    
   1.61401939       117.537476    
   1.61501944       117.854309    
   1.61601949       118.173645    
   1.61701953       118.495667    
   1.61801958       118.820618    
   1.61901963       119.148315    
   1.62001967       119.478882    
   1.62101972       119.812195    
   1.62201977       120.148254    
   1.62301981       120.487122    
   1.62401986       120.829041    
   1.62501991       121.173584    
   1.62601995       121.520996    
   1.62702000       121.871460    
   1.62802005       122.224548    
   1.62902009       122.580750    
   1.63002014       122.939636    
   1.63102019       123.301575    
   1.63202024       123.666565    
   1.63302028       124.034424    
   1.63402033       124.405090    
   1.63502038       124.778687    
   1.63602042       125.155396    
   1.63702047       125.535095    
   1.63802052       125.917847    
   1.63902056       126.303528    
   1.64002061       126.692322    
   1.64102066       127.083923    
   1.64202070       127.478699    
   1.64302075       127.876404    
   1.64402080       128.277222    
   1.64502084       128.681396    
   1.64602089       129.088379    
   1.64702094       129.498596    
   1.64802098       129.911865    
   1.64902103       130.328125    
   1.65002108       130.747803    
   1.65102112       131.170288    
   1.65202117       131.596252    
   1.65302122       132.025330    
   1.65402126       132.457458    
   1.65502131       132.892883    
   1.65602136       133.331543    
   1.65702140       133.773254    
   1.65802145       134.218323    
   1.65902150       134.666748    
   1.66002154       135.118286    
   1.66102159       135.573242    
   1.66202164       136.031250    
   1.66302168       136.492798    
   1.66402173       136.957520    
   1.66502178       137.425476    
   1.66602182       137.896912    
   1.66702187       138.371521    
   1.66802192       138.849731    
   1.66902196       139.331055    
   1.67002201       139.815796    
   1.67102206       140.304199    
   1.67202210       140.795898    
   1.67302215       141.290833    
   1.67402220       141.789307    
   1.67502224       142.291260    
   1.67602229       142.796631    
   1.67702234       143.305481    
   1.67802238       143.817871    
   1.67902243       144.333496    
   1.68002248       144.853027    
   1.68102252       145.375671    
   1.68202257       145.902222    
   1.68302262       146.432190    
   1.68402267       146.965515    
   1.68502271       147.502563    
   1.68602276       148.043213    
   1.68702281       148.587463    
   1.68802285       149.135376    
   1.68902290       149.686646    
   1.69002295       150.241882    
   1.69102299       150.800537    
   1.69202304       151.362976    
   1.69302309       151.929138    
   1.69402313       152.498962    
   1.69502318       153.072327    
   1.69602323       153.649475    
   1.69702327       154.230469    
   1.69802332       154.815002    
   1.69902337       155.403442    
   1.70002341       155.995544    
   1.70102346       156.591553    
   1.70202351       157.191284    
   1.70302355       157.794739    
   1.70402360       158.402100    
   1.70502365       159.013428    
   1.70602369       159.628357    
   1.70702374       160.247131    
   1.70802379       160.869995    
   1.70902383       161.496643    
   1.71002388       162.127075    
   1.71102393       162.761597    
   1.71202397       163.399841    
   1.71302402       164.042358    
   1.71402407       164.688477    
   1.71502411       165.338806    
   1.71602416       165.992920    
   1.71702421       166.651062    
   1.71802425       167.313293    
   1.71902430       167.979492    
   1.72002435       168.649780    
   1.72102439       169.324158    
   1.72202444       170.002441    
   1.72302449       170.684937    
   1.72402453       171.371460    
   1.72502458       172.062134    
   1.72602463       172.756836    
   1.72702467       173.455688    
   1.72802472       174.158691    
   1.72902477       174.865845    
   1.73002481       175.577393    
   1.73102486       176.292786    
   1.73202491       177.012512    
   1.73302495       177.736511    
   1.73402500       178.464661    
   1.73502505       179.197205    
   1.73602509       179.933838    
   1.73702514       180.674927    
   1.73802519       181.420044    
   1.73902524       182.169495    
   1.74002528       182.923340    
   1.74102533       183.681580    
   1.74202538       184.444031    
   1.74302542       185.210999    
   1.74402547       185.982178    
   1.74502552       186.757812    
   1.74602556       187.537720    
   1.74702561       188.322266    
   1.74802566       189.111206    
   1.74902570       189.904541    
   1.75002575       190.702271    
   1.75102580       191.504333    
   1.75202584       192.311157    
   1.75302589       193.122437    
   1.75402594       193.938171    
   1.75502598       194.758423    
   1.75602603       195.583191    
   1.75702608       196.412598    
   1.75802612       197.246643    
   1.75902617       198.085083    
   1.76002622       198.928223    
   1.76102626       199.775940    
   1.76202631       200.628357    
   1.76302636       201.485413    
   1.76402640       202.347107    
   1.76502645       203.213440    
   1.76602650       204.084534    
   1.76702654       204.960327    
   1.76802659       205.840820    
   1.76902664       206.726074    
   1.77002668       207.616028    
   1.77102673       208.510742    
   1.77202678       209.410339    
   1.77302682       210.314575    
   1.77402687       211.223816    
   1.77502692       212.137756    
   1.77602696       213.056519    
   1.77702701       213.980225    
   1.77802706       214.908752    
   1.77902710       215.842224    
   1.78002715       216.780457    
   1.78102720       217.723755    
   1.78202724       218.671875    
   1.78302729       219.625122    
   1.78402734       220.583191    
   1.78502738       221.546265    
   1.78602743       222.514221    
   1.78702748       223.487488    
   1.78802752       224.465515    
   1.78902757       225.448730    
   1.79002762       226.436951    
   1.79102767       227.430237    
   1.79202771       228.428589    
   1.79302776       229.432190    
   1.79402781       230.440613    
   1.79502785       231.454529    
   1.79602790       232.473328    
   1.79702795       233.497437    
   1.79802799       234.526733    
   1.79902804       235.561096    
   1.80002809       236.600830    
   1.80102813       237.645691    
   1.80202818       238.695801    
   1.80302823       239.751343    
   1.80402827       240.811951    
   1.80502832       241.877869    
   1.80602837       242.949280    
   1.80702841       244.025940    
   1.80802846       245.107849    
   1.80902851       246.195251    
   1.81002855       247.287964    
   1.81102860       248.385925    
   1.81202865       249.489502    
   1.81302869       250.598450    
   1.81402874       251.712891    
   1.81502879       252.832703    
   1.81602883       253.957947    
   1.81702888       255.088806    
   1.81802893       256.225159    
   1.81902897       257.366882    
   1.82002902       258.514221    
   1.82102907       259.667175    
   1.82202911       260.825745    
   1.82302916       261.989624    
   1.82402921       263.159363    
   1.82502925       264.334717    
   1.82602930       265.515564    
   1.82702935       266.702209    
   1.82802939       267.894470    
   1.82902944       269.092651    
   1.83002949       270.296143    
   1.83102953       271.505554    
   1.83202958       272.720703    
   1.83302963       273.941589    
   1.83402967       275.168213    
   1.83502972       276.400635    
   1.83602977       277.638916    
   1.83702981       278.882996    
   1.83802986       280.133057    
   1.83902991       281.388672    
   1.84002995       282.650269    
   1.84103000       283.917847    
   1.84203005       285.191284    
   1.84303010       286.470703    
   1.84403014       287.755920    
   1.84503019       289.047241    
   1.84603024       290.344543    
   1.84703028       291.647766    
   1.84803033       292.956970    
   1.84903038       294.272400    
   1.85003042       295.593628    
   1.85103047       296.920898    
   1.85203052       298.254456    
   1.85303056       299.593933    
   1.85403061       300.939819    
   1.85503066       302.291626    
   1.85603070       303.649475    
   1.85703075       305.013977    
   1.85803080       306.383911    
   1.85903084       307.760498    
   1.86003089       309.143372    
   1.86103094       310.532349    
   1.86203098       311.927429    
   1.86303103       313.328918    
   1.86403108       314.736816    
   1.86503112       316.151123    
   1.86603117       317.571411    
   1.86703122       318.998047    
   1.86803126       320.431274    
   1.86903131       321.870728    
   1.87003136       323.316772    
   1.87103140       324.769287    
   1.87203145       326.228027    
   1.87303150       327.693115    
   1.87403154       329.165161    
   1.87503159       330.643127    
   1.87603164       332.127991    
   1.87703168       333.618958    
   1.87803173       335.116882    
   1.87903178       336.621216    
   1.88003182       338.132080    
   1.88103187       339.649841    
   1.88203192       341.173767    
   1.88303196       342.704712    
   1.88403201       344.241943    
   1.88503206       345.786072    
   1.88603210       347.336853    
   1.88703215       348.894409    
   1.88803220       350.458496    
   1.88903224       352.029480    
   1.89003229       353.607117    
   1.89103234       355.191833    
   1.89203238       356.782898    
   1.89303243       358.381165    
   1.89403248       359.986023    
   1.89503253       361.597900    
   1.89603257       363.216858    
   1.89703262       364.842285    
   1.89803267       366.474792    
   1.89903271       368.114136    
   1.90003276       369.760559    
   1.90103281       371.413879    
   1.90203285       373.074219    
   1.90303290       374.741760    
   1.90403295       376.415894    
   1.90503299       378.097412    
   1.90603304       379.785828    
   1.90703309       381.481384    
   1.90803313       383.184082    
   1.90903318       384.893921    
   1.91003323       386.610779    
   1.91103327       388.335022    
   1.91203332       390.066284    
   1.91303337       391.804688    
   1.91403341       393.550537    
   1.91503346       395.303345    
   1.91603351       397.063538    
   1.91703355       398.830933    
   1.91803360       400.605774    
   1.91903365       402.387756    
   1.92003369       404.177063    
   1.92103374       405.973999    
   1.92203379       407.778137    
   1.92303383       409.589600    
   1.92403388       411.408508    
   1.92503393       413.234985    
   1.92603397       415.068848    
   1.92703402       416.909851    
   1.92803407       418.758850    
   1.92903411       420.615112    
   1.93003416       422.479004    
   1.93103421       424.350281    
   1.93203425       426.229431    
   1.93303430       428.115723    
   1.93403435       430.009766    
   1.93503439       431.911682    
   1.93603444       433.820923    
   1.93703449       435.738220    
   1.93803453       437.662903    
   1.93903458       439.595276    
   1.94003463       441.535828    
   1.94103467       443.483459    
   1.94203472       445.439270    
   1.94303477       447.402893    
   1.94403481       449.374329    
   1.94503486       451.353699    
   1.94603491       453.340454    
   1.94703496       455.335449    
   1.94803500       457.338318    
   1.94903505       459.348877    
   1.95003510       461.367371    
   1.95103514       463.393982    
   1.95203519       465.428650    
   1.95303524       467.471130    
   1.95403528       469.521851    
   1.95503533       471.580444    
   1.95603538       473.647278    
   1.95703542       475.721863    
   1.95803547       477.804626    
   1.95903552       479.895447    
   1.96003556       481.994812    
   1.96103561       484.101990    
   1.96203566       486.217346    
   1.96303570       488.341187    
   1.96403575       490.473083    
   1.96503580       492.612671    
   1.96603584       494.761230    
   1.96703589       496.917908    
   1.96803594       499.082886    
   1.96903598       501.256165    
   1.97003603       503.437744    
   1.97103608       505.627869    
   1.97203612       507.826233    
   1.97303617       510.033203    
   1.97403622       512.248413    
   1.97503626       514.472107    
   1.97603631       516.704346    
   1.97703636       518.944885    
   1.97803640       521.194214    
   1.97903645       523.451721    
   1.98003650       525.718384    
   1.98103654       527.992981    
   1.98203659       530.276611    
   1.98303664       532.568604    
   1.98403668       534.869324    
   1.98503673       537.178833    
   1.98603678       539.496765    
   1.98703682       541.823792    
   1.98803687       544.159119    
   1.98903692       546.503662    
   1.99003696       548.856567    
   1.99103701       551.218384    
   1.99203706       553.589294    
   1.99303710       555.968689    
   1.99403715       558.357117    
   1.99503720       560.754456    
   1.99603724       563.160706    
   1.99703729       565.575867    
   1.99803734       568.000183    
   1.99903738       570.433105    
   2.00003743       572.875122    
   2.00103736       575.325867    
   2.00203729       577.785583    
   2.00303721       580.254517    
   2.00403714       582.732727    
   2.00503707       585.219482    
   2.00603700       587.715942    
   2.00703692       590.221191    
   2.00803685       592.735779    
   2.00903678       595.259521    
   2.01003671       597.792297    
   2.01103663       600.334656    
   2.01203656       602.885986    
   2.01303649       605.447021    
   2.01403642       608.016785    
   2.01503634       610.596130    
   2.01603627       613.184937    
   2.01703620       615.782837    
   2.01803613       618.390564    
   2.01903605       621.007446    
   2.02003598       623.633850    
   2.02103591       626.269348    
   2.02203584       628.914734    
   2.02303576       631.569824    
   2.02403569       634.233948    
   2.02503562       636.908081    
   2.02603555       639.591431    
   2.02703547       642.284485    
   2.02803540       644.987305    
   2.02903533       647.699646    
   2.03003526       650.421692    
   2.03103518       653.153320    
   2.03203511       655.895203    
   2.03303504       658.645996    
   2.03403497       661.407104    
   2.03503489       664.177856    
   2.03603482       666.958130    
   2.03703475       669.748962    
   2.03803468       672.549072    
   2.03903461       675.359131    
   2.04003453       678.179321    
   2.04103446       681.009033    
   2.04203439       683.849304    
   2.04303432       686.699036    
   2.04403424       689.558838    
   2.04503417       692.429077    
   2.04603410       695.309021    
   2.04703403       698.198914    
   2.04803395       701.099365    
   2.04903388       704.009583    
   2.05003381       706.929932    
   2.05103374       709.860291    
   2.05203366       712.801147    
   2.05303359       715.752258    
   2.05403352       718.713379    
   2.05503345       721.684631    
   2.05603337       724.666931    
   2.05703330       727.658691    
   2.05803323       730.661255    
   2.05903316       733.674255    
   2.06003308       736.697449    
   2.06103301       739.730835    
   2.06203294       742.774841    
   2.06303287       745.829224    
   2.06403279       748.894043    
   2.06503272       751.969360    
   2.06603265       755.055420    
   2.06703258       758.151978    
   2.06803250       761.259094    
   2.06903243       764.376770    
   2.07003236       767.504944    
   2.07103229       770.643860    
   2.07203221       773.793823    
   2.07303214       776.953979    
   2.07403207       780.125061    
   2.07503200       783.306885    
   2.07603192       786.499695    
   2.07703185       789.702820    
   2.07803178       792.917175    
   2.07903171       796.142273    
   2.08003163       799.378235    
   2.08103156       802.625061    
   2.08203149       805.882629    
   2.08303142       809.151367    
   2.08403134       812.431152    
   2.08503127       815.721863    
   2.08603120       819.023621    
   2.08703113       822.336182    
   2.08803105       825.660278    
   2.08903098       828.995117    
   2.09003091       832.341431    
   2.09103084       835.698669    
   2.09203076       839.066895    
   2.09303069       842.446228    
   2.09403062       845.836792    
   2.09503055       849.239136    
   2.09603047       852.652649    
   2.09703040       856.077393    
   2.09803033       859.513000    
   2.09903026       862.960632    
   2.10003018       866.419250    
   2.10103011       869.889587    
   2.10203004       873.370728    
   2.10302997       876.863953    
   2.10402989       880.368530    
   2.10502982       883.884399    
   2.10602975       887.411743    
   2.10702968       890.950989    
   2.10802960       894.501343    
   2.10902953       898.063721    
   2.11002946       901.637756    
   2.11102939       905.223267    
   2.11202931       908.820801    
   2.11302924       912.429443    
   2.11402917       916.050293    
   2.11502910       919.682617    
   2.11602902       923.326904    
   2.11702895       926.983032    
   2.11802888       930.651123    
   2.11902881       934.330933    
   2.12002873       938.022461    
   2.12102866       941.726074    
   2.12202859       945.441650    
   2.12302852       949.169312    
   2.12402844       952.908813    
   2.12502837       956.660522    
   2.12602830       960.424438    
   2.12702823       964.199951    
   2.12802815       967.987915    
   2.12902808       971.788086    
   2.13002801       975.599976    
   2.13102794       979.424438    
   2.13202786       983.260986    
   2.13302779       987.109863    
   2.13402772       990.970947    
   2.13502765       994.844238    
   2.13602757       998.729858    
   2.13702750       1002.62793    
   2.13802743       1006.53870    
   2.13902736       1010.46143    
   2.14002728       1014.39661    
   2.14102721       1018.34448    
   2.14202714       1022.30469    
   2.14302707       1026.27734    
   2.14402699       1030.26270    
   2.14502692       1034.26074    
   2.14602685       1038.27112    
   2.14702678       1042.29395    
   2.14802670       1046.33008    
   2.14902663       1050.37854    
   2.15002656       1054.43982    
   2.15102649       1058.51343    
   2.15202641       1062.59998    
   2.15302634       1066.69922    
   2.15402627       1070.81140    
   2.15502620       1074.93665    
   2.15602612       1079.07483    
   2.15702605       1083.22583    
   2.15802598       1087.38953    
   2.15902591       1091.56616    
   2.16002584       1095.75586    
   2.16102576       1099.95850    
   2.16202569       1104.17468    
   2.16302562       1108.40332    
   2.16402555       1112.64526    
   2.16502547       1116.90027    
   2.16602540       1121.16858    
   2.16702533       1125.44995    
   2.16802526       1129.74463    
   2.16902518       1134.05237    
   2.17002511       1138.37354    
   2.17102504       1142.70801    
   2.17202497       1147.05579    
   2.17302489       1151.41675    
   2.17402482       1155.79138    
   2.17502475       1160.17908    
   2.17602468       1164.58069    
   2.17702460       1168.99524    
   2.17802453       1173.42371    
   2.17902446       1177.86536    
   2.18002439       1182.32068    
   2.18102431       1186.78955    
   2.18202424       1191.27222    
   2.18302417       1195.76819    
   2.18402410       1200.27844    
   2.18502402       1204.80164    
   2.18602395       1209.33923    
   2.18702388       1213.89001    
   2.18802381       1218.45459    
   2.18902373       1223.03345    
   2.19002366       1227.62561    
   2.19102359       1232.23181    
   2.19202352       1236.85217    
   2.19302344       1241.48633    
   2.19402337       1246.13452    
   2.19502330       1250.79663    
   2.19602323       1255.47253    
   2.19702315       1260.16284    
   2.19802308       1264.86694    
   2.19902301       1269.58508    
   2.20002294       1274.31775    
   2.20102286       1279.06409    
   2.20202279       1283.82495    
   2.20302272       1288.60022    
   2.20402265       1293.38916    
   2.20502257       1298.19275    
   2.20602250       1303.01086    
   2.20702243       1307.84290    
   2.20802236       1312.68958    
   2.20902228       1317.55042    
   2.21002221       1322.42615    
   2.21102214       1327.31592    
   2.21202207       1332.22009    
   2.21302199       1337.13879    
   2.21402192       1342.07202    
   2.21502185       1347.02026    
   2.21602178       1351.98279    
   2.21702170       1356.95972    
   2.21802163       1361.95190    
   2.21902156       1366.95813    
   2.22002149       1371.97974    
   2.22102141       1377.01587    
   2.22202134       1382.06653    
   2.22302127       1387.13184    
   2.22402120       1392.21301    
   2.22502112       1397.30823    
   2.22602105       1402.41870    
   2.22702098       1407.54370    
   2.22802091       1412.68420    
   2.22902083       1417.83960    
   2.23002076       1423.00977    
   2.23102069       1428.19482    
   2.23202062       1433.39551    
   2.23302054       1438.61084    
   2.23402047       1443.84192    
   2.23502040       1449.08789    
   2.23602033       1454.34888    
   2.23702025       1459.62512    
   2.23802018       1464.91699    
   2.23902011       1470.22339    
   2.24002004       1475.54602    
   2.24101996       1480.88367    
   2.24201989       1486.23669    
   2.24301982       1491.60535    
   2.24401975       1496.98926    
   2.24501967       1502.38904    
   2.24601960       1507.80371    
   2.24701953       1513.23425    
   2.24801946       1518.68066    
   2.24901938       1524.14233    
   2.25001931       1529.61987    
   2.25101924       1535.11279    
   2.25201917       1540.62195    
   2.25301909       1546.14661    
   2.25401902       1551.68701    
   2.25501895       1557.24329    
   2.25601888       1562.81580    
   2.25701880       1568.40332    
   2.25801873       1574.00708    
   2.25901866       1579.62671    
   2.26001859       1585.26270    
   2.26101851       1590.91443    
   2.26201844       1596.58252    
   2.26301837       1602.26599    
   2.26401830       1607.96619    
   2.26501822       1613.68237    
   2.26601815       1619.41431    
   2.26701808       1625.16309    
   2.26801801       1630.92761    
   2.26901793       1636.70862    
   2.27001786       1642.50586    
   2.27101779       1648.31946    
   2.27201772       1654.14990    
   2.27301764       1659.99573    
   2.27401757       1665.85864    
   2.27501750       1671.73767    
   2.27601743       1677.63330    
   2.27701735       1683.54590    
   2.27801728       1689.47424    
   2.27901721       1695.41980    
   2.28001714       1701.38184    
   2.28101707       1707.36023    
   2.28201699       1713.35583    
   2.28301692       1719.36780    
   2.28401685       1725.39648    
   2.28501678       1731.44214    
   2.28601670       1737.50403    
   2.28701663       1743.58374    
   2.28801656       1749.67981    
   2.28901649       1755.79309    
   2.29001641       1761.92273    
   2.29101634       1768.06970    
   2.29201627       1774.23340    
   2.29301620       1780.41455    
   2.29401612       1786.61292    
   2.29501605       1792.82812    
   2.29601598       1799.06067    
   2.29701591       1805.31042    
   2.29801583       1811.57703    
   2.29901576       1817.86096    
   2.30001569       1824.16211    
   2.30101562       1830.48071    
   2.30201554       1836.81653    
   2.30301547       1843.17017    
   2.30401540       1849.54102    
   2.30501533       1855.92920    
   2.30601525       1862.33472    
   2.30701518       1868.75806    
   2.30801511       1875.19922    
   2.30901504       1881.65710    
   2.31001496       1888.13330    
   2.31101489       1894.62671    
   2.31201482       1901.13806    
   2.31301475       1907.66711    
   2.31401467       1914.21448    
   2.31501460       1920.77869    
   2.31601453       1927.36060    
   2.31701446       1933.96143    
   2.31801438       1940.57996    
   2.31901431       1947.21570    
   2.32001424       1953.86987    
   2.32101417       1960.54175    
   2.32201409       1967.23181    
   2.32301402       1973.93982    
   2.32401395       1980.66650    
   2.32501388       1987.41052    
   2.32601380       1994.17334    
   2.32701373       2000.95435    
   2.32801366       2007.75330    
   2.32901359       2014.57043    
   2.33001351       2021.40576    
   2.33101344       2028.26050    
   2.33201337       2035.13257    
   2.33301330       2042.02319    
   2.33401322       2048.93213    
   2.33501315       2055.85986    
   2.33601308       2062.80664    
   2.33701301       2069.77148    
   2.33801293       2076.75488    
   2.33901286       2083.75635    
   2.34001279       2090.77710    
   2.34101272       2097.81689    
   2.34201264       2104.87451    
   2.34301257       2111.95093    
   2.34401250       2119.04736    
   2.34501243       2126.16162    
   2.34601235       2133.29541    
   2.34701228       2140.44727    
   2.34801221       2147.61865    
   2.34901214       2154.80859    
   2.35001206       2162.01855    
   2.35101199       2169.24609    
   2.35201192       2176.49316    
   2.35301185       2183.76025    
   2.35401177       2191.04565    
   2.35501170       2198.35059    
   2.35601163       2205.67480    
   2.35701156       2213.01807    
   2.35801148       2220.38086    
   2.35901141       2227.76294    
   2.36001134       2235.16406    
   2.36101127       2242.58472    
   2.36201119       2250.02515    
   2.36301112       2257.48462    
   2.36401105       2264.96338    
   2.36501098       2272.46289    
   2.36601090       2279.98096    
   2.36701083       2287.51929    
   2.36801076       2295.07715    
   2.36901069       2302.65430    
   2.37001061       2310.25195    
   2.37101054       2317.86792    
   2.37201047       2325.50488    
   2.37301040       2333.16211    
   2.37401032       2340.83838    
   2.37501025       2348.53491    
   2.37601018       2356.25073    
   2.37701011       2363.98706    
   2.37801003       2371.74365    
   2.37900996       2379.52002    
   2.38000989       2387.31689    
   2.38100982       2395.13379    
   2.38200974       2402.97021    
   2.38300967       2410.82764    
   2.38400960       2418.70557    
   2.38500953       2426.60254    
   2.38600945       2434.52100    
   2.38700938       2442.45923    
   2.38800931       2450.41797    
   2.38900924       2458.39746    
   2.39000916       2466.39722    
   2.39100909       2474.41699    
   2.39200902       2482.45825    
   2.39300895       2490.51929    
   2.39400887       2498.60156    
   2.39500880       2506.70410    
   2.39600873       2514.82812    
   2.39700866       2522.97217    
   2.39800858       2531.13696    
   2.39900851       2539.32275    
   2.40000844       2547.52930    
   2.40100837       2555.75732    
   2.40200830       2564.00562    
   2.40300822       2572.27539    
   2.40400815       2580.56592    
   2.40500808       2588.87744    
   2.40600801       2597.20947    
   2.40700793       2605.56348    
   2.40800786       2613.93872    
   2.40900779       2622.33447    
   2.41000772       2630.75244    
   2.41100764       2639.19067    
   2.41200757       2647.65137    
   2.41300750       2656.13232    
   2.41400743       2664.63477    
   2.41500735       2673.15869    
   2.41600728       2681.70508    
   2.41700721       2690.27246    
   2.41800714       2698.86084    
   2.41900706       2707.47070    
   2.42000699       2716.10303    
   2.42100692       2724.75732    
   2.42200685       2733.43237    
   2.42300677       2742.12891    
   2.42400670       2750.84814    
   2.42500663       2759.58960    
   2.42600656       2768.35156    
   2.42700648       2777.13574    
   2.42800641       2785.94263    
   2.42900634       2794.77100    
   2.43000627       2803.62109    
   2.43100619       2812.49414    
   2.43200612       2821.38818    
   2.43300605       2830.30518    
   2.43400598       2839.24463    
   2.43500590       2848.20605    
   2.43600583       2857.18848    
   2.43700576       2866.19482    
   2.43800569       2875.22241    
   2.43900561       2884.27344    
   2.44000554       2893.34619    
   2.44100547       2902.44141    
   2.44200540       2911.55908    
   2.44300532       2920.69995    
   2.44400525       2929.86230    
   2.44500518       2939.04810    
   2.44600511       2948.25635    
   2.44700503       2957.48682    
   2.44800496       2966.74121    
   2.44900489       2976.01709    
   2.45000482       2985.31665    
   2.45100474       2994.63867    
   2.45200467       3003.98413    
   2.45300460       3013.35205    
   2.45400453       3022.74316    
   2.45500445       3032.15723    
   2.45600438       3041.59473    
   2.45700431       3051.05469    
   2.45800424       3060.53760    
   2.45900416       3070.04492    
   2.46000409       3079.57422    
   2.46100402       3089.12793    
   2.46200395       3098.70361    
   2.46300387       3108.30347    
   2.46400380       3117.92676    
   2.46500373       3127.57275    
   2.46600366       3137.24316    
   2.46700358       3146.93628    
   2.46800351       3156.65405    
   2.46900344       3166.39404    
   2.47000337       3176.15869    
   2.47100329       3185.94678    
   2.47200322       3195.75830    
   2.47300315       3205.59375    
   2.47400308       3215.45361    
   2.47500300       3225.33691    
   2.47600293       3235.24316    
   2.47700286       3245.17383    
   2.47800279       3255.12891    
   2.47900271       3265.10840    
   2.48000264       3275.11133    
   2.48100257       3285.13818    
   2.48200250       3295.18994    
   2.48300242       3305.26514    
   2.48400235       3315.36475    
   2.48500228       3325.48877    
   2.48600221       3335.63672    
   2.48700213       3345.80957    
   2.48800206       3356.00659    
   2.48900199       3366.22778    
   2.49000192       3376.47363    
   2.49100184       3386.74390    
   2.49200177       3397.03955    
   2.49300170       3407.35864    
   2.49400163       3417.70215    
   2.49500155       3428.07178    
   2.49600148       3438.46533    
   2.49700141       3448.88379    
   2.49800134       3459.32715    
   2.49900126       3469.79541    
