   0.00000000       0.00000000    
   1.00000005E-03  -6.44548833E-02
   2.00000009E-03 -0.104707018    
   3.00000003E-03 -0.139071435    
   4.00000019E-03 -0.170095429    
   5.00000035E-03 -0.198850423    
   6.00000052E-03 -0.225917339    
   7.00000068E-03 -0.251656294    
   8.00000038E-03 -0.276310205    
   9.00000054E-03 -0.300052881    
   1.00000007E-02 -0.323014081    
   1.10000009E-02 -0.345293999    
   1.20000010E-02 -0.366972059    
   1.30000012E-02 -0.388112634    
   1.40000014E-02 -0.408768743    
   1.50000015E-02 -0.428984761    
   1.60000008E-02 -0.448798269    
   1.70000009E-02 -0.468241543    
   1.80000011E-02 -0.487342507    
   1.90000013E-02 -0.506125510    
   2.00000014E-02 -0.524611831    
   2.10000016E-02 -0.542820632    
   2.20000017E-02 -0.560768664    
   2.30000019E-02 -0.578471184    
   2.40000021E-02 -0.595941663    
   2.50000022E-02 -0.613192439    
   2.60000024E-02 -0.630234897    
   2.70000026E-02 -0.647078991    
   2.80000027E-02 -0.663734078    
   2.90000029E-02 -0.680208802    
   3.00000031E-02 -0.696511090    
   3.10000032E-02 -0.712648034    
   3.20000015E-02 -0.728626490    
   3.29999998E-02 -0.744452596    
   3.39999981E-02 -0.760132313    
   3.49999964E-02 -0.775671005    
   3.59999947E-02 -0.791073680    
   3.69999930E-02 -0.806345165    
   3.79999913E-02 -0.821489751    
   3.89999896E-02 -0.836511791    
   3.99999879E-02 -0.851415038    
   4.09999862E-02 -0.866203189    
   4.19999845E-02 -0.880879879    
   4.29999828E-02 -0.895448267    
   4.39999811E-02 -0.909911454    
   4.49999794E-02 -0.924272478    
   4.59999777E-02 -0.938534021    
   4.69999760E-02 -0.952698827    
   4.79999743E-02 -0.966769457    
   4.89999726E-02 -0.980748117    
   4.99999709E-02 -0.994637251    
   5.09999692E-02  -1.00843894    
   5.19999675E-02  -1.02215540    
   5.29999658E-02  -1.03578866    
   5.39999641E-02  -1.04934025    
   5.49999624E-02  -1.06281233    
   5.59999608E-02  -1.07620645    
   5.69999591E-02  -1.08952451    
   5.79999574E-02  -1.10276783    
   5.89999557E-02  -1.11593807    
   5.99999540E-02  -1.12903666    
   6.09999523E-02  -1.14206493    
   6.19999506E-02  -1.15502453    
   6.29999489E-02  -1.16791654    
   6.39999509E-02  -1.18074238    
   6.49999529E-02  -1.19350290    
   6.59999549E-02  -1.20619965    
   6.69999570E-02  -1.21883345    
   6.79999590E-02  -1.23140574    
   6.89999610E-02  -1.24391723    
   6.99999630E-02  -1.25636899    
   7.09999651E-02  -1.26876199    
   7.19999671E-02  -1.28109753    
   7.29999691E-02  -1.29337609    
   7.39999712E-02  -1.30559850    
   7.49999732E-02  -1.31776607    
   7.59999752E-02  -1.32987916    
   7.69999772E-02  -1.34193885    
   7.79999793E-02  -1.35394573    
   7.89999813E-02  -1.36590099    
   7.99999833E-02  -1.37780452    
   8.09999853E-02  -1.38965774    
   8.19999874E-02  -1.40146112    
   8.29999894E-02  -1.41321540    
   8.39999914E-02  -1.42492104    
   8.49999934E-02  -1.43657875    
   8.59999955E-02  -1.44818914    
   8.69999975E-02  -1.45975280    
   8.79999995E-02  -1.47127032    
   8.90000015E-02  -1.48274231    
   9.00000036E-02  -1.49416935    
   9.10000056E-02  -1.50555158    
   9.20000076E-02  -1.51688993    
   9.30000097E-02  -1.52818489    
   9.40000117E-02  -1.53943670    
   9.50000137E-02  -1.55064583    
   9.60000157E-02  -1.56181324    
   9.70000178E-02  -1.57293880    
   9.80000198E-02  -1.58402324    
   9.90000218E-02  -1.59506679    
  0.100000024      -1.60607004    
  0.101000026      -1.61703336    
  0.102000028      -1.62795699    
  0.103000030      -1.63884163    
  0.104000032      -1.64968741    
  0.105000034      -1.66049480    
  0.106000036      -1.67126393    
  0.107000038      -1.68199563    
  0.108000040      -1.69268966    
  0.109000042      -1.70334685    
  0.110000044      -1.71396732    
  0.111000046      -1.72455132    
  0.112000048      -1.73509920    
  0.113000050      -1.74561143    
  0.114000052      -1.75608802    
  0.115000054      -1.76652956    
  0.116000056      -1.77693605    
  0.117000058      -1.78730798    
  0.118000060      -1.79764557    
  0.119000062      -1.80794883    
  0.120000064      -1.81821859    
  0.121000066      -1.82845449    
  0.122000068      -1.83865714    
  0.123000070      -1.84882689    
  0.124000072      -1.85896361    
  0.125000075      -1.86906779    
  0.126000077      -1.87913930    
  0.127000079      -1.88917899    
  0.128000081      -1.89918649    
  0.129000083      -1.90916228    
  0.130000085      -1.91910648    
  0.131000087      -1.92901957    
  0.132000089      -1.93890154    
  0.133000091      -1.94875228    
  0.134000093      -1.95857263    
  0.135000095      -1.96836221    
  0.136000097      -1.97812140    
  0.137000099      -1.98785055    
  0.138000101      -1.99754989    
  0.139000103      -2.00721884    
  0.140000105      -2.01685882    
  0.141000107      -2.02646875    
  0.142000109      -2.03604960    
  0.143000111      -2.04560137    
  0.144000113      -2.05512404    
  0.145000115      -2.06461787    
  0.146000117      -2.07408285    
  0.147000119      -2.08351946    
  0.148000121      -2.09292769    
  0.149000123      -2.10230780    
  0.150000125      -2.11165953    
  0.151000127      -2.12098336    
  0.152000129      -2.13027930    
  0.153000131      -2.13954759    
  0.154000133      -2.14878821    
  0.155000135      -2.15800166    
  0.156000137      -2.16718769    
  0.157000139      -2.17634630    
  0.158000141      -2.18547797    
  0.159000143      -2.19458246    
  0.160000145      -2.20366049    
  0.161000147      -2.21271157    
  0.162000149      -2.22173643    
  0.163000152      -2.23073435    
  0.164000154      -2.23970604    
  0.165000156      -2.24865127    
  0.166000158      -2.25757051    
  0.167000160      -2.26646376    
  0.168000162      -2.27533078    
  0.169000164      -2.28417206    
  0.170000166      -2.29298735    
  0.171000168      -2.30177736    
  0.172000170      -2.31054139    
  0.173000172      -2.31928015    
  0.174000174      -2.32799363    
  0.175000176      -2.33668160    
  0.176000178      -2.34534431    
  0.177000180      -2.35398173    
  0.178000182      -2.36259437    
  0.179000184      -2.37118196    
  0.180000186      -2.37974453    
  0.181000188      -2.38828254    
  0.182000190      -2.39679551    
  0.183000192      -2.40528393    
  0.184000194      -2.41374779    
  0.185000196      -2.42218709    
  0.186000198      -2.43060231    
  0.187000200      -2.43899274    
  0.188000202      -2.44735885    
  0.189000204      -2.45570087    
  0.190000206      -2.46401906    
  0.191000208      -2.47231269    
  0.192000210      -2.48058248    
  0.193000212      -2.48882842    
  0.194000214      -2.49705029    
  0.195000216      -2.50524855    
  0.196000218      -2.51342273    
  0.197000220      -2.52157354    
  0.198000222      -2.52970028    
  0.199000224      -2.53780341    
  0.200000226      -2.54588342    
  0.201000229      -2.55394006    
  0.202000231      -2.56197286    
  0.203000233      -2.56998253    
  0.204000235      -2.57796907    
  0.205000237      -2.58593154    
  0.206000239      -2.59387159    
  0.207000241      -2.60178828    
  0.208000243      -2.60968184    
  0.209000245      -2.61755252    
  0.210000247      -2.62540007    
  0.211000249      -2.63322425    
  0.212000251      -2.64102602    
  0.213000253      -2.64880466    
  0.214000255      -2.65656066    
  0.215000257      -2.66429400    
  0.216000259      -2.67200398    
  0.217000261      -2.67969179    
  0.218000263      -2.68735695    
  0.219000265      -2.69499946    
  0.220000267      -2.70261908    
  0.221000269      -2.71021628    
  0.222000271      -2.71779132    
  0.223000273      -2.72534370    
  0.224000275      -2.73287368    
  0.225000277      -2.74038124    
  0.226000279      -2.74786639    
  0.227000281      -2.75532913    
  0.228000283      -2.76276994    
  0.229000285      -2.77018833    
  0.230000287      -2.77758455    
  0.231000289      -2.78495860    
  0.232000291      -2.79231024    
  0.233000293      -2.79963994    
  0.234000295      -2.80694771    
  0.235000297      -2.81423354    
  0.236000299      -2.82149696    
  0.237000301      -2.82873869    
  0.238000304      -2.83595848    
  0.239000306      -2.84315586    
  0.240000308      -2.85033154    
  0.241000310      -2.85748577    
  0.242000312      -2.86461782    
  0.243000314      -2.87172794    
  0.244000316      -2.87881637    
  0.245000318      -2.88588333    
  0.246000320      -2.89292789    
  0.247000322      -2.89995122    
  0.248000324      -2.90695286    
  0.249000326      -2.91393256    
  0.250000328      -2.92089081    
  0.251000315      -2.92782736    
  0.252000302      -2.93474197    
  0.253000289      -2.94163513    
  0.254000276      -2.94850707    
  0.255000263      -2.95535707    
  0.256000251      -2.96218562    
  0.257000238      -2.96899271    
  0.258000225      -2.97577834    
  0.259000212      -2.98254251    
  0.260000199      -2.98928523    
  0.261000186      -2.99600625    
  0.262000173      -3.00270629    
  0.263000160      -3.00938463    
  0.264000148      -3.01604152    
  0.265000135      -3.02267718    
  0.266000122      -3.02929163    
  0.267000109      -3.03588462    
  0.268000096      -3.04245639    
  0.269000083      -3.04900694    
  0.270000070      -3.05553555    
  0.271000057      -3.06204367    
  0.272000045      -3.06853032    
  0.273000032      -3.07499528    
  0.274000019      -3.08143950    
  0.275000006      -3.08786225    
  0.275999993      -3.09426379    
  0.276999980      -3.10064435    
  0.277999967      -3.10700345    
  0.278999954      -3.11334157    
  0.279999942      -3.11965871    
  0.280999929      -3.12595439    
  0.281999916      -3.13222909    
  0.282999903      -3.13848257    
  0.283999890      -3.14471483    
  0.284999877      -3.15092611    
  0.285999864      -3.15711665    
  0.286999851      -3.16328526    
  0.287999839      -3.16943359    
  0.288999826      -3.17556047    
  0.289999813      -3.18166614    
  0.290999800      -3.18775082    
  0.291999787      -3.19381452    
  0.292999774      -3.19985771    
  0.293999761      -3.20587921    
  0.294999748      -3.21187997    
  0.295999736      -3.21785951    
  0.296999723      -3.22381783    
  0.297999710      -3.22975564    
  0.298999697      -3.23567247    
  0.299999684      -3.24156761    
  0.300999671      -3.24744225    
  0.301999658      -3.25329614    
  0.302999645      -3.25912905    
  0.303999633      -3.26494026    
  0.304999620      -3.27073121    
  0.305999607      -3.27650094    
  0.306999594      -3.28224969    
  0.307999581      -3.28797770    
  0.308999568      -3.29368448    
  0.309999555      -3.29937029    
  0.310999542      -3.30503535    
  0.311999530      -3.31067920    
  0.312999517      -3.31630206    
  0.313999504      -3.32190442    
  0.314999491      -3.32748556    
  0.315999478      -3.33304572    
  0.316999465      -3.33858514    
  0.317999452      -3.34410334    
  0.318999439      -3.34960079    
  0.319999427      -3.35507727    
  0.320999414      -3.36053324    
  0.321999401      -3.36596799    
  0.322999388      -3.37138152    
  0.323999375      -3.37677431    
  0.324999362      -3.38214588    
  0.325999349      -3.38749719    
  0.326999336      -3.39282727    
  0.327999324      -3.39813638    
  0.328999311      -3.40342474    
  0.329999298      -3.40869188    
  0.330999285      -3.41393805    
  0.331999272      -3.41916370    
  0.332999259      -3.42436790    
  0.333999246      -3.42955136    
  0.334999233      -3.43471384    
  0.335999221      -3.43985581    
  0.336999208      -3.44497681    
  0.337999195      -3.45007634    
  0.338999182      -3.45515537    
  0.339999169      -3.46021318    
  0.340999156      -3.46525025    
  0.341999143      -3.47026610    
  0.342999130      -3.47526121    
  0.343999118      -3.48023558    
  0.344999105      -3.48518872    
  0.345999092      -3.49012089    
  0.346999079      -3.49503207    
  0.347999066      -3.49992251    
  0.348999053      -3.50479174    
  0.349999040      -3.50964022    
  0.350999027      -3.51446748    
  0.351999015      -3.51927423    
  0.352999002      -3.52405953    
  0.353998989      -3.52882409    
  0.354998976      -3.53356743    
  0.355998963      -3.53828979    
  0.356998950      -3.54299116    
  0.357998937      -3.54767203    
  0.358998924      -3.55233145    
  0.359998912      -3.55696988    
  0.360998899      -3.56158733    
  0.361998886      -3.56618381    
  0.362998873      -3.57075906    
  0.363998860      -3.57531333    
  0.364998847      -3.57984662    
  0.365998834      -3.58435917    
  0.366998821      -3.58885002    
  0.367998809      -3.59332013    
  0.368998796      -3.59776902    
  0.369998783      -3.60219765    
  0.370998770      -3.60660386    
  0.371998757      -3.61099029    
  0.372998744      -3.61535478    
  0.373998731      -3.61969829    
  0.374998719      -3.62402105    
  0.375998706      -3.62832284    
  0.376998693      -3.63260269    
  0.377998680      -3.63686228    
  0.378998667      -3.64109993    
  0.379998654      -3.64531708    
  0.380998641      -3.64951301    
  0.381998628      -3.65368772    
  0.382998616      -3.65784097    
  0.383998603      -3.66197348    
  0.384998590      -3.66608429    
  0.385998577      -3.67017460    
  0.386998564      -3.67424345    
  0.387998551      -3.67829061    
  0.388998538      -3.68231726    
  0.389998525      -3.68632245    
  0.390998513      -3.69030619    
  0.391998500      -3.69426918    
  0.392998487      -3.69821024    
  0.393998474      -3.70213032    
  0.394998461      -3.70602942    
  0.395998448      -3.70990705    
  0.396998435      -3.71376371    
  0.397998422      -3.71759868    
  0.398998410      -3.72141242    
  0.399998397      -3.72520518    
  0.400998384      -3.72897601    
  0.401998371      -3.73272657    
  0.402998358      -3.73645496    
  0.403998345      -3.74016190    
  0.404998332      -3.74384761    
  0.405998319      -3.74751234    
  0.406998307      -3.75115514    
  0.407998294      -3.75477719    
  0.408998281      -3.75837755    
  0.409998268      -3.76195669    
  0.410998255      -3.76551390    
  0.411998242      -3.76905060    
  0.412998229      -3.77256489    
  0.413998216      -3.77605820    
  0.414998204      -3.77953005    
  0.415998191      -3.78297997    
  0.416998178      -3.78640914    
  0.417998165      -3.78981686    
  0.418998152      -3.79320264    
  0.419998139      -3.79656696    
  0.420998126      -3.79990983    
  0.421998113      -3.80323148    
  0.422998101      -3.80653143    
  0.423998088      -3.80980945    
  0.424998075      -3.81306601    
  0.425998062      -3.81630135    
  0.426998049      -3.81951475    
  0.427998036      -3.82270670    
  0.428998023      -3.82587767    
  0.429998010      -3.82902622    
  0.430997998      -3.83215356    
  0.431997985      -3.83525848    
  0.432997972      -3.83834267    
  0.433997959      -3.84140515    
  0.434997946      -3.84444571    
  0.435997933      -3.84746456    
  0.436997920      -3.85046172    
  0.437997907      -3.85343695    
  0.438997895      -3.85639071    
  0.439997882      -3.85932279    
  0.440997869      -3.86223340    
  0.441997856      -3.86512184    
  0.442997843      -3.86798835    
  0.443997830      -3.87083364    
  0.444997817      -3.87365627    
  0.445997804      -3.87645817    
  0.446997792      -3.87923741    
  0.447997779      -3.88199496    
  0.448997766      -3.88473129    
  0.449997753      -3.88744521    
  0.450997740      -3.89013720    
  0.451997727      -3.89280748    
  0.452997714      -3.89545584    
  0.453997701      -3.89808249    
  0.454997689      -3.90068698    
  0.455997676      -3.90326977    
  0.456997663      -3.90583038    
  0.457997650      -3.90836930    
  0.458997637      -3.91088605    
  0.459997624      -3.91338110    
  0.460997611      -3.91585350    
  0.461997598      -3.91830468    
  0.462997586      -3.92073345    
  0.463997573      -3.92313981    
  0.464997560      -3.92552471    
  0.465997547      -3.92788720    
  0.466997534      -3.93022799    
  0.467997521      -3.93254662    
  0.468997508      -3.93484282    
  0.469997495      -3.93711710    
  0.470997483      -3.93936920    
  0.471997470      -3.94159937    
  0.472997457      -3.94380713    
  0.473997444      -3.94599295    
  0.474997431      -3.94815636    
  0.475997418      -3.95029759    
  0.476997405      -3.95241690    
  0.477997392      -3.95451355    
  0.478997380      -3.95658827    
  0.479997367      -3.95864034    
  0.480997354      -3.96067095    
  0.481997341      -3.96267867    
  0.482997328      -3.96466422    
  0.483997315      -3.96662712    
  0.484997302      -3.96856785    
  0.485997289      -3.97048664    
  0.486997277      -3.97238302    
  0.487997264      -3.97425675    
  0.488997251      -3.97610807    
  0.489997238      -3.97793722    
  0.490997225      -3.97974348    
  0.491997212      -3.98152781    
  0.492997199      -3.98328972    
  0.493997186      -3.98502922    
  0.494997174      -3.98674607    
  0.495997161      -3.98844051    
  0.496997148      -3.99011230    
  0.497997135      -3.99176145    
  0.498997122      -3.99338865    
  0.499997109      -3.99499321    
  0.500997126      -3.99657488    
  0.501997113      -3.99813390    
  0.502997100      -3.99967098    
  0.503997087      -4.00118446    
  0.504997075      -4.00267553    
  0.505997062      -4.00414467    
  0.506997049      -4.00559044    
  0.507997036      -4.00701427    
  0.508997023      -4.00841522    
  0.509997010      -4.00979328    
  0.510996997      -4.01114845    
  0.511996984      -4.01248074    
  0.512996972      -4.01379108    
  0.513996959      -4.01507854    
  0.514996946      -4.01634264    
  0.515996933      -4.01758385    
  0.516996920      -4.01880360    
  0.517996907      -4.01999903    
  0.518996894      -4.02117252    
  0.519996881      -4.02232265    
  0.520996869      -4.02345037    
  0.521996856      -4.02455521    
  0.522996843      -4.02563667    
  0.523996830      -4.02669525    
  0.524996817      -4.02773142    
  0.525996804      -4.02874470    
  0.526996791      -4.02973413    
  0.527996778      -4.03070164    
  0.528996766      -4.03164530    
  0.529996753      -4.03256702    
  0.530996740      -4.03346443    
  0.531996727      -4.03433990    
  0.532996714      -4.03519154    
  0.533996701      -4.03602028    
  0.534996688      -4.03682709    
  0.535996675      -4.03760910    
  0.536996663      -4.03836918    
  0.537996650      -4.03910542    
  0.538996637      -4.03981876    
  0.539996624      -4.04050922    
  0.540996611      -4.04117680    
  0.541996598      -4.04182005    
  0.542996585      -4.04244041    
  0.543996572      -4.04303837    
  0.544996560      -4.04361248    
  0.545996547      -4.04416323    
  0.546996534      -4.04469109    
  0.547996521      -4.04519510    
  0.548996508      -4.04567719    
  0.549996495      -4.04613447    
  0.550996482      -4.04656839    
  0.551996469      -4.04697990    
  0.552996457      -4.04736757    
  0.553996444      -4.04773235    
  0.554996431      -4.04807377    
  0.555996418      -4.04839039    
  0.556996405      -4.04868460    
  0.557996392      -4.04895592    
  0.558996379      -4.04920244    
  0.559996367      -4.04942656    
  0.560996354      -4.04962683    
  0.561996341      -4.04980326    
  0.562996328      -4.04995632    
  0.563996315      -4.05008602    
  0.564996302      -4.05019236    
  0.565996289      -4.05027485    
  0.566996276      -4.05033350    
  0.567996264      -4.05036926    
  0.568996251      -4.05038071    
  0.569996238      -4.05036879    
  0.570996225      -4.05033302    
  0.571996212      -4.05027390    
  0.572996199      -4.05019140    
  0.573996186      -4.05008411    
  0.574996173      -4.04995346    
  0.575996161      -4.04979944    
  0.576996148      -4.04962158    
  0.577996135      -4.04941988    
  0.578996122      -4.04919434    
  0.579996109      -4.04894495    
  0.580996096      -4.04867172    
  0.581996083      -4.04837465    
  0.582996070      -4.04805374    
  0.583996058      -4.04770947    
  0.584996045      -4.04734039    
  0.585996032      -4.04694796    
  0.586996019      -4.04653168    
  0.587996006      -4.04609108    
  0.588995993      -4.04562664    
  0.589995980      -4.04513836    
  0.590995967      -4.04462624    
  0.591995955      -4.04408932    
  0.592995942      -4.04352903    
  0.593995929      -4.04294443    
  0.594995916      -4.04233599    
  0.595995903      -4.04170322    
  0.596995890      -4.04104662    
  0.597995877      -4.04036570    
  0.598995864      -4.03966093    
  0.599995852      -4.03893185    
  0.600995839      -4.03817844    
  0.601995826      -4.03740072    
  0.602995813      -4.03659916    
  0.603995800      -4.03577375    
  0.604995787      -4.03492308    
  0.605995774      -4.03404856    
  0.606995761      -4.03314972    
  0.607995749      -4.03222752    
  0.608995736      -4.03128004    
  0.609995723      -4.03030825    
  0.610995710      -4.02931213    
  0.611995697      -4.02829170    
  0.612995684      -4.02724743    
  0.613995671      -4.02617788    
  0.614995658      -4.02508450    
  0.615995646      -4.02396679    
  0.616995633      -4.02282429    
  0.617995620      -4.02165794    
  0.618995607      -4.02046633    
  0.619995594      -4.01925087    
  0.620995581      -4.01801062    
  0.621995568      -4.01674557    
  0.622995555      -4.01545620    
  0.623995543      -4.01414204    
  0.624995530      -4.01280355    
  0.625995517      -4.01144028    
  0.626995504      -4.01005220    
  0.627995491      -4.00864077    
  0.628995478      -4.00720310    
  0.629995465      -4.00574160    
  0.630995452      -4.00425482    
  0.631995440      -4.00274420    
  0.632995427      -4.00120783    
  0.633995414      -3.99964714    
  0.634995401      -3.99806213    
  0.635995388      -3.99645233    
  0.636995375      -3.99481702    
  0.637995362      -3.99315739    
  0.638995349      -3.99147296    
  0.639995337      -3.98976326    
  0.640995324      -3.98802900    
  0.641995311      -3.98626971    
  0.642995298      -3.98448563    
  0.643995285      -3.98267698    
  0.644995272      -3.98084259    
  0.645995259      -3.97898388    
  0.646995246      -3.97709990    
  0.647995234      -3.97519064    
  0.648995221      -3.97325754    
  0.649995208      -3.97129798    
  0.650995195      -3.96931458    
  0.651995182      -3.96730518    
  0.652995169      -3.96527123    
  0.653995156      -3.96321201    
  0.654995143      -3.96112800    
  0.655995131      -3.95901871    
  0.656995118      -3.95688367    
  0.657995105      -3.95472407    
  0.658995092      -3.95253944    
  0.659995079      -3.95032907    
  0.660995066      -3.94809413    
  0.661995053      -3.94583368    
  0.662995040      -3.94354725    
  0.663995028      -3.94123626    
  0.664995015      -3.93889999    
  0.665995002      -3.93653774    
  0.666994989      -3.93415093    
  0.667994976      -3.93173885    
  0.668994963      -3.92930126    
  0.669994950      -3.92683768    
  0.670994937      -3.92434907    
  0.671994925      -3.92183518    
  0.672994912      -3.91929555    
  0.673994899      -3.91673040    
  0.674994886      -3.91414070    
  0.675994873      -3.91152477    
  0.676994860      -3.90888357    
  0.677994847      -3.90621662    
  0.678994834      -3.90352392    
  0.679994822      -3.90080595    
  0.680994809      -3.89806247    
  0.681994796      -3.89529324    
  0.682994783      -3.89249825    
  0.683994770      -3.88967824    
  0.684994757      -3.88683224    
  0.685994744      -3.88396025    
  0.686994731      -3.88106251    
  0.687994719      -3.87813926    
  0.688994706      -3.87519121    
  0.689994693      -3.87221599    
  0.690994680      -3.86921573    
  0.691994667      -3.86618924    
  0.692994654      -3.86313772    
  0.693994641      -3.86005974    
  0.694994628      -3.85695648    
  0.695994616      -3.85382700    
  0.696994603      -3.85067153    
  0.697994590      -3.84749031    
  0.698994577      -3.84428310    
  0.699994564      -3.84105015    
  0.700994551      -3.83779144    
  0.701994538      -3.83450627    
  0.702994525      -3.83119535    
  0.703994513      -3.82785869    
  0.704994500      -3.82449532    
  0.705994487      -3.82110620    
  0.706994474      -3.81769109    
  0.707994461      -3.81424999    
  0.708994448      -3.81078267    
  0.709994435      -3.80728936    
  0.710994422      -3.80377007    
  0.711994410      -3.80022407    
  0.712994397      -3.79665279    
  0.713994384      -3.79305482    
  0.714994371      -3.78943062    
  0.715994358      -3.78578019    
  0.716994345      -3.78210354    
  0.717994332      -3.77840114    
  0.718994319      -3.77467155    
  0.719994307      -3.77091646    
  0.720994294      -3.76713443    
  0.721994281      -3.76332664    
  0.722994268      -3.75949216    
  0.723994255      -3.75563169    
  0.724994242      -3.75174403    
  0.725994229      -3.74783063    
  0.726994216      -3.74389052    
  0.727994204      -3.73992419    
  0.728994191      -3.73593116    
  0.729994178      -3.73191237    
  0.730994165      -3.72786617    
  0.731994152      -3.72379375    
  0.732994139      -3.71969485    
  0.733994126      -3.71556926    
  0.734994113      -3.71141720    
  0.735994101      -3.70723867    
  0.736994088      -3.70303369    
  0.737994075      -3.69880223    
  0.738994062      -3.69454336    
  0.739994049      -3.69025850    
  0.740994036      -3.68594599    
  0.741994023      -3.68160796    
  0.742994010      -3.67724299    
  0.743993998      -3.67285085    
  0.744993985      -3.66843247    
  0.745993972      -3.66398692    
  0.746993959      -3.65951443    
  0.747993946      -3.65501499    
  0.748993933      -3.65048981    
  0.749993920      -3.64593720    
  0.750993907      -3.64135718    
  0.751993895      -3.63675070    
  0.752993882      -3.63211703    
  0.753993869      -3.62745762    
  0.754993856      -3.62277031    
  0.755993843      -3.61805606    
  0.756993830      -3.61331487    
  0.757993817      -3.60854673    
  0.758993804      -3.60375166    
  0.759993792      -3.59892941    
  0.760993779      -3.59408021    
  0.761993766      -3.58920431    
  0.762993753      -3.58430076    
  0.763993740      -3.57936978    
  0.764993727      -3.57441258    
  0.765993714      -3.56942773    
  0.766993701      -3.56441593    
  0.767993689      -3.55937672    
  0.768993676      -3.55431056    
  0.769993663      -3.54921699    
  0.770993650      -3.54409695    
  0.771993637      -3.53894901    
  0.772993624      -3.53377342    
  0.773993611      -3.52857089    
  0.774993598      -3.52334118    
  0.775993586      -3.51808405    
  0.776993573      -3.51279950    
  0.777993560      -3.50748754    
  0.778993547      -3.50214839    
  0.779993534      -3.49678206    
  0.780993521      -3.49138808    
  0.781993508      -3.48596644    
  0.782993495      -3.48051739    
  0.783993483      -3.47504115    
  0.784993470      -3.46953702    
  0.785993457      -3.46400571    
  0.786993444      -3.45844698    
  0.787993431      -3.45286012    
  0.788993418      -3.44724607    
  0.789993405      -3.44160438    
  0.790993392      -3.43593502    
  0.791993380      -3.43023896    
  0.792993367      -3.42451406    
  0.793993354      -3.41876149    
  0.794993341      -3.41298223    
  0.795993328      -3.40717459    
  0.796993315      -3.40133977    
  0.797993302      -3.39547658    
  0.798993289      -3.38958597    
  0.799993277      -3.38366699    
  0.800993264      -3.37772107    
  0.801993251      -3.37174726    
  0.802993238      -3.36574459    
  0.803993225      -3.35971522    
  0.804993212      -3.35365748    
  0.805993199      -3.34757185    
  0.806993186      -3.34145856    
  0.807993174      -3.33531737    
  0.808993161      -3.32914782    
  0.809993148      -3.32295084    
  0.810993135      -3.31672525    
  0.811993122      -3.31047249    
  0.812993109      -3.30419111    
  0.813993096      -3.29788184    
  0.814993083      -3.29154444    
  0.815993071      -3.28517890    
  0.816993058      -3.27878618    
  0.817993045      -3.27236438    
  0.818993032      -3.26591444    
  0.819993019      -3.25943685    
  0.820993006      -3.25293064    
  0.821992993      -3.24639654    
  0.822992980      -3.23983431    
  0.823992968      -3.23324347    
  0.824992955      -3.22662520    
  0.825992942      -3.21997762    
  0.826992929      -3.21330285    
  0.827992916      -3.20659876    
  0.828992903      -3.19986701    
  0.829992890      -3.19310617    
  0.830992877      -3.18631792    
  0.831992865      -3.17950082    
  0.832992852      -3.17265534    
  0.833992839      -3.16578174    
  0.834992826      -3.15887928    
  0.835992813      -3.15194941    
  0.836992800      -3.14498997    
  0.837992787      -3.13800192    
  0.838992774      -3.13098574    
  0.839992762      -3.12394190    
  0.840992749      -3.11686802    
  0.841992736      -3.10976648    
  0.842992723      -3.10263586    
  0.843992710      -3.09547758    
  0.844992697      -3.08829021    
  0.845992684      -3.08107376    
  0.846992671      -3.07382965    
  0.847992659      -3.06655550    
  0.848992646      -3.05925369    
  0.849992633      -3.05192327    
  0.850992620      -3.04456329    
  0.851992607      -3.03717518    
  0.852992594      -3.02975798    
  0.853992581      -3.02231216    
  0.854992568      -3.01483774    
  0.855992556      -3.00733376    
  0.856992543      -2.99980211    
  0.857992530      -2.99224091    
  0.858992517      -2.98465109    
  0.859992504      -2.97703171    
  0.860992491      -2.96938419    
  0.861992478      -2.96170712    
  0.862992465      -2.95400143    
  0.863992453      -2.94626760    
  0.864992440      -2.93850327    
  0.865992427      -2.93071079    
  0.866992414      -2.92288876    
  0.867992401      -2.91503906    
  0.868992388      -2.90715885    
  0.869992375      -2.89925003    
  0.870992362      -2.89131212    
  0.871992350      -2.88334513    
  0.872992337      -2.87534904    
  0.873992324      -2.86732340    
  0.874992311      -2.85926914    
  0.875992298      -2.85118484    
  0.876992285      -2.84307241    
  0.877992272      -2.83493042    
  0.878992260      -2.82675838    
  0.879992247      -2.81855822    
  0.880992234      -2.81032848    
  0.881992221      -2.80206919    
  0.882992208      -2.79378080    
  0.883992195      -2.78546286    
  0.884992182      -2.77711582    
  0.885992169      -2.76873875    
  0.886992157      -2.76033258    
  0.887992144      -2.75189734    
  0.888992131      -2.74343252    
  0.889992118      -2.73493862    
  0.890992105      -2.72641420    
  0.891992092      -2.71786165    
  0.892992079      -2.70927858    
  0.893992066      -2.70066643    
  0.894992054      -2.69202375    
  0.895992041      -2.68335247    
  0.896992028      -2.67465162    
  0.897992015      -2.66592121    
  0.898992002      -2.65716076    
  0.899991989      -2.64837122    
  0.900991976      -2.63955164    
  0.901991963      -2.63070202    
  0.902991951      -2.62182331    
  0.903991938      -2.61291456    
  0.904991925      -2.60397673    
  0.905991912      -2.59500790    
  0.906991899      -2.58600998    
  0.907991886      -2.57698250    
  0.908991873      -2.56792545    
  0.909991860      -2.55883741    
  0.910991848      -2.54972124    
  0.911991835      -2.54057407    
  0.912991822      -2.53139687    
  0.913991809      -2.52219057    
  0.914991796      -2.51295328    
  0.915991783      -2.50368690    
  0.916991770      -2.49439001    
  0.917991757      -2.48506355    
  0.918991745      -2.47570705    
  0.919991732      -2.46632051    
  0.920991719      -2.45690346    
  0.921991706      -2.44745684    
  0.922991693      -2.43798018    
  0.923991680      -2.42847347    
  0.924991667      -2.41893673    
  0.925991654      -2.40936947    
  0.926991642      -2.39977217    
  0.927991629      -2.39014482    
  0.928991616      -2.38048744    
  0.929991603      -2.37079954    
  0.930991590      -2.36108160    
  0.931991577      -2.35133314    
  0.932991564      -2.34155464    
  0.933991551      -2.33174610    
  0.934991539      -2.32190704    
  0.935991526      -2.31203794    
  0.936991513      -2.30213785    
  0.937991500      -2.29220772    
  0.938991487      -2.28224707    
  0.939991474      -2.27225685    
  0.940991461      -2.26223516    
  0.941991448      -2.25218344    
  0.942991436      -2.24210167    
  0.943991423      -2.23198891    
  0.944991410      -2.22184610    
  0.945991397      -2.21167231    
  0.946991384      -2.20146799    
  0.947991371      -2.19123411    
  0.948991358      -2.18096876    
  0.949991345      -2.17067289    
  0.950991333      -2.16034651    
  0.951991320      -2.14999008    
  0.952991307      -2.13960218    
  0.953991294      -2.12918377    
  0.954991281      -2.11873436    
  0.955991268      -2.10825539    
  0.956991255      -2.09774542    
  0.957991242      -2.08720398    
  0.958991230      -2.07663250    
  0.959991217      -2.06602955    
  0.960991204      -2.05539656    
  0.961991191      -2.04473209    
  0.962991178      -2.03403711    
  0.963991165      -2.02331114    
  0.964991152      -2.01255465    
  0.965991139      -2.00176716    
  0.966991127      -1.99094868    
  0.967991114      -1.98010015    
  0.968991101      -1.96921968    
  0.969991088      -1.95830822    
  0.970991075      -1.94736671    
  0.971991062      -1.93639326    
  0.972991049      -1.92538881    
  0.973991036      -1.91435385    
  0.974991024      -1.90328789    
  0.975991011      -1.89219046    
  0.976990998      -1.88106203    
  0.977990985      -1.86990309    
  0.978990972      -1.85871172    
  0.979990959      -1.84749031    
  0.980990946      -1.83623695    
  0.981990933      -1.82495356    
  0.982990921      -1.81363773    
  0.983990908      -1.80229187    
  0.984990895      -1.79091406    
  0.985990882      -1.77950525    
  0.986990869      -1.76806450    
  0.987990856      -1.75659370    
  0.988990843      -1.74509048    
  0.989990830      -1.73355627    
  0.990990818      -1.72199106    
  0.991990805      -1.71039391    
  0.992990792      -1.69876623    
  0.993990779      -1.68710709    
  0.994990766      -1.67541552    
  0.995990753      -1.66369295    
  0.996990740      -1.65193987    
  0.997990727      -1.64015388    
  0.998990715      -1.62833643    
  0.999990702      -1.61648846    
   1.00099075      -1.60460854    
   1.00199080      -1.59269571    
   1.00299084      -1.58075190    
   1.00399089      -1.56877661    
   1.00499094      -1.55676937    
   1.00599098      -1.54473162    
   1.00699103      -1.53266144    
   1.00799108      -1.52055883    
   1.00899112      -1.50842619    
   1.00999117      -1.49626017    
   1.01099122      -1.48406363    
   1.01199126      -1.47183514    
   1.01299131      -1.45957470    
   1.01399136      -1.44728184    
   1.01499140      -1.43495846    
   1.01599145      -1.42260265    
   1.01699150      -1.41021490    
   1.01799154      -1.39779568    
   1.01899159      -1.38534403    
   1.01999164      -1.37286091    
   1.02099168      -1.36034536    
   1.02199173      -1.34779787    
   1.02299178      -1.33521938    
   1.02399182      -1.32260847    
   1.02499187      -1.30996513    
   1.02599192      -1.29729080    
   1.02699196      -1.28458309    
   1.02799201      -1.27184391    
   1.02899206      -1.25907373    
   1.02999210      -1.24626970    
   1.03099215      -1.23343468    
   1.03199220      -1.22056723    
   1.03299224      -1.20766735    
   1.03399229      -1.19473600    
   1.03499234      -1.18177223    
   1.03599238      -1.16877604    
   1.03699243      -1.15574789    
   1.03799248      -1.14268780    
   1.03899252      -1.12959480    
   1.03999257      -1.11646938    
   1.04099262      -1.10331249    
   1.04199266      -1.09012318    
   1.04299271      -1.07690191    
   1.04399276      -1.06364727    
   1.04499280      -1.05036068    
   1.04599285      -1.03704119    
   1.04699290      -1.02369070    
   1.04799294      -1.01030684    
   1.04899299     -0.996890545    
   1.04999304     -0.983442307    
   1.05099308     -0.969961643    
   1.05199313     -0.956447601    
   1.05299318     -0.942902088    
   1.05399323     -0.929322720    
   1.05499327     -0.915712357    
   1.05599332     -0.902068615    
   1.05699337     -0.888392448    
   1.05799341     -0.874683380    
   1.05899346     -0.860942364    
   1.05999351     -0.847168446    
   1.06099355     -0.833361626    
   1.06199360     -0.819522381    
   1.06299365     -0.805650711    
   1.06399369     -0.791745663    
   1.06499374     -0.777807713    
   1.06599379     -0.763838291    
   1.06699383     -0.749835014    
   1.06799388     -0.735799313    
   1.06899393     -0.721729755    
   1.06999397     -0.707629204    
   1.07099402     -0.693495274    
   1.07199407     -0.679327965    
   1.07299411     -0.665128708    
   1.07399416     -0.650894642    
   1.07499421     -0.636629581    
   1.07599425     -0.622330666    
   1.07699430     -0.607998848    
   1.07799435     -0.593634129    
   1.07899439     -0.579236507    
   1.07999444     -0.564805984    
   1.08099449     -0.550342560    
   1.08199453     -0.535846710    
   1.08299458     -0.521316528    
   1.08399463     -0.506753922    
   1.08499467     -0.492157936    
   1.08599472     -0.477529526    
   1.08699477     -0.462866783    
   1.08799481     -0.448171616    
   1.08899486     -0.433444023    
   1.08999491     -0.418681145    
   1.09099495     -0.403886795    
   1.09199500     -0.389059067    
   1.09299505     -0.374197006    
   1.09399509     -0.359303474    
   1.09499514     -0.344375610    
   1.09599519     -0.329413414    
   1.09699523     -0.314419746    
   1.09799528     -0.299390793    
   1.09899533     -0.284330368    
   1.09999537     -0.269236565    
   1.10099542     -0.254108429    
   1.10199547     -0.238946915    
   1.10299551     -0.223752975    
   1.10399556     -0.208523750    
   1.10499561     -0.193262100    
   1.10599566     -0.177968025    
   1.10699570     -0.162638664    
   1.10799575     -0.147275925    
   1.10899580     -0.131880760    
   1.10999584     -0.116451263    
   1.11099589     -0.100988388    
   1.11199594      -8.54921341E-02
   1.11299598      -6.99625015E-02
   1.11399603      -5.43985367E-02
   1.11499608      -3.88002396E-02
   1.11599612      -2.31704712E-02
   1.11699617      -7.50541687E-03
   1.11799622       8.19396973E-03
   1.11899626       2.39248276E-02
   1.11999631       3.96909714E-02
   1.12099636       5.54914474E-02
   1.12199640       7.13243484E-02
   1.12299645       8.71906281E-02
   1.12399650      0.103093147    
   1.12499654      0.119027138    
   1.12599659      0.134996414    
   1.12699664      0.150999069    
   1.12799668      0.167035103    
   1.12899673      0.183104515    
   1.12999678      0.199209213    
   1.13099682      0.215348244    
   1.13199687      0.231520653    
   1.13299692      0.247727394    
   1.13399696      0.263966560    
   1.13499701      0.280241013    
   1.13599706      0.296548843    
   1.13699710      0.312891960    
   1.13799715      0.329268456    
   1.13899720      0.345678329    
   1.13999724      0.362122536    
   1.14099729      0.378602028    
   1.14199734      0.395114899    
   1.14299738      0.411661148    
   1.14399743      0.428243637    
   1.14499748      0.444858551    
   1.14599752      0.461507797    
   1.14699757      0.478192329    
   1.14799762      0.494910240    
   1.14899766      0.511662483    
   1.14999771      0.528450012    
   1.15099776      0.545270920    
   1.15199780      0.562127113    
   1.15299785      0.579016685    
   1.15399790      0.595939636    
   1.15499794      0.612898827    
   1.15599799      0.629891396    
   1.15699804      0.646918297    
   1.15799809      0.663980484    
   1.15899813      0.681077003    
   1.15999818      0.698207855    
   1.16099823      0.715373039    
   1.16199827      0.732572556    
   1.16299832      0.749807358    
   1.16399837      0.767075539    
   1.16499841      0.784379005    
   1.16599846      0.801716805    
   1.16699851      0.819089890    
   1.16799855      0.836497307    
   1.16899860      0.853939056    
   1.16999865      0.871416092    
   1.17099869      0.888926506    
   1.17199874      0.906473160    
   1.17299879      0.924053192    
   1.17399883      0.941668510    
   1.17499888      0.959319115    
   1.17599893      0.977004051    
   1.17699897      0.994723320    
   1.17799902       1.01247787    
   1.17899907       1.03026772    
   1.17999911       1.04809189    
   1.18099916       1.06595135    
   1.18199921       1.08384514    
   1.18299925       1.10177422    
   1.18399930       1.11973763    
   1.18499935       1.13773632    
   1.18599939       1.15577030    
   1.18699944       1.17383862    
   1.18799949       1.19194221    
   1.18899953       1.21008110    
   1.18999958       1.22825432    
   1.19099963       1.24646282    
   1.19199967       1.26470757    
   1.19299972       1.28298569    
   1.19399977       1.30130100    
   1.19499981       1.31964970    
   1.19599986       1.33803463    
   1.19699991       1.35645294    
   1.19799995       1.37490749    
   1.19900000       1.39339828    
   1.20000005       1.41192245    
   1.20100009       1.43048382    
   1.20200014       1.44907856    
   1.20300019       1.46770954    
   1.20400023       1.48637581    
   1.20500028       1.50507641    
   1.20600033       1.52381420    
   1.20700037       1.54258633    
   1.20800042       1.56139278    
   1.20900047       1.58023643    
   1.21000051       1.59911442    
   1.21100056       1.61802769    
   1.21200061       1.63697720    
   1.21300066       1.65596199    
   1.21400070       1.67498112    
   1.21500075       1.69403744    
   1.21600080       1.71312809    
   1.21700084       1.73225498    
   1.21800089       1.75141716    
   1.21900094       1.77061462    
   1.22000098       1.78984737    
   1.22100103       1.80911541    
   1.22200108       1.82842159    
   1.22300112       1.84776115    
   1.22400117       1.86713696    
   1.22500122       1.88654804    
   1.22600126       1.90599537    
   1.22700131       1.92547703    
   1.22800136       1.94499683    
   1.22900140       1.96455097    
   1.23000145       1.98414135    
   1.23100150       2.00376701    
   1.23200154       2.02342796    
   1.23300159       2.04312515    
   1.23400164       2.06285858    
   1.23500168       2.08262825    
   1.23600173       2.10243320    
   1.23700178       2.12227345    
   1.23800182       2.14215088    
   1.23900187       2.16206264    
   1.24000192       2.18201256    
   1.24100196       2.20199585    
   1.24200201       2.22201729    
   1.24300206       2.24207401    
   1.24400210       2.26216602    
   1.24500215       2.28229618    
   1.24600220       2.30245972    
   1.24700224       2.32266140    
   1.24800229       2.34289742    
   1.24900234       2.36317062    
   1.25000238       2.38347912    
   1.25100243       2.40382481    
   1.25200248       2.42420578    
   1.25300252       2.44462395    
   1.25400257       2.46507740    
   1.25500262       2.48556709    
   1.25600266       2.50609398    
   1.25700271       2.52665615    
   1.25800276       2.54725552    
   1.25900280       2.56789017    
   1.26000285       2.58856201    
   1.26100290       2.60927010    
   1.26200294       2.63001442    
   1.26300299       2.65079403    
   1.26400304       2.67161179    
   1.26500309       2.69246387    
   1.26600313       2.71335411    
   1.26700318       2.73428059    
   1.26800323       2.75524235    
   1.26900327       2.77624130    
   1.27000332       2.79727650    
   1.27100337       2.81834984    
   1.27200341       2.83945847    
   1.27300346       2.86060333    
   1.27400351       2.88178444    
   1.27500355       2.90300274    
   1.27600360       2.92425728    
   1.27700365       2.94554901    
   1.27800369       2.96687698    
   1.27900374       2.98824215    
   1.28000379       3.00964355    
   1.28100383       3.03108215    
   1.28200388       3.05255699    
   1.28300393       3.07406807    
   1.28400397       3.09561634    
   1.28500402       3.11720181    
   1.28600407       3.13882351    
   1.28700411       3.16048145    
   1.28800416       3.18217754    
   1.28900421       3.20390987    
   1.29000425       3.22567940    
   1.29100430       3.24748421    
   1.29200435       3.26932812    
   1.29300439       3.29120731    
   1.29400444       3.31312561    
   1.29500449       3.33507824    
   1.29600453       3.35706902    
   1.29700458       3.37909698    
   1.29800463       3.40116119    
   1.29900467       3.42326260    
   1.30000472       3.44540215    
   1.30100477       3.46757698    
   1.30200481       3.48979092    
   1.30300486       3.51204109    
   1.30400491       3.53432655    
   1.30500495       3.55665207    
   1.30600500       3.57901287    
   1.30700505       3.60141087    
   1.30800509       3.62384701    
   1.30900514       3.64632034    
   1.31000519       3.66882992    
   1.31100523       3.69137764    
   1.31200528       3.71396160    
   1.31300533       3.73658371    
   1.31400537       3.75924301    
   1.31500542       3.78193951    
   1.31600547       3.80467319    
   1.31700552       3.82744408    
   1.31800556       3.85025215    
   1.31900561       3.87309742    
   1.32000566       3.89598179    
   1.32100570       3.91890240    
   1.32200575       3.94186020    
   1.32300580       3.96485615    
   1.32400584       3.98788834    
   1.32500589       4.01095963    
   1.32600594       4.03406811    
   1.32700598       4.05721378    
   1.32800603       4.08039570    
   1.32900608       4.10361671    
   1.33000612       4.12687397    
   1.33100617       4.15017033    
   1.33200622       4.17350388    
   1.33300626       4.19687462    
   1.33400631       4.22028351    
   1.33500636       4.24372959    
   1.33600640       4.26721382    
   1.33700645       4.29073524    
   1.33800650       4.31429577    
   1.33900654       4.33789253    
   1.34000659       4.36152744    
   1.34100664       4.38520050    
   1.34200668       4.40891075    
   1.34300673       4.43265915    
   1.34400678       4.45644474    
   1.34500682       4.48026943    
   1.34600687       4.50413036    
   1.34700692       4.52803135    
   1.34800696       4.55196857    
   1.34900701       4.57594395    
   1.35000706       4.59995747    
   1.35100710       4.62400913    
   1.35200715       4.64809895    
   1.35300720       4.67222595    
   1.35400724       4.69639111    
   1.35500729       4.72059441    
   1.35600734       4.74483681    
   1.35700738       4.76911640    
   1.35800743       4.79343414    
   1.35900748       4.81779003    
   1.36000752       4.84218407    
   1.36100757       4.86661530    
   1.36200762       4.89108562    
   1.36300766       4.91559410    
   1.36400771       4.94014072    
   1.36500776       4.96472549    
   1.36600780       4.98934746    
   1.36700785       5.01400948    
   1.36800790       5.03870964    
   1.36900795       5.06344700    
   1.37000799       5.08822250    
   1.37100804       5.11303806    
   1.37200809       5.13788986    
   1.37300813       5.16278172    
   1.37400818       5.18771076    
   1.37500823       5.21267700    
   1.37600827       5.23768425    
   1.37700832       5.26272869    
   1.37800837       5.28781128    
   1.37900841       5.31293392    
   1.38000846       5.33809280    
   1.38100851       5.36329174    
   1.38200855       5.38852787    
   1.38300860       5.41380501    
   1.38400865       5.43911934    
   1.38500869       5.46447086    
   1.38600874       5.48986149    
   1.38700879       5.51529217    
   1.38800883       5.54076099    
   1.38900888       5.56626797    
   1.39000893       5.59181404    
   1.39100897       5.61739826    
   1.39200902       5.64302158    
   1.39300907       5.66868210    
   1.39400911       5.69438457    
   1.39500916       5.72012329    
   1.39600921       5.74590111    
   1.39700925       5.77171803    
   1.39800930       5.79757309    
   1.39900935       5.82346821    
   1.40000939       5.84940147    
   1.40100944       5.87537479    
   1.40200949       5.90138340    
   1.40300953       5.92743301    
   1.40400958       5.95352364    
   1.40500963       5.97965050    
   1.40600967       6.00581837    
   1.40700972       6.03202248    
   1.40800977       6.05826759    
   1.40900981       6.08454990    
   1.41000986       6.11087418    
   1.41100991       6.13723564    
   1.41200995       6.16363621    
   1.41301000       6.19007492    
   1.41401005       6.21655464    
   1.41501009       6.24307156    
   1.41601014       6.26962948    
   1.41701019       6.29622555    
   1.41801023       6.32285976    
   1.41901028       6.34953403    
   1.42001033       6.37624836    
   1.42101038       6.40300179    
   1.42201042       6.42979336    
   1.42301047       6.45662498    
   1.42401052       6.48349667    
   1.42501056       6.51040459    
   1.42601061       6.53735542    
   1.42701066       6.56434345    
   1.42801070       6.59137154    
   1.42901075       6.61843967    
   1.43001080       6.64554596    
   1.43101084       6.67269135    
   1.43201089       6.69987488    
   1.43301094       6.72710133    
   1.43401098       6.75436497    
   1.43501103       6.78166962    
   1.43601108       6.80901146    
   1.43701112       6.83639431    
   1.43801117       6.86381626    
   1.43901122       6.89128017    
   1.44001126       6.91878033    
   1.44101131       6.94632053    
   1.44201136       6.97389984    
   1.44301140       7.00152111    
   1.44401145       7.02918053    
   1.44501150       7.05688000    
   1.44601154       7.08461857    
   1.44701159       7.11239719    
   1.44801164       7.14021492    
   1.44901168       7.16807365    
   1.45001173       7.19597054    
   1.45101178       7.22390842    
   1.45201182       7.25188637    
   1.45301187       7.27990246    
   1.45401192       7.30795860    
   1.45501196       7.33605576    
   1.45601201       7.36419296    
   1.45701206       7.39236927    
   1.45801210       7.42058468    
   1.45901215       7.44884014    
   1.46001220       7.47713470    
   1.46101224       7.50547314    
   1.46201229       7.53384876    
   1.46301234       7.56226444    
   1.46401238       7.59071922    
   1.46501243       7.61921501    
   1.46601248       7.64775181    
   1.46701252       7.67632580    
   1.46801257       7.70494175    
   1.46901262       7.73359680    
   1.47001266       7.76229382    
   1.47101271       7.79102802    
   1.47201276       7.81980705    
   1.47301280       7.84862137    
   1.47401285       7.87747669    
   1.47501290       7.90637398    
   1.47601295       7.93531036    
   1.47701299       7.96428680    
   1.47801304       7.99330616    
   1.47901309       8.02236176    
   1.48001313       8.05146027    
   1.48101318       8.08059788    
   1.48201323       8.10977650    
   1.48301327       8.13899422    
   1.48401332       8.16825390    
   1.48501337       8.19755268    
   1.48601341       8.22689152    
   1.48701346       8.25627136    
   1.48801351       8.28569126    
   1.48901355       8.31515217    
   1.49001360       8.34465313    
   1.49101365       8.37419510    
   1.49201369       8.40377617    
   1.49301374       8.43339920    
   1.49401379       8.46306133    
   1.49501383       8.49276638    
   1.49601388       8.52250957    
   1.49701393       8.55229473    
   1.49801397       8.58211994    
   1.49901402       8.61198521    
   1.50001407       8.64189148    
   1.50101411       8.67183876    
   1.50201416       8.70182610    
   1.50301421       8.73185635    
   1.50401425       8.76192474    
   1.50501430       8.79203320    
   1.50601435       8.82218456    
   1.50701439       8.85237503    
   1.50801444       8.88260746    
   1.50901449       8.91287994    
   1.51001453       8.94319439    
   1.51101458       8.97354794    
   1.51201463       9.00394344    
   1.51301467       9.03437805    
   1.51401472       9.06485558    
   1.51501477       9.09537315    
   1.51601481       9.12593174    
   1.51701486       9.15653038    
   1.51801491       9.18717098    
   1.51901495       9.21785259    
   1.52001500       9.24857426    
   1.52101505       9.27933693    
   1.52201509       9.31014347    
   1.52301514       9.34098816    
   1.52401519       9.37187386    
   1.52501523       9.40280056    
   1.52601528       9.43376923    
   1.52701533       9.46477890    
   1.52801538       9.49582863    
   1.52901542       9.52692127    
   1.53001547       9.55805302    
   1.53101552       9.58922863    
   1.53201556       9.62044239    
   1.53301561       9.65169811    
   1.53401566       9.68299580    
   1.53501570       9.71433449    
   1.53601575       9.74571514    
   1.53701580       9.77713490    
   1.53801584       9.80859852    
   1.53901589       9.84010220    
   1.54001594       9.87164688    
   1.54101598       9.90323353    
   1.54201603       9.93486023    
   1.54301608       9.96653080    
   1.54401612       9.99824047    
   1.54501617       10.0299931    
   1.54601622       10.0617867    
   1.54701626       10.0936203    
   1.54801631       10.1254969    
   1.54901636       10.1574154    
   1.55001640       10.1893730    
   1.55101645       10.2213745    
   1.55201650       10.2534170    
   1.55301654       10.2855005    
   1.55401659       10.3176260    
   1.55501664       10.3497925    
   1.55601668       10.3820019    
   1.55701673       10.4142513    
   1.55801678       10.4465418    
   1.55901682       10.4788761    
   1.56001687       10.5112514    
   1.56101692       10.5436668    
   1.56201696       10.5761251    
   1.56301701       10.6086245    
   1.56401706       10.6411676    
   1.56501710       10.6737518    
   1.56601715       10.7063770    
   1.56701720       10.7390442    
   1.56801724       10.7717524    
   1.56901729       10.8045044    
   1.57001734       10.8372955    
   1.57101738       10.8701315    
   1.57201743       10.9030075    
   1.57301748       10.9359245    
   1.57401752       10.9688845    
   1.57501757       11.0018873    
   1.57601762       11.0349312    
   1.57701766       11.0680161    
   1.57801771       11.1011438    
   1.57901776       11.1343155    
   1.58001781       11.1675262    
   1.58101785       11.2007790    
   1.58201790       11.2340746    
   1.58301795       11.2674131    
   1.58401799       11.3007927    
   1.58501804       11.3342152    
   1.58601809       11.3676805    
   1.58701813       11.4011869    
   1.58801818       11.4347343    
   1.58901823       11.4683266    
   1.59001827       11.5019598    
   1.59101832       11.5356331    
   1.59201837       11.5693502    
   1.59301841       11.6031103    
   1.59401846       11.6369133    
   1.59501851       11.6707563    
   1.59601855       11.7046432    
   1.59701860       11.7385712    
   1.59801865       11.7725439    
   1.59901869       11.8065567    
   1.60001874       11.8406105    
   1.60101879       11.8747101    
   1.60201883       11.9088507    
   1.60301888       11.9430332    
   1.60401893       11.9772568    
   1.60501897       12.0115261    
   1.60601902       12.0458355    
   1.60701907       12.0801888    
   1.60801911       12.1145840    
   1.60901916       12.1490221    
   1.61001921       12.1835022    
   1.61101925       12.2180243    
   1.61201930       12.2525892    
   1.61301935       12.2871971    
   1.61401939       12.3218479    
   1.61501944       12.3565426    
   1.61601949       12.3912764    
   1.61701953       12.4260559    
   1.61801958       12.4608765    
   1.61901963       12.4957399    
   1.62001967       12.5306463    
   1.62101972       12.5655956    
   1.62201977       12.6005869    
   1.62301981       12.6356220    
   1.62401986       12.6707001    
   1.62501991       12.7058201    
   1.62601995       12.7409840    
   1.62702000       12.7761898    
   1.62802005       12.8114367    
   1.62902009       12.8467293    
   1.63002014       12.8820639    
   1.63102019       12.9174423    
   1.63202024       12.9528608    
   1.63302028       12.9883242    
   1.63402033       13.0238304    
   1.63502038       13.0593796    
   1.63602042       13.0949726    
   1.63702047       13.1306067    
   1.63802052       13.1662846    
   1.63902056       13.2020073    
   1.64002061       13.2377710    
   1.64102066       13.2735777    
   1.64202070       13.3094282    
   1.64302075       13.3453226    
   1.64402080       13.3812590    
   1.64502084       13.4172392    
   1.64602089       13.4532614    
   1.64702094       13.4893265    
   1.64802098       13.5254374    
   1.64902103       13.5615883    
   1.65002108       13.5977840    
   1.65102112       13.6340227    
   1.65202117       13.6703062    
   1.65302122       13.7066317    
   1.65402126       13.7430000    
   1.65502131       13.7794123    
   1.65602136       13.8158665    
   1.65702140       13.8523664    
   1.65802145       13.8889074    
   1.65902150       13.9254942    
   1.66002154       13.9621220    
   1.66102159       13.9987955    
   1.66202164       14.0355091    
   1.66302168       14.0722704    
   1.66402173       14.1090708    
   1.66502178       14.1459179    
   1.66602182       14.1828089    
   1.66702187       14.2197409    
   1.66802192       14.2567167    
   1.66902196       14.2937374    
   1.67002201       14.3308001    
   1.67102206       14.3679094    
   1.67202210       14.4050598    
   1.67302215       14.4422541    
   1.67402220       14.4794931    
   1.67502224       14.5167732    
   1.67602229       14.5541010    
   1.67702234       14.5914688    
   1.67802238       14.6288815    
   1.67902243       14.6663389    
   1.68002248       14.7038383    
   1.68102252       14.7413836    
   1.68202257       14.7789717    
   1.68302262       14.8166037    
   1.68402267       14.8542795    
   1.68502271       14.8919964    
   1.68602276       14.9297619    
   1.68702281       14.9675684    
   1.68802285       15.0054197    
   1.68902290       15.0433140    
   1.69002295       15.0812531    
   1.69102299       15.1192360    
   1.69202304       15.1572618    
   1.69302309       15.1953325    
   1.69402313       15.2334461    
   1.69502318       15.2716064    
   1.69602323       15.3098087    
   1.69702327       15.3480549    
   1.69802332       15.3863459    
   1.69902337       15.4246807    
   1.70002341       15.4630585    
   1.70102346       15.5014820    
   1.70202351       15.5399504    
   1.70302355       15.5784597    
   1.70402360       15.6170158    
   1.70502365       15.6556158    
   1.70602369       15.6942596    
   1.70702374       15.7329464    
   1.70802379       15.7716780    
   1.70902383       15.8104553    
   1.71002388       15.8492746    
   1.71102393       15.8881407    
   1.71202397       15.9270506    
   1.71302402       15.9660034    
   1.71402407       16.0050011    
   1.71502411       16.0440445    
   1.71602416       16.0831299    
   1.71702421       16.1222610    
   1.71802425       16.1614361    
   1.71902430       16.2006569    
   1.72002435       16.2399197    
   1.72102439       16.2792282    
   1.72202444       16.3185806    
   1.72302449       16.3579788    
   1.72402453       16.3974209    
   1.72502458       16.4369068    
   1.72602463       16.4764366    
   1.72702467       16.5160141    
   1.72802472       16.5556335    
   1.72902477       16.5952988    
   1.73002481       16.6350079    
   1.73102486       16.6747608    
   1.73202491       16.7145615    
   1.73302495       16.7544041    
   1.73402500       16.7942924    
   1.73502505       16.8342247    
   1.73602509       16.8742008    
   1.73702514       16.9142227    
   1.73802519       16.9542923    
   1.73902524       16.9944000    
   1.74002528       17.0345573    
   1.74102533       17.0747585    
   1.74202538       17.1150055    
   1.74302542       17.1552963    
   1.74402547       17.1956310    
   1.74502552       17.2360115    
   1.74602556       17.2764378    
   1.74702561       17.3169060    
   1.74802566       17.3574200    
   1.74902570       17.3979816    
   1.75002575       17.4385872    
   1.75102580       17.4792366    
   1.75202584       17.5199318    
   1.75302589       17.5606709    
   1.75402594       17.6014557    
   1.75502598       17.6422844    
   1.75602603       17.6831589    
   1.75702608       17.7240791    
   1.75802612       17.7650452    
   1.75902617       17.8060570    
   1.76002622       17.8471107    
   1.76102626       17.8882103    
   1.76202631       17.9293556    
   1.76302636       17.9705467    
   1.76402640       18.0117836    
   1.76502645       18.0530624    
   1.76602650       18.0943890    
   1.76702654       18.1357613    
   1.76802659       18.1771774    
   1.76902664       18.2186394    
   1.77002668       18.2601471    
   1.77102673       18.3016987    
   1.77202678       18.3432980    
   1.77302682       18.3849411    
   1.77402687       18.4266300    
   1.77502692       18.4683647    
   1.77602696       18.5101433    
   1.77702701       18.5519676    
   1.77802706       18.5938377    
   1.77902710       18.6357536    
   1.78002715       18.6777115    
   1.78102720       18.7197189    
   1.78202724       18.7617722    
   1.78302729       18.8038712    
   1.78402734       18.8460121    
   1.78502738       18.8882008    
   1.78602743       18.9304352    
   1.78702748       18.9727154    
   1.78802752       19.0150394    
   1.78902757       19.0574112    
   1.79002762       19.0998268    
   1.79102767       19.1422901    
   1.79202771       19.1847973    
   1.79302776       19.2273502    
   1.79402781       19.2699509    
   1.79502785       19.3125935    
   1.79602790       19.3552837    
   1.79702795       19.3980217    
   1.79802799       19.4407997    
   1.79902804       19.4836311    
   1.80002809       19.5265045    
   1.80102813       19.5694218    
   1.80202818       19.6123886    
   1.80302823       19.6553993    
   1.80402827       19.6984558    
   1.80502832       19.7415600    
   1.80602837       19.7847061    
   1.80702841       19.8278999    
   1.80802846       19.8711414    
   1.80902851       19.9144287    
   1.81002855       19.9577599    
   1.81102860       20.0011387    
   1.81202865       20.0445652    
   1.81302869       20.0880337    
   1.81402874       20.1315498    
   1.81502879       20.1751118    
   1.81602883       20.2187214    
   1.81702888       20.2623768    
   1.81802893       20.3060760    
   1.81902897       20.3498249    
   1.82002902       20.3936157    
   1.82102907       20.4374542    
   1.82202911       20.4813385    
   1.82302916       20.5252705    
   1.82402921       20.5692482    
   1.82502925       20.6132736    
   1.82602930       20.6573429    
   1.82702935       20.7014618    
   1.82802939       20.7456207    
   1.82902944       20.7898331    
   1.83002949       20.8340836    
   1.83102953       20.8783875    
   1.83202958       20.9227352    
   1.83302963       20.9671288    
   1.83402967       21.0115662    
   1.83502972       21.0560570    
   1.83602977       21.1005898    
   1.83702981       21.1451683    
   1.83802986       21.1897945    
   1.83902991       21.2344666    
   1.84002995       21.2791862    
   1.84103000       21.3239517    
   1.84203005       21.3687630    
   1.84303010       21.4136219    
   1.84403014       21.4585266    
   1.84503019       21.5034790    
   1.84603024       21.5484772    
   1.84703028       21.5935211    
   1.84803033       21.6386127    
   1.84903038       21.6837502    
   1.85003042       21.7289352    
   1.85103047       21.7741661    
   1.85203052       21.8194427    
   1.85303056       21.8647709    
   1.85403061       21.9101410    
   1.85503066       21.9555588    
   1.85603070       22.0010204    
   1.85703075       22.0465355    
   1.85803080       22.0920906    
   1.85903084       22.1376991    
   1.86003089       22.1833477    
   1.86103094       22.2290478    
   1.86203098       22.2747898    
   1.86303103       22.3205833    
   1.86403108       22.3664246    
   1.86503112       22.4123096    
   1.86603117       22.4582424    
   1.86703122       22.5042210    
   1.86803126       22.5502510    
   1.86903131       22.5963230    
   1.87003136       22.6424427    
   1.87103140       22.6886101    
   1.87203145       22.7348270    
   1.87303150       22.7810898    
   1.87403154       22.8273964    
   1.87503159       22.8737526    
   1.87603164       22.9201546    
   1.87703168       22.9666023    
   1.87803173       23.0131035    
   1.87903178       23.0596466    
   1.88003182       23.1062393    
   1.88103187       23.1528778    
   1.88203192       23.1995621    
   1.88303196       23.2462921    
   1.88403201       23.2930756    
   1.88503206       23.3399048    
   1.88603210       23.3867779    
   1.88703215       23.4336987    
   1.88803220       23.4806671    
   1.88903224       23.5276852    
   1.89003229       23.5747452    
   1.89103234       23.6218567    
   1.89203238       23.6690140    
   1.89303243       23.7162228    
   1.89403248       23.7634735    
   1.89503253       23.8107758    
   1.89603257       23.8581238    
   1.89703262       23.9055195    
   1.89803267       23.9529610    
   1.89903271       24.0004501    
   1.90003276       24.0479889    
   1.90103281       24.0955734    
   1.90203285       24.1432076    
   1.90303290       24.1908875    
   1.90403295       24.2386150    
   1.90503299       24.2863884    
   1.90603304       24.3342133    
   1.90703309       24.3820839    
   1.90803313       24.4300003    
   1.90903318       24.4779663    
   1.91003323       24.5259781    
   1.91103327       24.5740395    
   1.91203332       24.6221466    
   1.91303337       24.6703033    
   1.91403341       24.7185059    
   1.91503346       24.7667618    
   1.91603351       24.8150597    
   1.91703355       24.8634071    
   1.91803360       24.9118004    
   1.91903365       24.9602432    
   1.92003369       25.0087337    
   1.92103374       25.0572720    
   1.92203379       25.1058578    
   1.92303383       25.1544914    
   1.92403388       25.2031765    
   1.92503393       25.2519035    
   1.92603397       25.3006821    
   1.92703402       25.3495102    
   1.92803407       25.3983822    
   1.92903411       25.4473038    
   1.93003416       25.4962730    
   1.93103421       25.5452919    
   1.93203425       25.5943565    
   1.93303430       25.6434689    
   1.93403435       25.6926308    
   1.93503439       25.7418404    
   1.93603444       25.7910995    
   1.93703449       25.8404026    
   1.93803453       25.8897572    
   1.93903458       25.9391613    
   1.94003463       25.9886093    
   1.94103467       26.0381050    
   1.94203472       26.0876541    
   1.94303477       26.1372490    
   1.94403481       26.1868935    
   1.94503486       26.2365837    
   1.94603491       26.2863235    
   1.94703496       26.3361111    
   1.94803500       26.3859444    
   1.94903505       26.4358292    
   1.95003510       26.4857616    
   1.95103514       26.5357437    
   1.95203519       26.5857697    
   1.95303524       26.6358490    
   1.95403528       26.6859741    
   1.95503533       26.7361488    
   1.95603538       26.7863712    
   1.95703542       26.8366432    
   1.95803547       26.8869629    
   1.95903552       26.9373302    
   1.96003556       26.9877453    
   1.96103561       27.0382118    
   1.96203566       27.0887260    
   1.96303570       27.1392860    
   1.96403575       27.1898975    
   1.96503580       27.2405567    
   1.96603584       27.2912636    
   1.96703589       27.3420181    
   1.96803594       27.3928242    
   1.96903598       27.4436779    
   1.97003603       27.4945793    
   1.97103608       27.5455303    
   1.97203612       27.5965309    
   1.97303617       27.6475811    
   1.97403622       27.6986771    
   1.97503626       27.7498207    
   1.97603631       27.8010139    
   1.97703636       27.8522568    
   1.97803640       27.9035492    
   1.97903645       27.9548912    
   1.98003650       28.0062771    
   1.98103654       28.0577202    
   1.98203659       28.1092033    
   1.98303664       28.1607399    
   1.98403668       28.2123241    
   1.98503673       28.2639580    
   1.98603678       28.3156395    
   1.98703682       28.3673706    
   1.98803687       28.4191532    
   1.98903692       28.4709816    
   1.99003696       28.5228577    
   1.99103701       28.5747871    
   1.99203706       28.6267624    
   1.99303710       28.6787891    
   1.99403715       28.7308655    
   1.99503720       28.7829857    
   1.99603724       28.8351593    
   1.99703729       28.8873825    
   1.99803734       28.9396515    
   1.99903738       28.9919701    
   2.00003743       29.0443401    
   2.00103736       29.0967484    
   2.00203729       29.1492119    
   2.00303721       29.2017212    
   2.00403714       29.2542820    
   2.00503707       29.3068886    
   2.00603700       29.3595448    
   2.00703692       29.4122505    
   2.00803685       29.4650097    
   2.00903678       29.5178127    
   2.01003671       29.5706711    
   2.01103663       29.6235752    
   2.01203656       29.6765251    
   2.01303649       29.7295303    
   2.01403642       29.7825813    
   2.01503634       29.8356838    
   2.01603627       29.8888321    
   2.01703620       29.9420357    
   2.01803613       29.9952812    
   2.01903605       30.0485821    
   2.02003598       30.1019325    
   2.02103591       30.1553307    
   2.02203584       30.2087765    
   2.02303576       30.2622719    
   2.02403569       30.3158188    
   2.02503562       30.3694153    
   2.02603555       30.4230614    
   2.02703547       30.4767570    
   2.02803540       30.5305004    
   2.02903533       30.5842934    
   2.03003526       30.6381378    
   2.03103518       30.6920319    
   2.03203511       30.7459736    
   2.03303504       30.7999687    
   2.03403497       30.8540096    
   2.03503489       30.9081020    
   2.03603482       30.9622440    
   2.03703475       31.0164375    
   2.03803468       31.0706787    
   2.03903461       31.1249695    
   2.04003453       31.1793118    
   2.04103446       31.2336998    
   2.04203439       31.2881393    
   2.04303432       31.3426323    
   2.04403424       31.3971710    
   2.04503417       31.4517632    
   2.04603410       31.5064030    
   2.04703403       31.5610905    
   2.04803395       31.6158314    
   2.04903388       31.6706238    
   2.05003381       31.7254620    
   2.05103374       31.7803497    
   2.05203366       31.8352890    
   2.05303359       31.8902817    
   2.05403352       31.9453201    
   2.05503345       32.0004120    
   2.05603337       32.0555496    
   2.05703330       32.1107407    
   2.05803323       32.1659775    
   2.05903316       32.2212677    
   2.06003308       32.2766075    
   2.06103301       32.3319969    
   2.06203294       32.3874397    
   2.06303287       32.4429245    
   2.06403279       32.4984665    
   2.06503272       32.5540619    
   2.06603265       32.6096992    
   2.06703258       32.6653900    
   2.06803250       32.7211342    
   2.06903243       32.7769241    
   2.07003236       32.8327675    
   2.07103229       32.8886604    
   2.07203221       32.9446030    
   2.07303214       33.0005951    
   2.07403207       33.0566406    
   2.07503200       33.1127319    
   2.07603192       33.1688766    
   2.07703185       33.2250671    
   2.07803178       33.2813148    
   2.07903171       33.3376083    
   2.08003163       33.3939552    
   2.08103156       33.4503517    
   2.08203149       33.5067978    
   2.08303142       33.5632935    
   2.08403134       33.6198425    
   2.08503127       33.6764374    
   2.08603120       33.7330894    
   2.08703113       33.7897873    
   2.08803105       33.8465385    
   2.08903098       33.9033356    
   2.09003091       33.9601898    
   2.09103084       34.0170898    
   2.09203076       34.0740433    
   2.09303069       34.1310463    
   2.09403062       34.1880989    
   2.09503055       34.2452011    
   2.09603047       34.3023567    
   2.09703040       34.3595619    
   2.09803033       34.4168167    
   2.09903026       34.4741249    
   2.10003018       34.5314865    
   2.10103011       34.5888939    
   2.10203004       34.6463509    
   2.10302997       34.7038612    
   2.10402989       34.7614250    
   2.10502982       34.8190346    
   2.10602975       34.8766975    
   2.10702968       34.9344101    
   2.10802960       34.9921761    
   2.10902953       35.0499878    
   2.11002946       35.1078568    
   2.11102939       35.1657715    
   2.11202931       35.2237396    
   2.11302924       35.2817612    
   2.11402917       35.3398285    
   2.11502910       35.3979530    
   2.11602902       35.4561234    
   2.11702895       35.5143433    
   2.11802888       35.5726204    
   2.11902881       35.6309471    
   2.12002873       35.6893234    
   2.12102866       35.7477493    
   2.12202859       35.8062286    
   2.12302852       35.8647575    
   2.12402844       35.9233398    
   2.12502837       35.9819717    
   2.12602830       36.0406570    
   2.12702823       36.0993881    
   2.12802815       36.1581764    
   2.12902808       36.2170105    
   2.13002801       36.2758980    
   2.13102794       36.3348389    
   2.13202786       36.3938293    
   2.13302779       36.4528732    
   2.13402772       36.5119629    
   2.13502765       36.5711060    
   2.13602757       36.6303062    
   2.13702750       36.6895523    
   2.13802743       36.7488518    
   2.13902736       36.8082047    
   2.14002728       36.8676071    
   2.14102721       36.9270554    
   2.14202714       36.9865646    
   2.14302707       37.0461159    
   2.14402699       37.1057281    
   2.14502692       37.1653824    
   2.14602685       37.2250938    
   2.14702678       37.2848549    
   2.14802670       37.3446693    
   2.14902663       37.4045372    
   2.15002656       37.4644508    
   2.15102649       37.5244217    
   2.15202641       37.5844383    
   2.15302634       37.6445122    
   2.15402627       37.7046356    
   2.15502620       37.7648087    
   2.15602612       37.8250351    
   2.15702605       37.8853149    
   2.15802598       37.9456406    
   2.15902591       38.0060234    
   2.16002584       38.0664597    
   2.16102576       38.1269417    
   2.16202569       38.1874771    
   2.16302562       38.2480659    
   2.16402555       38.3087082    
   2.16502547       38.3694000    
   2.16602540       38.4301453    
   2.16702533       38.4909401    
   2.16802526       38.5517883    
   2.16902518       38.6126862    
   2.17002511       38.6736374    
   2.17102504       38.7346420    
   2.17202497       38.7956963    
   2.17302489       38.8568039    
   2.17402482       38.9179649    
   2.17502475       38.9791756    
   2.17602468       39.0404358    
   2.17702460       39.1017532    
   2.17802453       39.1631241    
   2.17902446       39.2245407    
   2.18002439       39.2860107    
   2.18102431       39.3475342    
   2.18202424       39.4091110    
   2.18302417       39.4707413    
   2.18402410       39.5324173    
   2.18502402       39.5941505    
   2.18602395       39.6559334    
   2.18702388       39.7177696    
   2.18802381       39.7796555    
   2.18902373       39.8415985    
   2.19002366       39.9035912    
   2.19102359       39.9656372    
   2.19202352       40.0277328    
   2.19302344       40.0898819    
   2.19402337       40.1520844    
   2.19502330       40.2143402    
   2.19602323       40.2766457    
   2.19702315       40.3390045    
   2.19802308       40.4014168    
   2.19902301       40.4638786    
   2.20002294       40.5263977    
   2.20102286       40.5889664    
   2.20202279       40.6515884    
   2.20302272       40.7142601    
   2.20402265       40.7769852    
   2.20502257       40.8397598    
   2.20602250       40.9025917    
   2.20702243       40.9654770    
   2.20802236       41.0284119    
   2.20902228       41.0914001    
   2.21002221       41.1544380    
   2.21102214       41.2175369    
   2.21202207       41.2806778    
   2.21302199       41.3438797    
   2.21402192       41.4071312    
   2.21502185       41.4704323    
   2.21602178       41.5337868    
   2.21702170       41.5971947    
   2.21802163       41.6606598    
   2.21902156       41.7241745    
   2.22002149       41.7877426    
   2.22102141       41.8513565    
   2.22202134       41.9150352    
   2.22302127       41.9787598    
   2.22402120       42.0425339    
   2.22502112       42.1063652    
   2.22602105       42.1702499    
   2.22702098       42.2341881    
   2.22802091       42.2981758    
   2.22902083       42.3622169    
   2.23002076       42.4263153    
   2.23102069       42.4904594    
   2.23202062       42.5546608    
   2.23302054       42.6189156    
   2.23402047       42.6832237    
   2.23502040       42.7475815    
   2.23602033       42.8119965    
   2.23702025       42.8764572    
   2.23802018       42.9409790    
   2.23902011       43.0055466    
   2.24002004       43.0701752    
   2.24101996       43.1348534    
   2.24201989       43.1995811    
   2.24301982       43.2643623    
   2.24401975       43.3292007    
   2.24501967       43.3940926    
   2.24601960       43.4590340    
   2.24701953       43.5240326    
   2.24801946       43.5890808    
   2.24901938       43.6541824    
   2.25001931       43.7193375    
   2.25101924       43.7845497    
   2.25201917       43.8498077    
   2.25301909       43.9151268    
   2.25401902       43.9804955    
   2.25501895       44.0459137    
   2.25601888       44.1113930    
   2.25701880       44.1769180    
   2.25801873       44.2425003    
   2.25901866       44.3081360    
   2.26001859       44.3738213    
   2.26101851       44.4395638    
   2.26201844       44.5053596    
   2.26301837       44.5712128    
   2.26401830       44.6371117    
   2.26501822       44.7030678    
   2.26601815       44.7690735    
   2.26701808       44.8351364    
   2.26801801       44.9012527    
   2.26901793       44.9674225    
   2.27001786       45.0336456    
   2.27101779       45.0999222    
   2.27201772       45.1662521    
   2.27301764       45.2326355    
   2.27401757       45.2990723    
   2.27501750       45.3655586    
   2.27601743       45.4321060    
   2.27701735       45.4987030    
   2.27801728       45.5653534    
   2.27901721       45.6320572    
   2.28001714       45.6988144    
   2.28101707       45.7656288    
   2.28201699       45.8324966    
   2.28301692       45.8994141    
   2.28401685       45.9663887    
   2.28501678       46.0334167    
   2.28601670       46.1004982    
   2.28701663       46.1676331    
   2.28801656       46.2348213    
   2.28901649       46.3020630    
   2.29001641       46.3693619    
   2.29101634       46.4367104    
   2.29201627       46.5041161    
   2.29301620       46.5715714    
   2.29401612       46.6390839    
   2.29501605       46.7066498    
   2.29601598       46.7742691    
   2.29701591       46.8419418    
   2.29801583       46.9096680    
   2.29901576       46.9774513    
   2.30001569       47.0452843    
   2.30101562       47.1131783    
   2.30201554       47.1811218    
   2.30301547       47.2491150    
   2.30401540       47.3171692    
   2.30501533       47.3852730    
   2.30601525       47.4534340    
   2.30701518       47.5216446    
   2.30801511       47.5899162    
   2.30901504       47.6582375    
   2.31001496       47.7266121    
   2.31101489       47.7950439    
   2.31201482       47.8635292    
   2.31301475       47.9320641    
   2.31401467       48.0006561    
   2.31501460       48.0693054    
   2.31601453       48.1380081    
   2.31701446       48.2067642    
   2.31801438       48.2755699    
   2.31901431       48.3444366    
   2.32001424       48.4133568    
   2.32101417       48.4823265    
   2.32201409       48.5513573    
   2.32301402       48.6204338    
   2.32401395       48.6895714    
   2.32501388       48.7587624    
   2.32601380       48.8280067    
   2.32701373       48.8973083    
   2.32801366       48.9666595    
   2.32901359       49.0360680    
   2.33001351       49.1055298    
   2.33101344       49.1750450    
   2.33201337       49.2446175    
   2.33301330       49.3142433    
   2.33401322       49.3839226    
   2.33501315       49.4536591    
   2.33601308       49.5234528    
   2.33701301       49.5932922    
   2.33801293       49.6631927    
   2.33901286       49.7331467    
   2.34001279       49.8031540    
   2.34101272       49.8732147    
   2.34201264       49.9433289    
   2.34301257       50.0135002    
   2.34401250       50.0837326    
   2.34501243       50.1540108    
   2.34601235       50.2243500    
   2.34701228       50.2947350    
   2.34801221       50.3651848    
   2.34901214       50.4356842    
   2.35001206       50.5062408    
   2.35101199       50.5768509    
   2.35201192       50.6475143    
   2.35301185       50.7182312    
   2.35401177       50.7890015    
   2.35501170       50.8598366    
   2.35601163       50.9307213    
   2.35701156       51.0016556    
   2.35801148       51.0726509    
   2.35901141       51.1436996    
   2.36001134       51.2148018    
   2.36101127       51.2859650    
   2.36201119       51.3571777    
   2.36301112       51.4284401    
   2.36401105       51.4997673    
   2.36501098       51.5711479    
   2.36601090       51.6425819    
   2.36701083       51.7140694    
   2.36801076       51.7856140    
   2.36901069       51.8572083    
   2.37001061       51.9288635    
   2.37101054       52.0005760    
   2.37201047       52.0723343    
   2.37301040       52.1441536    
   2.37401032       52.2160263    
   2.37501025       52.2879639    
   2.37601018       52.3599472    
   2.37701011       52.4319878    
   2.37801003       52.5040855    
   2.37900996       52.5762367    
   2.38000989       52.6484413    
   2.38100982       52.7206993    
   2.38200974       52.7930107    
   2.38300967       52.8653870    
   2.38400960       52.9378128    
   2.38500953       53.0102959    
   2.38600945       53.0828323    
   2.38700938       53.1554222    
   2.38800931       53.2280731    
   2.38900924       53.3007812    
   2.39000916       53.3735428    
   2.39100909       53.4463539    
   2.39200902       53.5192223    
   2.39300895       53.5921516    
   2.39400887       53.6651268    
   2.39500880       53.7381630    
   2.39600873       53.8112564    
   2.39700866       53.8844070    
   2.39800858       53.9576073    
   2.39900851       54.0308647    
   2.40000844       54.1041794    
   2.40100837       54.1775513    
   2.40200830       54.2509727    
   2.40300822       54.3244553    
   2.40400815       54.3979950    
   2.40500808       54.4715843    
   2.40600801       54.5452309    
   2.40700793       54.6189384    
   2.40800786       54.6926918    
   2.40900779       54.7665062    
   2.41000772       54.8403778    
   2.41100764       54.9143066    
   2.41200757       54.9882927    
   2.41300750       55.0623245    
   2.41400743       55.1364250    
   2.41500735       55.2105713    
   2.41600728       55.2847786    
   2.41700721       55.3590393    
   2.41800714       55.4333572    
   2.41900706       55.5077248    
   2.42000699       55.5821609    
   2.42100692       55.6566429    
   2.42200685       55.7311821    
   2.42300677       55.8057785    
   2.42400670       55.8804321    
   2.42500663       55.9551392    
   2.42600656       56.0299034    
   2.42700648       56.1047211    
   2.42800641       56.1795998    
   2.42900634       56.2545319    
   2.43000627       56.3295174    
   2.43100619       56.4045639    
   2.43200612       56.4796677    
   2.43300605       56.5548210    
   2.43400598       56.6300316    
   2.43500590       56.7053032    
   2.43600583       56.7806282    
   2.43700576       56.8560066    
   2.43800569       56.9314499    
   2.43900561       57.0069427    
   2.44000554       57.0824928    
   2.44100547       57.1580963    
   2.44200540       57.2337570    
   2.44300532       57.3094788    
   2.44400525       57.3852577    
   2.44500518       57.4610825    
   2.44600511       57.5369682    
   2.44700503       57.6129189    
   2.44800496       57.6889153    
   2.44900489       57.7649689    
   2.45000482       57.8410835    
   2.45100474       57.9172554    
   2.45200467       57.9934807    
   2.45300460       58.0697632    
   2.45400453       58.1461029    
   2.45500445       58.2224884    
   2.45600438       58.2989502    
   2.45700431       58.3754501    
   2.45800424       58.4520187    
   2.45900416       58.5286369    
   2.46000409       58.6053162    
   2.46100402       58.6820526    
   2.46200395       58.7588425    
   2.46300387       58.8356819    
   2.46400380       58.9125862    
   2.46500373       58.9895477    
   2.46600366       59.0665665    
   2.46700358       59.1436386    
   2.46800351       59.2207642    
   2.46900344       59.2979546    
   2.47000337       59.3751984    
   2.47100329       59.4524956    
   2.47200322       59.5298538    
   2.47300315       59.6072655    
   2.47400308       59.6847382    
   2.47500300       59.7622604    
   2.47600293       59.8398514    
   2.47700286       59.9174843    
   2.47800279       59.9951820    
   2.47900271       60.0729408    
   2.48000264       60.1507454    
   2.48100257       60.2286148    
   2.48200250       60.3065414    
   2.48300242       60.3845215    
   2.48400235       60.4625587    
   2.48500228       60.5406570    
   2.48600221       60.6188087    
   2.48700213       60.6970139    
   2.48800206       60.7752838    
   2.48900199       60.8536034    
   2.49000192       60.9319839    
   2.49100184       61.0104218    
   2.49200177       61.0889130    
   2.49300170       61.1674652    
   2.49400163       61.2460709    
   2.49500155       61.3247375    
   2.49600148       61.4034576    
   2.49700141       61.4822426    
   2.49800134       61.5610809    
   2.49900126       61.6399689    
