   0.00000000       0.00000000    
   1.00000005E-03  0.603754938    
   2.00000009E-03   2.10239005    
   3.00000003E-03   4.36189508    
   4.00000019E-03   7.32085228    
   5.00000035E-03   10.9394493    
   6.00000052E-03   15.1885538    
   7.00000068E-03   20.0453892    
   8.00000038E-03   25.4913483    
   9.00000054E-03   31.5107918    
   1.00000007E-02   38.0902443    
   1.10000009E-02   45.2179222    
   1.20000010E-02   52.8833656    
   1.30000012E-02   61.0771790    
   1.40000014E-02   69.7908630    
   1.50000015E-02   79.0166321    
   1.60000008E-02   88.7473526    
   1.70000009E-02   98.9764404    
   1.80000011E-02   109.697723    
   1.90000013E-02   120.905479    
   2.00000014E-02   132.594330    
   2.10000016E-02   144.759186    
   2.20000017E-02   157.395294    
   2.30000019E-02   170.498123    
   2.40000021E-02   184.063354    
   2.50000022E-02   198.086945    
   2.60000024E-02   212.564880    
   2.70000026E-02   227.493530    
   2.80000027E-02   242.869263    
   2.90000029E-02   258.688629    
   3.00000031E-02   274.948364    
   3.10000032E-02   291.645203    
   3.20000015E-02   308.776123    
   3.29999998E-02   326.338165    
   3.39999981E-02   344.328400    
   3.49999964E-02   362.744141    
   3.59999947E-02   381.582581    
   3.69999930E-02   400.841187    
   3.79999913E-02   420.517365    
   3.89999896E-02   440.608673    
   3.99999879E-02   461.112701    
   4.09999862E-02   482.027069    
   4.19999845E-02   503.349487    
   4.29999828E-02   525.077698    
   4.39999811E-02   547.209656    
   4.49999794E-02   569.743042    
   4.59999777E-02   592.675781    
   4.69999760E-02   616.005981    
   4.79999743E-02   639.731506    
   4.89999726E-02   663.850342    
   4.99999709E-02   688.360718    
   5.09999692E-02   713.260559    
   5.19999675E-02   738.548096    
   5.29999658E-02   764.221619    
   5.39999641E-02   790.279175    
   5.49999624E-02   816.718872    
   5.59999608E-02   843.539307    
   5.69999591E-02   870.738525    
   5.79999574E-02   898.314758    
   5.89999557E-02   926.266663    
   5.99999540E-02   954.592224    
   6.09999523E-02   983.290039    
   6.19999506E-02   1012.35852    
   6.29999489E-02   1041.79614    
   6.39999509E-02   1071.60120    
   6.49999529E-02   1101.77222    
   6.59999549E-02   1132.30750    
   6.69999570E-02   1163.20581    
   6.79999590E-02   1194.46558    
   6.89999610E-02   1226.08521    
   6.99999630E-02   1258.06335    
   7.09999651E-02   1290.39856    
   7.19999671E-02   1323.08936    
   7.29999691E-02   1356.13428    
   7.39999712E-02   1389.53198    
   7.49999732E-02   1423.28125    
   7.59999752E-02   1457.38025    
   7.69999772E-02   1491.82800    
   7.79999793E-02   1526.62305    
   7.89999813E-02   1561.76416    
   7.99999833E-02   1597.24963    
   8.09999853E-02   1633.07861    
   8.19999874E-02   1669.24951    
   8.29999894E-02   1705.76099    
   8.39999914E-02   1742.61182    
   8.49999934E-02   1779.80066    
   8.59999955E-02   1817.32654    
   8.69999975E-02   1855.18774    
   8.79999995E-02   1893.38306    
   8.90000015E-02   1931.91174    
   9.00000036E-02   1970.77197    
   9.10000056E-02   2009.96252    
   9.20000076E-02   2049.48267    
   9.30000097E-02   2089.33032    
   9.40000117E-02   2129.50513    
   9.50000137E-02   2170.00537    
   9.60000157E-02   2210.83032    
   9.70000178E-02   2251.97803    
   9.80000198E-02   2293.44800    
   9.90000218E-02   2335.23853    
  0.100000024       2377.34863    
  0.101000026       2419.77710    
  0.102000028       2462.52271    
  0.103000030       2505.58447    
  0.104000032       2548.96118    
  0.105000034       2592.65137    
  0.106000036       2636.65405    
  0.107000038       2680.96802    
  0.108000040       2725.59253    
  0.109000042       2770.52563    
  0.110000044       2815.76685    
  0.111000046       2861.31470    
  0.112000048       2907.16797    
  0.113000050       2953.32544    
  0.114000052       2999.78711    
  0.115000054       3046.55029    
  0.116000056       3093.61426    
  0.117000058       3140.97852    
  0.118000060       3188.64160    
  0.119000062       3236.60229    
  0.120000064       3284.85913    
  0.121000066       3333.41187    
  0.122000068       3382.25854    
  0.123000070       3431.39844    
  0.124000072       3480.83008    
  0.125000075       3530.55322    
  0.126000077       3580.56567    
  0.127000079       3630.86694    
  0.128000081       3681.45605    
  0.129000083       3732.33130    
  0.130000085       3783.49170    
  0.131000087       3834.93677    
  0.132000089       3886.66504    
  0.133000091       3938.67529    
  0.134000093       3990.96655    
  0.135000095       4043.53760    
  0.136000097       4096.38721    
  0.137000099       4149.51465    
  0.138000101       4202.91846    
  0.139000103       4256.59814    
  0.140000105       4310.55176    
  0.141000107       4364.77881    
  0.142000109       4419.27783    
  0.143000111       4474.04834    
  0.144000113       4529.08838    
  0.145000115       4584.39795    
  0.146000117       4639.97510    
  0.147000119       4695.81836    
  0.148000121       4751.92773    
  0.149000123       4808.30176    
  0.150000125       4864.93896    
  0.151000127       4921.83887    
  0.152000129       4978.99951    
  0.153000131       5036.42090    
  0.154000133       5094.10107    
  0.155000135       5152.03955    
  0.156000137       5210.23438    
  0.157000139       5268.68604    
  0.158000141       5327.39111    
  0.159000143       5386.35107    
  0.160000145       5445.56201    
  0.161000147       5505.02588    
  0.162000149       5564.73975    
  0.163000152       5624.70312    
  0.164000154       5684.91504    
  0.165000156       5745.37305    
  0.166000158       5806.07715    
  0.167000160       5867.02686    
  0.168000162       5928.22021    
  0.169000164       5989.65625    
  0.170000166       6051.33398    
  0.171000168       6113.25195    
  0.172000170       6175.41064    
  0.173000172       6237.80664    
  0.174000174       6300.44043    
  0.175000176       6363.31055    
  0.176000178       6426.41602    
  0.177000180       6489.75439    
  0.178000182       6553.32666    
  0.179000184       6617.13086    
  0.180000186       6681.16504    
  0.181000188       6745.43066    
  0.182000190       6809.92334    
  0.183000192       6874.64404    
  0.184000194       6939.59131    
  0.185000196       7004.76318    
  0.186000198       7070.16016    
  0.187000200       7135.77930    
  0.188000202       7201.62109    
  0.189000204       7267.68457    
  0.190000206       7333.96680    
  0.191000208       7400.46777    
  0.192000210       7467.18750    
  0.193000212       7534.12305    
  0.194000214       7601.27344    
  0.195000216       7668.63867    
  0.196000218       7736.21729    
  0.197000220       7804.00879    
  0.198000222       7872.00977    
  0.199000224       7940.22266    
  0.200000226       8008.64307    
  0.201000229       8077.27197    
  0.202000231       8146.10742    
  0.203000233       8215.14746    
  0.204000235       8284.39160    
  0.205000237       8353.84082    
  0.206000239       8423.49121    
  0.207000241       8493.34277    
  0.208000243       8563.39551    
  0.209000245       8633.64648    
  0.210000247       8704.09375    
  0.211000249       8774.74023    
  0.212000251       8845.58008    
  0.213000253       8916.61523    
  0.214000255       8987.84473    
  0.215000257       9059.26562    
  0.216000259       9130.87695    
  0.217000261       9202.67969    
  0.218000263       9274.66992    
  0.219000265       9346.84961    
  0.220000267       9419.21387    
  0.221000269       9491.76465    
  0.222000271       9564.50098    
  0.223000273       9637.41992    
  0.224000275       9710.52051    
  0.225000277       9783.80371    
  0.226000279       9857.26465    
  0.227000281       9930.90625    
  0.228000283       10004.7246    
  0.229000285       10078.7197    
  0.230000287       10152.8906    
  0.231000289       10227.2354    
  0.232000291       10301.7539    
  0.233000293       10376.4453    
  0.234000295       10451.3057    
  0.235000297       10526.3369    
  0.236000299       10601.5371    
  0.237000301       10676.9043    
  0.238000304       10752.4375    
  0.239000306       10828.1367    
  0.240000308       10904.0010    
  0.241000310       10980.0283    
  0.242000312       11056.2168    
  0.243000314       11132.5654    
  0.244000316       11209.0752    
  0.245000318       11285.7422    
  0.246000320       11362.5684    
  0.247000322       11439.5488    
  0.248000324       11516.6846    
  0.249000326       11593.9756    
  0.250000328       11671.4199    
  0.251000315       11749.0127    
  0.252000302       11826.7578    
  0.253000289       11904.6523    
  0.254000276       11982.6943    
  0.255000263       12060.8828    
  0.256000251       12139.2188    
  0.257000238       12217.6992    
  0.258000225       12296.3232    
  0.259000212       12375.0898    
  0.260000199       12453.9980    
  0.261000186       12533.0459    
  0.262000173       12612.2344    
  0.263000160       12691.5586    
  0.264000148       12771.0215    
  0.265000135       12850.6201    
  0.266000122       12930.3516    
  0.267000109       13010.2188    
  0.268000096       13090.2168    
  0.269000083       13170.3467    
  0.270000070       13250.6064    
  0.271000057       13330.9941    
  0.272000045       13411.5098    
  0.273000032       13492.1523    
  0.274000019       13572.9209    
  0.275000006       13653.8125    
  0.275999993       13734.8281    
  0.276999980       13815.9639    
  0.277999967       13897.2227    
  0.278999954       13978.6006    
  0.279999942       14060.0947    
  0.280999929       14141.7090    
  0.281999916       14223.4365    
  0.282999903       14305.2812    
  0.283999890       14387.2393    
  0.284999877       14469.3096    
  0.285999864       14551.4922    
  0.286999851       14633.7842    
  0.287999839       14716.1855    
  0.288999826       14798.6943    
  0.289999813       14881.3105    
  0.290999800       14964.0332    
  0.291999787       15046.8613    
  0.292999774       15129.7891    
  0.293999761       15212.8203    
  0.294999748       15295.9551    
  0.295999736       15379.1875    
  0.296999723       15462.5195    
  0.297999710       15545.9482    
  0.298999697       15629.4746    
  0.299999684       15713.0957    
  0.300999671       15796.8096    
  0.301999658       15880.6162    
  0.302999645       15964.5166    
  0.303999633       16048.5049    
  0.304999620       16132.5859    
  0.305999607       16216.7529    
  0.306999594       16301.0059    
  0.307999581       16385.3477    
  0.308999568       16469.7715    
  0.309999555       16554.2793    
  0.310999542       16638.8711    
  0.311999530       16723.5430    
  0.312999517       16808.2949    
  0.313999504       16893.1250    
  0.314999491       16978.0332    
  0.315999478       17063.0195    
  0.316999465       17148.0801    
  0.317999452       17233.2129    
  0.318999439       17318.4199    
  0.319999427       17403.6992    
  0.320999414       17489.0508    
  0.321999401       17574.4688    
  0.322999388       17659.9551    
  0.323999375       17745.5117    
  0.324999362       17831.1328    
  0.325999349       17916.8184    
  0.326999336       18002.5664    
  0.327999324       18088.3770    
  0.328999311       18174.2500    
  0.329999298       18260.1836    
  0.330999285       18346.1738    
  0.331999272       18432.2227    
  0.332999259       18518.3301    
  0.333999246       18604.4902    
  0.334999233       18690.7051    
  0.335999221       18776.9727    
  0.336999208       18863.2930    
  0.337999195       18949.6641    
  0.338999182       19036.0840    
  0.339999169       19122.5547    
  0.340999156       19209.0703    
  0.341999143       19295.6328    
  0.342999130       19382.2402    
  0.343999118       19468.8887    
  0.344999105       19555.5801    
  0.345999092       19642.3164    
  0.346999079       19729.0898    
  0.347999066       19815.9004    
  0.348999053       19902.7539    
  0.349999040       19989.6406    
  0.350999027       20076.5645    
  0.351999015       20163.5195    
  0.352999002       20250.5098    
  0.353998989       20337.5332    
  0.354998976       20424.5840    
  0.355998963       20511.6660    
  0.356998950       20598.7754    
  0.357998937       20685.9141    
  0.358998924       20773.0781    
  0.359998912       20860.2656    
  0.360998899       20947.4785    
  0.361998886       21034.7109    
  0.362998873       21121.9688    
  0.363998860       21209.2461    
  0.364998847       21296.5391    
  0.365998834       21383.8516    
  0.366998821       21471.1797    
  0.367998809       21558.5273    
  0.368998796       21645.8867    
  0.369998783       21733.2578    
  0.370998770       21820.6426    
  0.371998757       21908.0391    
  0.372998744       21995.4434    
  0.373998731       22082.8555    
  0.374998719       22170.2734    
  0.375998706       22257.7012    
  0.376998693       22345.1328    
  0.377998680       22432.5684    
  0.378998667       22520.0039    
  0.379998654       22607.4453    
  0.380998641       22694.8848    
  0.381998628       22782.3223    
  0.382998616       22869.7598    
  0.383998603       22957.1934    
  0.384998590       23044.6191    
  0.385998577       23132.0430    
  0.386998564       23219.4590    
  0.387998551       23306.8672    
  0.388998538       23394.2676    
  0.389998525       23481.6562    
  0.390998513       23569.0352    
  0.391998500       23656.3984    
  0.392998487       23743.7520    
  0.393998474       23831.0898    
  0.394998461       23918.4082    
  0.395998448       24005.7109    
  0.396998435       24092.9941    
  0.397998422       24180.2617    
  0.398998410       24267.5039    
  0.399998397       24354.7305    
  0.400998384       24441.9297    
  0.401998371       24529.1035    
  0.402998358       24616.2578    
  0.403998345       24703.3809    
  0.404998332       24790.4766    
  0.405998319       24877.5449    
  0.406998307       24964.5820    
  0.407998294       25051.5879    
  0.408998281       25138.5625    
  0.409998268       25225.5039    
  0.410998255       25312.4121    
  0.411998242       25399.2812    
  0.412998229       25486.1133    
  0.413998216       25572.9102    
  0.414998204       25659.6680    
  0.415998191       25746.3867    
  0.416998178       25833.0586    
  0.417998165       25919.6934    
  0.418998152       26006.2852    
  0.419998139       26092.8281    
  0.420998126       26179.3262    
  0.421998113       26265.7793    
  0.422998101       26352.1816    
  0.423998088       26438.5352    
  0.424998075       26524.8398    
  0.425998062       26611.0918    
  0.426998049       26697.2910    
  0.427998036       26783.4355    
  0.428998023       26869.5234    
  0.429998010       26955.5586    
  0.430997998       27041.5312    
  0.431997985       27127.4531    
  0.432997972       27213.3125    
  0.433997959       27299.1094    
  0.434997946       27384.8438    
  0.435997933       27470.5156    
  0.436997920       27556.1211    
  0.437997907       27641.6680    
  0.438997895       27727.1445    
  0.439997882       27812.5547    
  0.440997869       27897.8945    
  0.441997856       27983.1680    
  0.442997843       28068.3652    
  0.443997830       28153.4961    
  0.444997817       28238.5508    
  0.445997804       28323.5332    
  0.446997792       28408.4414    
  0.447997779       28493.2695    
  0.448997766       28578.0215    
  0.449997753       28662.6953    
  0.450997740       28747.2891    
  0.451997727       28831.8047    
  0.452997714       28916.2344    
  0.453997701       29000.5840    
  0.454997689       29084.8477    
  0.455997676       29169.0273    
  0.456997663       29253.1191    
  0.457997650       29337.1211    
  0.458997637       29421.0391    
  0.459997624       29504.8652    
  0.460997611       29588.6035    
  0.461997598       29672.2461    
  0.462997586       29755.7969    
  0.463997573       29839.2539    
  0.464997560       29922.6172    
  0.465997547       30005.8828    
  0.466997534       30089.0527    
  0.467997521       30172.1250    
  0.468997508       30255.0957    
  0.469997495       30337.9629    
  0.470997483       30420.7324    
  0.471997470       30503.3984    
  0.472997457       30585.9629    
  0.473997444       30668.4199    
  0.474997431       30750.7734    
  0.475997418       30833.0156    
  0.476997405       30915.1523    
  0.477997392       30997.1797    
  0.478997380       31079.0977    
  0.479997367       31160.9062    
  0.480997354       31242.5977    
  0.481997341       31324.1758    
  0.482997328       31405.6426    
  0.483997315       31486.9922    
  0.484997302       31568.2305    
  0.485997289       31649.3438    
  0.486997277       31730.3418    
  0.487997264       31811.2188    
  0.488997251       31891.9746    
  0.489997238       31972.6094    
  0.490997225       32053.1230    
  0.491997212       32133.5117    
  0.492997199       32213.7773    
  0.493997186       32293.9102    
  0.494997174       32373.9238    
  0.495997161       32453.8047    
  0.496997148       32533.5586    
  0.497997135       32613.1797    
  0.498997122       32692.6680    
  0.499997109       32772.0312    
  0.500997126       32851.2578    
  0.501997113       32930.3477    
  0.502997100       33009.3008    
  0.503997087       33088.1250    
  0.504997075       33166.8047    
  0.505997062       33245.3477    
  0.506997049       33323.7578    
  0.507997036       33402.0195    
  0.508997023       33480.1406    
  0.509997010       33558.1211    
  0.510996997       33635.9609    
  0.511996984       33713.6484    
  0.512996972       33791.1953    
  0.513996959       33868.5938    
  0.514996946       33945.8477    
  0.515996933       34022.9570    
  0.516996920       34099.9141    
  0.517996907       34176.7109    
  0.518996894       34253.3672    
  0.519996881       34329.8672    
  0.520996869       34406.2109    
  0.521996856       34482.4062    
  0.522996843       34558.4453    
  0.523996830       34634.3203    
  0.524996817       34710.0430    
  0.525996804       34785.6055    
  0.526996791       34861.0117    
  0.527996778       34936.2578    
  0.528996766       35011.3398    
  0.529996753       35086.2656    
  0.530996740       35161.0195    
  0.531996727       35235.6133    
  0.532996714       35310.0391    
  0.533996701       35384.3086    
  0.534996688       35458.3984    
  0.535996675       35532.3281    
  0.536996663       35606.0820    
  0.537996650       35679.6680    
  0.538996637       35753.0859    
  0.539996624       35826.3359    
  0.540996611       35899.4062    
  0.541996598       35972.3047    
  0.542996585       36045.0273    
  0.543996572       36117.5742    
  0.544996560       36189.9492    
  0.545996547       36262.1367    
  0.546996534       36334.1523    
  0.547996521       36405.9922    
  0.548996508       36477.6445    
  0.549996495       36549.1172    
  0.550996482       36620.4141    
  0.551996469       36691.5234    
  0.552996457       36762.4492    
  0.553996444       36833.1875    
  0.554996431       36903.7422    
  0.555996418       36974.1094    
  0.556996405       37044.2891    
  0.557996392       37114.2812    
  0.558996379       37184.0820    
  0.559996367       37253.6953    
  0.560996354       37323.1133    
  0.561996341       37392.3438    
  0.562996328       37461.3789    
  0.563996315       37530.2188    
  0.564996302       37598.8672    
  0.565996289       37667.3164    
  0.566996276       37735.5742    
  0.567996264       37803.6250    
  0.568996251       37871.4844    
  0.569996238       37939.1445    
  0.570996225       38006.6055    
  0.571996212       38073.8633    
  0.572996199       38140.9141    
  0.573996186       38207.7734    
  0.574996173       38274.4219    
  0.575996161       38340.8672    
  0.576996148       38407.1055    
  0.577996135       38473.1406    
  0.578996122       38538.9688    
  0.579996109       38604.5898    
  0.580996096       38670.0000    
  0.581996083       38735.2031    
  0.582996070       38800.1953    
  0.583996058       38864.9688    
  0.584996045       38929.5391    
  0.585996032       38993.8945    
  0.586996019       39058.0352    
  0.587996006       39121.9609    
  0.588995993       39185.6719    
  0.589995980       39249.1719    
  0.590995967       39312.4492    
  0.591995955       39375.5156    
  0.592995942       39438.3516    
  0.593995929       39500.9766    
  0.594995916       39563.3789    
  0.595995903       39625.5625    
  0.596995890       39687.5195    
  0.597995877       39749.2578    
  0.598995864       39810.7734    
  0.599995852       39872.0625    
  0.600995839       39933.1328    
  0.601995826       39993.9688    
  0.602995813       40054.5820    
  0.603995800       40114.9688    
  0.604995787       40175.1250    
  0.605995774       40235.0547    
  0.606995761       40294.7539    
  0.607995749       40354.2266    
  0.608995736       40413.4688    
  0.609995723       40472.4688    
  0.610995710       40531.2461    
  0.611995697       40589.7852    
  0.612995684       40648.0938    
  0.613995671       40706.1641    
  0.614995658       40764.0000    
  0.615995646       40821.5977    
  0.616995633       40878.9609    
  0.617995620       40936.0859    
  0.618995607       40992.9688    
  0.619995594       41049.6172    
  0.620995581       41106.0273    
  0.621995568       41162.1953    
  0.622995555       41218.1172    
  0.623995543       41273.8008    
  0.624995530       41329.2422    
  0.625995517       41384.4375    
  0.626995504       41439.3945    
  0.627995491       41494.1016    
  0.628995478       41548.5664    
  0.629995465       41602.7734    
  0.630995452       41656.7422    
  0.631995440       41710.4727    
  0.632995427       41763.9375    
  0.633995414       41817.1641    
  0.634995401       41870.1367    
  0.635995388       41922.8672    
  0.636995375       41975.3359    
  0.637995362       42027.5547    
  0.638995349       42079.5195    
  0.639995337       42131.2344    
  0.640995324       42182.6953    
  0.641995311       42233.9023    
  0.642995298       42284.8594    
  0.643995285       42335.5547    
  0.644995272       42385.9922    
  0.645995259       42436.1758    
  0.646995246       42486.1094    
  0.647995234       42535.7734    
  0.648995221       42585.1797    
  0.649995208       42634.3281    
  0.650995195       42683.2188    
  0.651995182       42731.8516    
  0.652995169       42780.2188    
  0.653995156       42828.3203    
  0.654995143       42876.1602    
  0.655995131       42923.7461    
  0.656995118       42971.0547    
  0.657995105       43018.1016    
  0.658995092       43064.8945    
  0.659995079       43111.4141    
  0.660995066       43157.6680    
  0.661995053       43203.6562    
  0.662995040       43249.3867    
  0.663995028       43294.8320    
  0.664995015       43340.0195    
  0.665995002       43384.9336    
  0.666994989       43429.5742    
  0.667994976       43473.9531    
  0.668994963       43518.0625    
  0.669994950       43561.8906    
  0.670994937       43605.4570    
  0.671994925       43648.7461    
  0.672994912       43691.7578    
  0.673994899       43734.5078    
  0.674994886       43776.9766    
  0.675994873       43819.1719    
  0.676994860       43861.0938    
  0.677994847       43902.7344    
  0.678994834       43944.1055    
  0.679994822       43985.1953    
  0.680994809       44026.0117    
  0.681994796       44066.5430    
  0.682994783       44106.8047    
  0.683994770       44146.7773    
  0.684994757       44186.4922    
  0.685994744       44225.9102    
  0.686994731       44265.0508    
  0.687994719       44303.9102    
  0.688994706       44342.4961    
  0.689994693       44380.7891    
  0.690994680       44418.8086    
  0.691994667       44456.5430    
  0.692994654       44493.9883    
  0.693994641       44531.1562    
  0.694994628       44568.0391    
  0.695994616       44604.6406    
  0.696994603       44640.9570    
  0.697994590       44676.9844    
  0.698994577       44712.7344    
  0.699994564       44748.1914    
  0.700994551       44783.3594    
  0.701994538       44818.2500    
  0.702994525       44852.8438    
  0.703994513       44887.1562    
  0.704994500       44921.1719    
  0.705994487       44954.9023    
  0.706994474       44988.3516    
  0.707994461       45021.5039    
  0.708994448       45054.3672    
  0.709994435       45086.9375    
  0.710994422       45119.2266    
  0.711994410       45151.2188    
  0.712994397       45182.9219    
  0.713994384       45214.3320    
  0.714994371       45245.4414    
  0.715994358       45276.2695    
  0.716994345       45306.7969    
  0.717994332       45337.0352    
  0.718994319       45366.9727    
  0.719994307       45396.6250    
  0.720994294       45425.9805    
  0.721994281       45455.0469    
  0.722994268       45483.8047    
  0.723994255       45512.2734    
  0.724994242       45540.4570    
  0.725994229       45568.3281    
  0.726994216       45595.9102    
  0.727994204       45623.1914    
  0.728994191       45650.1875    
  0.729994178       45676.8672    
  0.730994165       45703.2695    
  0.731994152       45729.3633    
  0.732994139       45755.1523    
  0.733994126       45780.6562    
  0.734994113       45805.8516    
  0.735994101       45830.7578    
  0.736994088       45855.3516    
  0.737994075       45879.6484    
  0.738994062       45903.6523    
  0.739994049       45927.3438    
  0.740994036       45950.7383    
  0.741994023       45973.8438    
  0.742994010       45996.6328    
  0.743993998       46019.1328    
  0.744993985       46041.3242    
  0.745993972       46063.2070    
  0.746993959       46084.8008    
  0.747993946       46106.0938    
  0.748993933       46127.0781    
  0.749993920       46147.7539    
  0.750993907       46168.1328    
  0.751993895       46188.2109    
  0.752993882       46207.9766    
  0.753993869       46227.4375    
  0.754993856       46246.6055    
  0.755993843       46265.4609    
  0.756993830       46284.0156    
  0.757993817       46302.2656    
  0.758993804       46320.2031    
  0.759993792       46337.8477    
  0.760993779       46355.1797    
  0.761993766       46372.2031    
  0.762993753       46388.9297    
  0.763993740       46405.3477    
  0.764993727       46421.4570    
  0.765993714       46437.2617    
  0.766993701       46452.7617    
  0.767993689       46467.9492    
  0.768993676       46482.8281    
  0.769993663       46497.4141    
  0.770993650       46511.6875    
  0.771993637       46525.6445    
  0.772993624       46539.3086    
  0.773993611       46552.6523    
  0.774993598       46565.6953    
  0.775993586       46578.4297    
  0.776993573       46590.8594    
  0.777993560       46602.9766    
  0.778993547       46614.7852    
  0.779993534       46626.2852    
  0.780993521       46637.4922    
  0.781993508       46648.3672    
  0.782993495       46658.9492    
  0.783993483       46669.2109    
  0.784993470       46679.1719    
  0.785993457       46688.8359    
  0.786993444       46698.1836    
  0.787993431       46707.2109    
  0.788993418       46715.9336    
  0.789993405       46724.3594    
  0.790993392       46732.4609    
  0.791993380       46740.2656    
  0.792993367       46747.7461    
  0.793993354       46754.9297    
  0.794993341       46761.7930    
  0.795993328       46768.3672    
  0.796993315       46774.6172    
  0.797993302       46780.5625    
  0.798993289       46786.1953    
  0.799993277       46791.5312    
  0.800993264       46796.5430    
  0.801993251       46801.2500    
  0.802993238       46805.6406    
  0.803993225       46809.7422    
  0.804993212       46813.5234    
  0.805993199       46816.9805    
  0.806993186       46820.1406    
  0.807993174       46822.9961    
  0.808993161       46825.5391    
  0.809993148       46827.7734    
  0.810993135       46829.7031    
  0.811993122       46831.3047    
  0.812993109       46832.6250    
  0.813993096       46833.6250    
  0.814993083       46834.2891    
  0.815993071       46834.6836    
  0.816993058       46834.7422    
  0.817993045       46834.5039    
  0.818993032       46833.9648    
  0.819993019       46833.1094    
  0.820993006       46831.9492    
  0.821992993       46830.4609    
  0.822992980       46828.6836    
  0.823992968       46826.6016    
  0.824992955       46824.1953    
  0.825992942       46821.4883    
  0.826992929       46818.4648    
  0.827992916       46815.1406    
  0.828992903       46811.5117    
  0.829992890       46807.5781    
  0.830992877       46803.3242    
  0.831992865       46798.7852    
  0.832992852       46793.9141    
  0.833992839       46788.7500    
  0.834992826       46783.2656    
  0.835992813       46777.4805    
  0.836992800       46771.3906    
  0.837992787       46765.0000    
  0.838992774       46758.2852    
  0.839992762       46751.2891    
  0.840992749       46743.9688    
  0.841992736       46736.3594    
  0.842992723       46728.4297    
  0.843992710       46720.1875    
  0.844992697       46711.6602    
  0.845992684       46702.8047    
  0.846992671       46693.6562    
  0.847992659       46684.2109    
  0.848992646       46674.4531    
  0.849992633       46664.3750    
  0.850992620       46654.0156    
  0.851992607       46643.3359    
  0.852992594       46632.3750    
  0.853992581       46621.0859    
  0.854992568       46609.5156    
  0.855992556       46597.6250    
  0.856992543       46585.4375    
  0.857992530       46572.9453    
  0.858992517       46560.1562    
  0.859992504       46547.0547    
  0.860992491       46533.6562    
  0.861992478       46519.9688    
  0.862992465       46505.9688    
  0.863992453       46491.6641    
  0.864992440       46477.0625    
  0.865992427       46462.1641    
  0.866992414       46446.9531    
  0.867992401       46431.4531    
  0.868992388       46415.6562    
  0.869992375       46399.5469    
  0.870992362       46383.1406    
  0.871992350       46366.4531    
  0.872992337       46349.4375    
  0.873992324       46332.1484    
  0.874992311       46314.5625    
  0.875992298       46296.6641    
  0.876992285       46278.4766    
  0.877992272       46259.9922    
  0.878992260       46241.2031    
  0.879992247       46222.1328    
  0.880992234       46202.7422    
  0.881992221       46183.0703    
  0.882992208       46163.1250    
  0.883992195       46142.8594    
  0.884992182       46122.3047    
  0.885992169       46101.4609    
  0.886992157       46080.3203    
  0.887992144       46058.8828    
  0.888992131       46037.1562    
  0.889992118       46015.1328    
  0.890992105       45992.8203    
  0.891992092       45970.2109    
  0.892992079       45947.3203    
  0.893992066       45924.1328    
  0.894992054       45900.6641    
  0.895992041       45876.8906    
  0.896992028       45852.8359    
  0.897992015       45828.4922    
  0.898992002       45803.8672    
  0.899991989       45778.9453    
  0.900991976       45753.7344    
  0.901991963       45728.2266    
  0.902991951       45702.4375    
  0.903991938       45676.3672    
  0.904991925       45650.0156    
  0.905991912       45623.3672    
  0.906991899       45596.4453    
  0.907991886       45569.2188    
  0.908991873       45541.7266    
  0.909991860       45513.9531    
  0.910991848       45485.8984    
  0.911991835       45457.5312    
  0.912991822       45428.9062    
  0.913991809       45400.0000    
  0.914991796       45370.8047    
  0.915991783       45341.3359    
  0.916991770       45311.5781    
  0.917991757       45281.5469    
  0.918991745       45251.2344    
  0.919991732       45220.6484    
  0.920991719       45189.7656    
  0.921991706       45158.6172    
  0.922991693       45127.2031    
  0.923991680       45095.5000    
  0.924991667       45063.5234    
  0.925991654       45031.2656    
  0.926991642       44998.7500    
  0.927991629       44965.9297    
  0.928991616       44932.8750    
  0.929991603       44899.5156    
  0.930991590       44865.8906    
  0.931991577       44832.0000    
  0.932991564       44797.8438    
  0.933991551       44763.3984    
  0.934991539       44728.7031    
  0.935991526       44693.7188    
  0.936991513       44658.4922    
  0.937991500       44622.9844    
  0.938991487       44587.1875    
  0.939991474       44551.1406    
  0.940991461       44514.8281    
  0.941991448       44478.2578    
  0.942991436       44441.4062    
  0.943991423       44404.2969    
  0.944991410       44366.9219    
  0.945991397       44329.2812    
  0.946991384       44291.3750    
  0.947991371       44253.2109    
  0.948991358       44214.8125    
  0.949991345       44176.0938    
  0.950991333       44137.1562    
  0.951991320       44097.9688    
  0.952991307       44058.5078    
  0.953991294       44018.7656    
  0.954991281       43978.7891    
  0.955991268       43938.5781    
  0.956991255       43898.0469    
  0.957991242       43857.3203    
  0.958991230       43816.3125    
  0.959991217       43775.0469    
  0.960991204       43733.5625    
  0.961991191       43691.7812    
  0.962991178       43649.7656    
  0.963991165       43607.5156    
  0.964991152       43565.0000    
  0.965991139       43522.2266    
  0.966991127       43479.2188    
  0.967991114       43435.9453    
  0.968991101       43392.4375    
  0.969991088       43348.6719    
  0.970991075       43304.6641    
  0.971991062       43260.4219    
  0.972991049       43215.9219    
  0.973991036       43171.2109    
  0.974991024       43126.2188    
  0.975991011       43080.9922    
  0.976990998       43035.5312    
  0.977990985       42989.8359    
  0.978990972       42943.8906    
  0.979990959       42897.7031    
  0.980990946       42851.2812    
  0.981990933       42804.6172    
  0.982990921       42757.7266    
  0.983990908       42710.5938    
  0.984990895       42663.2344    
  0.985990882       42615.6328    
  0.986990869       42567.8047    
  0.987990856       42519.7266    
  0.988990843       42471.4297    
  0.989990830       42422.8906    
  0.990990818       42374.1562    
  0.991990805       42325.1562    
  0.992990792       42275.9219    
  0.993990779       42226.5000    
  0.994990766       42176.8125    
  0.995990753       42126.9375    
  0.996990740       42076.8047    
  0.997990727       42026.4609    
  0.998990715       41975.8906    
  0.999990702       41925.0859    
   1.00099075       41874.0781    
   1.00199080       41822.8516    
   1.00299084       41771.3906    
   1.00399089       41719.7109    
   1.00499094       41667.8125    
   1.00599098       41615.7109    
   1.00699103       41563.3594    
   1.00799108       41510.8281    
   1.00899112       41458.0781    
   1.00999117       41405.1172    
   1.01099122       41351.9297    
   1.01199126       41298.5312    
   1.01299131       41244.9219    
   1.01399136       41191.1328    
   1.01499140       41137.0703    
   1.01599145       41082.8594    
   1.01699150       41028.4219    
   1.01799154       40973.7812    
   1.01899159       40918.9219    
   1.01999164       40863.8750    
   1.02099168       40808.6250    
   1.02199173       40753.1562    
   1.02299178       40697.5000    
   1.02399182       40641.6250    
   1.02499187       40585.5938    
   1.02599192       40529.3359    
   1.02699196       40472.8594    
   1.02799201       40416.2109    
   1.02899206       40359.3984    
   1.02999210       40302.3359    
   1.03099215       40245.1172    
   1.03199220       40187.6562    
   1.03299224       40130.0469    
   1.03399229       40072.2578    
   1.03499234       40014.2500    
   1.03599238       39956.0703    
   1.03699243       39897.6875    
   1.03799248       39839.1328    
   1.03899252       39780.3828    
   1.03999257       39721.4844    
   1.04099262       39662.3594    
   1.04199266       39603.0547    
   1.04299271       39543.5938    
   1.04399276       39483.9453    
   1.04499280       39424.1016    
   1.04599285       39364.0938    
   1.04699290       39303.9141    
   1.04799294       39243.5312    
   1.04899299       39183.0234    
   1.04999304       39122.3125    
   1.05099308       39061.3906    
   1.05199313       39000.3438    
   1.05299318       38939.1250    
   1.05399323       38877.7188    
   1.05499327       38816.1406    
   1.05599332       38754.4453    
   1.05699337       38692.5547    
   1.05799341       38630.4688    
   1.05899346       38568.2422    
   1.05999351       38505.8672    
   1.06099355       38443.3125    
   1.06199360       38380.6016    
   1.06299365       38317.7266    
   1.06399369       38254.7188    
   1.06499374       38191.5156    
   1.06599379       38128.1875    
   1.06699383       38064.6875    
   1.06799388       38001.0469    
   1.06899393       37937.2656    
   1.06999397       37873.2969    
   1.07099402       37809.2031    
   1.07199407       37744.9531    
   1.07299411       37680.5469    
   1.07399416       37616.0000    
   1.07499421       37551.2969    
   1.07599425       37486.4688    
   1.07699430       37421.4844    
   1.07799435       37356.3438    
   1.07899439       37291.1250    
   1.07999444       37225.7344    
   1.08099449       37160.2031    
   1.08199453       37094.5156    
   1.08299458       37028.7031    
   1.08399463       36962.7344    
   1.08499467       36896.6562    
   1.08599472       36830.4531    
   1.08699477       36764.1250    
   1.08799481       36697.6250    
   1.08899486       36631.0312    
   1.08999491       36564.2969    
   1.09099495       36497.4375    
   1.09199500       36430.4375    
   1.09299505       36363.3438    
   1.09399509       36296.0938    
   1.09499514       36228.7969    
   1.09599519       36161.2969    
   1.09699523       36093.7031    
   1.09799528       36026.0000    
   1.09899533       35958.1875    
   1.09999537       35890.2031    
   1.10099542       35822.1719    
   1.10199547       35754.0000    
   1.10299551       35685.7344    
   1.10399556       35617.3438    
   1.10499561       35548.8438    
   1.10599566       35480.2344    
   1.10699570       35411.5312    
   1.10799575       35342.7188    
   1.10899580       35273.7969    
   1.10999584       35204.7812    
   1.11099589       35135.6562    
   1.11199594       35066.4062    
   1.11299598       34997.0938    
   1.11399603       34927.6562    
   1.11499608       34858.1562    
   1.11599612       34788.5469    
   1.11699617       34718.8281    
   1.11799622       34649.0625    
   1.11899626       34579.1719    
   1.11999631       34509.1875    
   1.12099636       34439.1250    
   1.12199640       34368.9688    
   1.12299645       34298.7500    
   1.12399650       34228.4219    
   1.12499654       34157.9688    
   1.12599659       34087.5312    
   1.12699664       34016.9219    
   1.12799668       33946.2969    
   1.12899673       33875.5938    
   1.12999678       33804.7656    
   1.13099682       33733.9375    
   1.13199687       33662.9531    
   1.13299692       33591.9375    
   1.13399696       33520.8594    
   1.13499701       33449.7031    
   1.13599706       33378.4844    
   1.13699710       33307.1875    
   1.13799715       33235.8281    
   1.13899720       33164.3906    
   1.13999724       33092.9062    
   1.14099729       33021.3750    
   1.14199734       32949.7344    
   1.14299738       32878.0781    
   1.14399743       32806.3906    
   1.14499748       32734.6250    
   1.14599752       32662.7656    
   1.14699757       32590.8594    
   1.14799762       32518.9375    
   1.14899766       32446.9688    
   1.14999771       32374.9375    
   1.15099776       32302.8438    
   1.15199780       32230.7344    
   1.15299785       32158.5312    
   1.15399790       32086.3281    
   1.15499794       32014.0781    
   1.15599799       31941.7969    
   1.15699804       31869.4375    
   1.15799809       31797.0938    
   1.15899813       31724.6719    
   1.15999818       31652.2188    
   1.16099823       31579.7500    
   1.16199827       31507.2500    
   1.16299832       31434.7031    
   1.16399837       31362.1406    
   1.16499841       31289.5312    
   1.16599846       31216.9375    
   1.16699851       31144.2969    
   1.16799855       31071.6250    
   1.16899860       30998.9219    
   1.16999865       30926.2656    
   1.17099869       30853.5312    
   1.17199874       30780.7812    
   1.17299879       30708.0469    
   1.17399883       30635.2500    
   1.17499888       30562.4688    
   1.17599893       30489.6562    
   1.17699897       30416.8750    
   1.17799902       30344.0625    
   1.17899907       30271.2500    
   1.17999911       30198.4375    
   1.18099916       30125.5938    
   1.18199921       30052.7500    
   1.18299925       29979.9219    
   1.18399930       29907.0781    
   1.18499935       29834.2500    
   1.18599939       29761.4375    
   1.18699944       29688.6406    
   1.18799949       29615.8281    
   1.18899953       29543.0156    
   1.18999958       29470.2188    
   1.19099963       29397.4531    
   1.19199967       29324.7031    
   1.19299972       29251.9219    
   1.19399977       29179.1719    
   1.19499981       29106.4844    
   1.19599986       29033.7500    
   1.19699991       28961.0938    
   1.19799995       28888.4375    
   1.19900000       28815.7812    
   1.20000005       28743.1719    
   1.20100009       28670.6094    
   1.20200014       28598.0781    
   1.20300019       28525.5469    
   1.20400023       28453.0469    
   1.20500028       28380.5781    
   1.20600033       28308.1406    
   1.20700037       28235.7656    
   1.20800042       28163.4062    
   1.20900047       28091.0938    
   1.21000051       28018.8281    
   1.21100056       27946.5938    
   1.21200061       27874.4219    
   1.21300066       27802.2500    
   1.21400070       27730.1562    
   1.21500075       27658.1406    
   1.21600080       27586.1250    
   1.21700084       27514.2031    
   1.21800089       27442.2969    
   1.21900094       27370.4531    
   1.22000098       27298.7188    
   1.22100103       27226.9844    
   1.22200108       27155.3125    
   1.22300112       27083.7031    
   1.22400117       27012.1562    
   1.22500122       26940.6719    
   1.22600126       26869.2812    
   1.22700131       26797.9219    
   1.22800136       26726.6562    
   1.22900140       26655.4688    
   1.23000145       26584.3281    
   1.23100150       26513.2812    
   1.23200154       26442.2969    
   1.23300159       26371.4062    
   1.23400164       26300.5625    
   1.23500168       26229.8281    
   1.23600173       26159.1719    
   1.23700178       26088.5625    
   1.23800182       26018.0938    
   1.23900187       25947.6250    
   1.24000192       25877.3750    
   1.24100196       25807.0938    
   1.24200201       25737.0000    
   1.24300206       25666.9375    
   1.24400210       25596.9688    
   1.24500215       25527.1250    
   1.24600220       25457.4062    
   1.24700224       25387.7344    
   1.24800229       25318.1719    
   1.24900234       25248.6875    
   1.25000238       25179.3750    
   1.25100243       25110.0938    
   1.25200248       25040.9844    
   1.25300252       24971.9688    
   1.25400257       24903.0625    
   1.25500262       24834.2500    
   1.25600266       24765.5469    
   1.25700271       24697.0156    
   1.25800276       24628.5625    
   1.25900280       24560.2500    
   1.26000285       24492.0156    
   1.26100290       24423.8750    
   1.26200294       24355.9688    
   1.26300299       24288.1250    
   1.26400304       24220.3750    
   1.26500309       24152.8281    
   1.26600313       24085.3594    
   1.26700318       24018.0625    
   1.26800323       23950.8125    
   1.26900327       23883.8125    
   1.27000332       23816.8750    
   1.27100337       23750.1406    
   1.27200341       23683.5312    
   1.27300346       23617.0312    
   1.27400351       23550.6875    
   1.27500355       23484.4219    
   1.27600360       23418.3594    
   1.27700365       23352.5156    
   1.27800369       23286.7656    
   1.27900374       23221.1719    
   1.28000379       23155.7188    
   1.28100383       23090.4219    
   1.28200388       23025.2812    
   1.28300393       22960.3281    
   1.28400397       22895.5312    
   1.28500402       22830.8594    
   1.28600407       22766.3906    
   1.28700411       22702.0312    
   1.28800416       22637.9219    
   1.28900421       22573.8906    
   1.29000425       22510.1094    
   1.29100430       22446.4844    
   1.29200435       22383.0312    
   1.29300439       22319.7188    
   1.29400444       22256.6250    
   1.29500449       22193.6875    
   1.29600453       22130.9688    
   1.29700458       22068.3750    
   1.29800463       22006.0156    
   1.29900467       21943.8438    
   1.30000472       21881.8281    
   1.30100477       21819.9844    
   1.30200481       21758.3906    
   1.30300486       21696.9531    
   1.30400491       21635.7188    
   1.30500495       21574.6562    
   1.30600500       21513.8438    
   1.30700505       21453.1875    
   1.30800509       21392.7656    
   1.30900514       21332.5156    
   1.31000519       21272.4531    
   1.31100523       21212.6875    
   1.31200528       21153.0469    
   1.31300533       21093.6250    
   1.31400537       21034.4375    
   1.31500542       20975.5156    
   1.31600547       20916.6875    
   1.31700552       20858.1562    
   1.31800556       20799.8438    
   1.31900561       20741.7188    
   1.32000566       20683.8594    
   1.32100570       20626.1406    
   1.32200575       20568.7656    
   1.32300580       20511.5625    
   1.32400584       20454.6094    
   1.32500589       20397.8125    
   1.32600594       20341.3125    
   1.32700598       20285.0156    
   1.32800603       20229.0156    
   1.32900608       20173.1875    
   1.33000612       20117.6250    
   1.33100617       20062.3125    
   1.33200622       20007.2344    
   1.33300626       19952.3750    
   1.33400631       19897.7812    
   1.33500636       19843.4844    
   1.33600640       19789.3594    
   1.33700645       19735.5625    
   1.33800650       19681.9219    
   1.33900654       19628.6406    
   1.34000659       19575.5625    
   1.34100664       19522.7344    
   1.34200668       19470.1875    
   1.34300673       19417.9062    
   1.34400678       19365.8906    
   1.34500682       19314.1094    
   1.34600687       19262.6250    
   1.34700692       19211.3906    
   1.34800696       19160.3906    
   1.34900701       19109.7969    
   1.35000706       19059.3594    
   1.35100710       19009.1875    
   1.35200715       18959.4219    
   1.35300720       18909.8125    
   1.35400724       18860.5312    
   1.35500729       18811.5625    
   1.35600734       18762.8125    
   1.35700738       18714.3750    
   1.35800743       18666.1875    
   1.35900748       18618.4062    
   1.36000752       18570.8125    
   1.36100757       18523.5000    
   1.36200762       18476.5312    
   1.36300766       18429.8750    
   1.36400771       18383.5625    
   1.36500776       18337.4375    
   1.36600780       18291.6562    
   1.36700785       18246.1875    
   1.36800790       18201.0000    
   1.36900795       18156.1875    
   1.37000799       18111.6250    
   1.37100804       18067.3750    
   1.37200809       18023.4688    
   1.37300813       17979.9062    
   1.37400818       17936.5938    
   1.37500823       17893.6562    
   1.37600827       17850.9375    
   1.37700832       17808.6562    
   1.37800837       17766.6562    
   1.37900841       17724.9688    
   1.38000846       17683.5938    
   1.38100851       17642.5938    
   1.38200855       17601.8750    
   1.38300860       17561.5625    
   1.38400865       17521.5625    
   1.38500869       17481.7812    
   1.38600874       17442.4375    
   1.38700879       17403.4688    
   1.38800883       17364.7500    
   1.38900888       17326.5000    
   1.39000893       17288.5625    
   1.39100897       17250.8750    
   1.39200902       17213.5312    
   1.39300907       17176.6250    
   1.39400911       17140.1250    
   1.39500916       17103.8750    
   1.39600921       17067.9688    
   1.39700925       17032.4375    
   1.39800930       16997.3438    
   1.39900935       16962.5312    
   1.40000939       16928.0625    
   1.40100944       16894.0312    
   1.40200949       16860.3750    
   1.40300953       16827.0000    
   1.40400958       16794.0000    
   1.40500963       16761.4375    
   1.40600967       16729.2188    
   1.40700972       16697.3750    
   1.40800977       16665.9062    
   1.40900981       16634.8125    
   1.41000986       16604.0938    
   1.41100991       16573.7500    
   1.41200995       16543.8125    
   1.41301000       16514.2812    
   1.41401005       16485.1250    
   1.41501009       16456.3438    
   1.41601014       16427.9688    
   1.41701019       16400.0000    
   1.41801023       16372.4062    
   1.41901028       16345.1562    
   1.42001033       16318.4062    
   1.42101038       16292.0000    
   1.42201042       16266.0000    
   1.42301047       16240.4062    
   1.42401052       16215.1875    
   1.42501056       16190.4062    
   1.42601061       16166.0000    
   1.42701066       16142.0625    
   1.42801070       16118.5000    
   1.42901075       16095.3750    
   1.43001080       16072.7188    
   1.43101084       16050.3750    
   1.43201089       16028.5000    
   1.43301094       16007.0312    
   1.43401098       15985.9688    
   1.43501103       15965.3750    
   1.43601108       15945.2188    
   1.43701112       15925.4688    
   1.43801117       15906.1250    
   1.43901122       15887.2812    
   1.44001126       15868.8438    
   1.44101131       15850.7500    
   1.44201136       15833.2188    
   1.44301140       15816.0938    
   1.44401145       15799.3438    
   1.44501150       15783.0938    
   1.44601154       15767.2812    
   1.44701159       15751.9375    
   1.44801164       15737.0000    
   1.44901168       15722.5312    
   1.45001173       15708.5000    
   1.45101178       15695.0000    
   1.45201182       15681.7812    
   1.45301187       15669.1875    
   1.45401192       15657.0000    
   1.45501196       15645.2500    
   1.45601201       15634.0312    
   1.45701206       15623.2188    
   1.45801210       15612.8125    
   1.45901215       15603.0312    
   1.46001220       15593.6562    
   1.46101224       15584.6875    
   1.46201229       15576.2500    
   1.46301234       15568.2812    
   1.46401238       15560.7500    
   1.46501243       15553.7188    
   1.46601248       15547.1250    
   1.46701252       15541.1250    
   1.46801257       15535.5938    
   1.46901262       15530.5000    
   1.47001266       15525.9375    
   1.47101271       15521.8438    
   1.47201276       15518.2500    
   1.47301280       15515.0625    
   1.47401285       15512.5000    
   1.47501290       15510.4062    
   1.47601295       15508.6562    
   1.47701299       15507.5312    
   1.47801304       15506.9062    
   1.47901309       15506.8438    
   1.48001313       15507.2188    
   1.48101318       15508.1875    
   1.48201323       15509.5312    
   1.48301327       15511.5000    
   1.48401332       15513.8438    
   1.48501337       15516.8438    
   1.48601341       15520.2812    
   1.48701346       15524.2812    
   1.48801351       15528.7188    
   1.48901355       15533.8125    
   1.49001360       15539.3125    
   1.49101365       15545.4062    
   1.49201369       15552.0000    
   1.49301374       15559.0938    
   1.49401379       15566.8750    
   1.49501383       15575.0312    
   1.49601388       15583.7500    
   1.49701393       15592.9688    
   1.49801397       15602.9062    
   1.49901402       15613.1250    
   1.50001407       15624.0000    
   1.50101411       15635.5000    
   1.50201416       15647.4688    
   1.50301421       15660.0000    
   1.50401425       15673.1250    
   1.50501430       15686.8125    
   1.50601435       15700.9062    
   1.50701439       15715.7188    
   1.50801444       15730.9688    
   1.50901449       15746.8125    
   1.51001453       15763.2188    
   1.51101458       15780.1875    
   1.51201463       15797.7812    
   1.51301467       15815.8750    
   1.51401472       15834.6562    
   1.51501477       15853.8750    
   1.51601481       15873.6562    
   1.51701486       15894.0938    
   1.51801491       15915.0000    
   1.51901495       15936.5625    
   1.52001500       15958.6875    
   1.52101505       15981.4375    
   1.52201509       16004.7188    
   1.52301514       16028.4688    
   1.52401519       16052.9688    
   1.52501523       16078.0625    
   1.52601528       16103.6562    
   1.52701533       16129.9062    
   1.52801538       16156.8125    
   1.52901542       16184.1875    
   1.53001547       16212.2188    
   1.53101552       16240.8125    
   1.53201556       16270.0000    
   1.53301561       16299.8125    
   1.53401566       16330.3438    
   1.53501570       16361.4062    
   1.53601575       16392.9688    
   1.53701580       16425.1562    
   1.53801584       16458.0312    
   1.53901589       16491.5625    
   1.54001594       16525.6562    
   1.54101598       16560.3125    
   1.54201603       16595.6875    
   1.54301608       16631.7812    
   1.54401612       16668.2188    
   1.54501617       16705.4375    
   1.54601622       16743.3125    
   1.54701626       16781.8125    
   1.54801631       16820.8125    
   1.54901636       16860.5938    
   1.55001640       16900.8125    
   1.55101645       16941.8750    
   1.55201650       16983.5312    
   1.55301654       17025.8750    
   1.55401659       17068.6875    
   1.55501664       17112.2188    
   1.55601668       17156.5312    
   1.55701673       17201.2812    
   1.55801678       17246.7812    
   1.55901682       17293.0000    
   1.56001687       17339.7188    
   1.56101692       17387.2812    
   1.56201696       17435.2812    
   1.56301701       17484.2188    
   1.56401706       17533.5312    
   1.56501710       17583.7812    
   1.56601715       17634.4375    
   1.56701720       17685.9375    
   1.56801724       17738.1250    
   1.56901729       17790.8438    
   1.57001734       17844.1875    
   1.57101738       17898.3125    
   1.57201743       17953.1562    
   1.57301748       18008.5938    
   1.57401752       18064.8125    
   1.57501757       18121.5938    
   1.57601762       18179.1250    
   1.57701766       18237.3750    
   1.57801771       18296.2500    
   1.57901776       18355.7500    
   1.58001781       18416.0312    
   1.58101785       18476.9688    
   1.58201790       18538.6250    
   1.58301795       18601.0625    
   1.58401799       18664.1562    
   1.58501804       18727.8438    
   1.58601809       18792.3125    
   1.58701813       18857.5625    
   1.58801818       18923.3750    
   1.58901823       18989.9375    
   1.59001827       19057.2500    
   1.59101832       19125.3750    
   1.59201837       19194.0312    
   1.59301841       19263.3750    
   1.59401846       19333.5000    
   1.59501851       19404.4062    
   1.59601855       19476.1250    
   1.59701860       19548.3125    
   1.59801865       19621.3750    
   1.59901869       19695.1875    
   1.60001874       19769.7188    
   1.60101879       19844.9062    
   1.60201883       19920.8750    
   1.60301888       19997.5938    
   1.60401893       20074.9688    
   1.60501897       20153.1875    
   1.60601902       20232.1875    
   1.60701907       20311.7812    
   1.60801911       20392.1875    
   1.60901916       20473.4062    
   1.61001921       20555.3438    
   1.61101925       20637.9062    
   1.61201930       20721.5000    
   1.61301935       20805.6562    
   1.61401939       20890.5625    
   1.61501944       20976.1250    
   1.61601949       21062.8125    
   1.61701953       21150.0000    
   1.61801958       21237.9375    
   1.61901963       21326.5625    
   1.62001967       21416.2188    
   1.62101972       21506.4688    
   1.62201977       21597.5312    
   1.62301981       21689.4062    
   1.62401986       21782.0312    
   1.62501991       21875.4375    
   1.62601995       21969.6875    
   1.62702000       22064.6875    
   1.62802005       22160.3750    
   1.62902009       22256.9375    
   1.63002014       22354.2812    
   1.63102019       22452.4375    
   1.63202024       22551.5000    
   1.63302028       22651.0625    
   1.63402033       22751.6875    
   1.63502038       22852.9375    
   1.63602042       22955.0312    
   1.63702047       23057.8750    
   1.63802052       23161.7812    
   1.63902056       23266.2812    
   1.64002061       23371.5625    
   1.64102066       23477.7500    
   1.64202070       23584.8125    
   1.64302075       23692.6250    
   1.64402080       23801.2500    
   1.64502084       23910.6562    
   1.64602089       24020.9062    
   1.64702094       24132.0938    
   1.64802098       24243.9688    
   1.64902103       24356.7188    
   1.65002108       24470.4062    
   1.65102112       24584.8750    
   1.65202117       24700.0000    
   1.65302122       24816.1562    
   1.65402126       24933.1875    
   1.65502131       25050.9688    
   1.65602136       25169.5938    
   1.65702140       25289.0000    
   1.65802145       25409.2812    
   1.65902150       25530.5625    
   1.66002154       25652.4375    
   1.66102159       25775.4062    
   1.66202164       25899.0938    
   1.66302168       26023.8750    
   1.66402173       26149.1562    
   1.66502178       26275.6875    
   1.66602182       26402.8125    
   1.66702187       26530.7812    
   1.66802192       26659.9062    
   1.66902196       26789.5312    
   1.67002201       26920.3125    
   1.67102206       27052.0625    
   1.67202210       27184.3125    
   1.67302215       27317.7812    
   1.67402220       27451.9375    
   1.67502224       27587.0312    
   1.67602229       27723.0938    
   1.67702234       27860.0000    
   1.67802238       27997.7500    
   1.67902243       28136.5312    
   1.68002248       28275.8750    
   1.68102252       28416.5000    
   1.68202257       28557.8438    
   1.68302262       28700.1562    
   1.68402267       28843.5625    
   1.68502271       28987.5312    
   1.68602276       29132.5625    
   1.68702281       29278.4688    
   1.68802285       29425.2812    
   1.68902290       29573.2500    
   1.69002295       29721.7812    
   1.69102299       29871.5000    
   1.69202304       30021.9688    
   1.69302309       30173.4375    
   1.69402313       30325.9062    
   1.69502318       30479.0625    
   1.69602323       30633.5625    
   1.69702327       30788.8125    
   1.69802332       30944.9375    
   1.69902337       31102.0000    
   1.70002341       31260.0312    
   1.70102346       31419.1250    
   1.70202351       31578.9688    
   1.70302355       31739.9375    
   1.70402360       31901.8438    
   1.70502365       32064.7188    
   1.70602369       32228.2500    
   1.70702374       32393.2188    
   1.70802379       32559.0000    
   1.70902383       32725.7188    
   1.71002388       32893.3125    
   1.71102393       33061.8438    
   1.71202397       33231.3750    
   1.71302402       33402.0000    
   1.71402407       33573.7812    
   1.71502411       33746.0312    
   1.71602416       33919.6250    
   1.71702421       34094.3125    
   1.71802425       34269.6562    
   1.71902430       34446.3438    
   1.72002435       34623.8750    
   1.72102439       34802.4062    
   1.72202444       34981.7812    
   1.72302449       35162.3750    
   1.72402453       35343.8125    
   1.72502458       35526.4688    
   1.72602463       35709.8125    
   1.72702467       35894.3750    
   1.72802472       36079.8438    
   1.72902477       36266.5625    
   1.73002481       36454.3750    
   1.73102486       36642.9062    
   1.73202491       36832.5938    
   1.73302495       37023.3125    
   1.73402500       37214.9375    
   1.73502505       37407.8125    
   1.73602509       37601.6562    
   1.73702514       37796.3125    
   1.73802519       37992.3750    
   1.73902524       38189.4375    
   1.74002528       38387.2812    
   1.74102533       38586.1562    
   1.74202538       38786.5312    
   1.74302542       38987.5312    
   1.74402547       39189.9688    
   1.74502552       39393.1562    
   1.74602556       39597.5312    
   1.74702561       39802.8125    
   1.74802566       40009.4375    
   1.74902570       40216.9688    
   1.75002575       40425.5312    
   1.75102580       40635.4375    
   1.75202584       40846.2188    
   1.75302589       41058.2188    
   1.75402594       41271.1250    
   1.75502598       41485.1875    
   1.75602603       41700.4688    
   1.75702608       41916.6562    
   1.75802612       42133.9688    
   1.75902617       42352.5625    
   1.76002622       42572.0938    
   1.76102626       42792.8750    
   1.76202631       43014.5312    
   1.76302636       43237.7500    
   1.76402640       43461.8125    
   1.76502645       43686.8750    
   1.76602650       43913.2188    
   1.76702654       44140.5938    
   1.76802659       44369.1562    
   1.76902664       44599.0625    
   1.77002668       44829.9062    
   1.77102673       45061.9062    
   1.77202678       45294.9062    
   1.77302682       45529.1875    
   1.77402687       45764.6875    
   1.77502692       46001.3750    
   1.77602696       46238.8750    
   1.77702701       46477.9375    
   1.77802706       46718.0000    
   1.77902710       46959.0625    
   1.78002715       47201.7188    
   1.78102720       47445.2188    
   1.78202724       47689.8750    
   1.78302729       47936.0000    
   1.78402734       48183.0938    
   1.78502738       48431.3125    
   1.78602743       48680.9062    
   1.78702748       48931.4375    
   1.78802752       49183.5000    
   1.78902757       49436.5312    
   1.79002762       49690.7812    
   1.79102767       49946.3438    
   1.79202771       50203.2188    
   1.79302776       50460.9062    
   1.79402781       50720.4062    
   1.79502785       50980.5938    
   1.79602790       51242.1250    
   1.79702795       51505.1250    
   1.79802799       51769.0000    
   1.79902804       52034.3750    
   1.80002809       52301.0312    
   1.80102813       52568.6875    
   1.80202818       52837.7500    
   1.80302823       53107.9688    
   1.80402827       53379.4062    
   1.80502832       53652.3125    
   1.80602837       53926.2812    
   1.80702841       54201.5625    
   1.80802846       54478.0312    
   1.80902851       54756.0938    
   1.81002855       55035.4375    
   1.81102860       55315.6250    
   1.81202865       55597.2812    
   1.81302869       55880.3438    
   1.81402874       56164.4688    
   1.81502879       56449.8438    
   1.81602883       56736.8438    
   1.81702888       57025.1875    
   1.81802893       57314.3438    
   1.81902897       57605.3438    
   1.82002902       57897.2812    
   1.82102907       58190.7500    
   1.82202911       58485.2188    
   1.82302916       58781.5938    
   1.82402921       59079.0312    
   1.82502925       59377.7188    
   1.82602930       59677.5000    
   1.82702935       59979.0625    
   1.82802939       60281.5312    
   1.82902944       60585.9375    
   1.83002949       60891.2188    
   1.83102953       61198.1250    
   1.83202958       61506.2500    
   1.83302963       61815.7188    
   1.83402967       62126.5938    
   1.83502972       62438.9375    
   1.83602977       62752.5625    
   1.83702981       63067.4062    
   1.83802986       63383.8125    
   1.83902991       63701.6875    
   1.84002995       64021.0000    
   1.84103000       64341.6250    
   1.84203005       64663.5312    
   1.84303010       64986.7812    
   1.84403014       65311.8750    
   1.84503019       65638.0312    
   1.84603024       65965.6250    
   1.84703028       66294.6562    
   1.84803033       66625.0938    
   1.84903038       66957.1250    
   1.85003042       67290.2500    
   1.85103047       67625.4062    
   1.85203052       67961.7812    
   1.85303056       68299.3750    
   1.85403061       68638.5938    
   1.85503066       68979.0625    
   1.85603070       69321.5625    
   1.85703075       69665.1562    
   1.85803080       70009.9375    
   1.85903084       70356.7812    
   1.86003089       70704.5625    
   1.86103094       71054.1562    
   1.86203098       71405.0625    
   1.86303103       71757.4688    
   1.86403108       72111.6250    
   1.86503112       72467.2812    
   1.86603117       72824.2188    
   1.86703122       73182.8125    
   1.86803126       73542.9375    
   1.86903131       73904.7188    
   1.87003136       74267.9062    
   1.87103140       74632.7812    
   1.87203145       74998.7812    
   1.87303150       75366.4688    
   1.87403154       75735.6875    
   1.87503159       76106.6250    
   1.87603164       76479.0000    
   1.87703168       76852.9375    
   1.87803173       77228.6875    
   1.87903178       77606.0000    
   1.88003182       77984.6562    
   1.88103187       78365.0000    
   1.88203192       78746.8750    
   1.88303196       79130.6250    
   1.88403201       79515.7500    
   1.88503206       79902.4062    
   1.88603210       80290.9062    
   1.88703215       80680.7812    
   1.88803220       81072.7188    
   1.88903224       81465.9375    
   1.89003229       81860.7812    
   1.89103234       82257.5625    
   1.89203238       82655.5938    
   1.89303243       83055.2500    
   1.89403248       83456.7188    
   1.89503253       83860.0000    
   1.89603257       84265.3438    
   1.89703262       84671.5938    
   1.89803267       85079.8750    
   1.89903271       85489.6562    
   1.90003276       85901.3750    
   1.90103281       86314.6562    
   1.90203285       86729.6875    
   1.90303290       87146.6250    
   1.90403295       87564.7812    
   1.90503299       87985.0625    
   1.90603304       88407.0938    
   1.90703309       88830.8125    
   1.90803313       89255.6875    
   1.90903318       89683.0312    
   1.91003323       90111.9375    
   1.91103327       90542.6875    
   1.91203332       90975.2188    
   1.91303337       91409.0625    
   1.91403341       91845.3750    
   1.91503346       92283.2188    
   1.91603351       92722.6875    
   1.91703355       93163.9062    
   1.91803360       93607.1250    
   1.91903365       94052.1250    
   1.92003369       94499.0625    
   1.92103374       94947.8438    
   1.92203379       95397.8125    
   1.92303383       95850.4688    
   1.92403388       96304.6562    
   1.92503393       96760.6875    
   1.92603397       97218.1875    
   1.92703402       97678.2188    
   1.92803407       98139.6875    
   1.92903411       98603.0938    
   1.93003416       99068.2500    
   1.93103421       99535.7812    
   1.93203425       100004.438    
   1.93303430       100475.875    
   1.93403435       100948.625    
   1.93503439       101423.188    
   1.93603444       101900.219    
   1.93703449       102379.031    
   1.93803453       102859.812    
   1.93903458       103342.281    
   1.94003463       103826.938    
   1.94103467       104313.281    
   1.94203472       104801.688    
   1.94303477       105292.406    
   1.94403481       105784.844    
   1.94503486       106279.062    
   1.94603491       106775.875    
   1.94703496       107274.250    
   1.94803500       107774.438    
   1.94903505       108277.438    
   1.95003510       108781.375    
   1.95103514       109287.906    
   1.95203519       109796.688    
   1.95303524       110307.344    
   1.95403528       110820.062    
   1.95503533       111335.062    
   1.95603538       111851.562    
   1.95703542       112370.844    
   1.95803547       112891.438    
   1.95903552       113414.719    
   1.96003556       113939.812    
   1.96103561       114467.344    
   1.96203566       114996.750    
   1.96303570       115528.281    
   1.96403575       116062.125    
   1.96503580       116597.938    
   1.96603584       117135.438    
   1.96703589       117675.906    
   1.96803594       118218.281    
   1.96903598       118762.844    
   1.97003603       119309.344    
   1.97103608       119858.281    
   1.97203612       120409.812    
   1.97303617       120962.750    
   1.97403622       121518.312    
   1.97503626       122076.250    
   1.97603631       122636.062    
   1.97703636       123198.375    
   1.97803640       123763.312    
   1.97903645       124329.750    
   1.98003650       124898.688    
   1.98103654       125470.312    
   1.98203659       126043.844    
   1.98303664       126619.844    
   1.98403668       127198.000    
   1.98503673       127778.375    
   1.98603678       128361.438    
   1.98703682       128946.438    
   1.98803687       129534.156    
   1.98903692       130123.750    
   1.99003696       130716.219    
   1.99103701       131311.094    
   1.99203706       131908.062    
   1.99303710       132507.688    
   1.99403715       133109.000    
   1.99503720       133713.312    
   1.99603724       134320.562    
   1.99703729       134929.250    
   1.99803734       135540.750    
   1.99903738       136154.812    
   2.00003743       136771.500    
   2.00103736       137390.125    
   2.00203729       138011.562    
   2.00303721       138635.250    
   2.00403714       139261.562    
   2.00503707       139890.438    
   2.00603700       140521.500    
   2.00703692       141155.625    
   2.00803685       141791.938    
   2.00903678       142431.062    
   2.01003671       143072.750    
   2.01103663       143716.375    
   2.01203656       144363.375    
   2.01303649       145012.188    
   2.01403642       145664.312    
   2.01503634       146318.812    
   2.01603627       146976.000    
   2.01703620       147635.688    
   2.01803613       148298.000    
   2.01903605       148963.250    
   2.02003598       149631.250    
   2.02103591       150301.250    
   2.02203584       150974.250    
   2.02303576       151650.312    
   2.02403569       152328.750    
   2.02503562       153009.688    
   2.02603555       153694.062    
   2.02703547       154380.688    
   2.02803540       155069.938    
   2.02903533       155762.500    
   2.03003526       156457.062    
   2.03103518       157155.125    
   2.03203511       157855.625    
   2.03303504       158559.312    
   2.03403497       159265.312    
   2.03503489       159974.250    
   2.03603482       160686.125    
   2.03703475       161401.438    
   2.03803468       162119.062    
   2.03903461       162839.125    
   2.04003453       163562.875    
   2.04103446       164289.062    
   2.04203439       165018.188    
   2.04303432       165750.312    
   2.04403424       166485.562    
   2.04503417       167223.750    
   2.04603410       167965.125    
   2.04703403       168708.688    
   2.04803395       169456.000    
   2.04903388       170205.938    
   2.05003381       170958.812    
   2.05103374       171714.938    
   2.05203366       172473.938    
   2.05303359       173236.625    
   2.05403352       174001.562    
   2.05503345       174769.688    
   2.05603337       175542.000    
   2.05703330       176316.438    
   2.05803323       177094.062    
   2.05903316       177874.688    
   2.06003308       178658.500    
   2.06103301       179446.000    
   2.06203294       180236.125    
   2.06303287       181030.000    
   2.06403279       181827.062    
   2.06503272       182626.500    
   2.06603265       183429.938    
   2.06703258       184236.562    
   2.06803250       185046.375    
   2.06903243       185858.875    
   2.07003236       186675.750    
   2.07103229       187494.875    
   2.07203221       188317.688    
   2.07303214       189144.188    
   2.07403207       189973.875    
   2.07503200       190806.750    
   2.07603192       191643.500    
   2.07703185       192482.812    
   2.07803178       193326.000    
   2.07903171       194172.625    
   2.08003163       195022.438    
   2.08103156       195876.188    
   2.08203149       196732.875    
   2.08303142       197593.000    
   2.08403134       198457.062    
   2.08503127       199324.562    
   2.08603120       200195.500    
   2.08703113       201070.188    
   2.08803105       201948.000    
   2.08903098       202829.750    
   2.09003091       203714.938    
   2.09103084       204603.312    
   2.09203076       205495.688    
   2.09303069       206392.188    
   2.09403062       207291.375    
   2.09503055       208195.312    
   2.09603047       209102.062    
   2.09703040       210012.875    
   2.09803033       210927.062    
   2.09903026       211845.688    
   2.10003018       212767.812    
   2.10103011       213693.812    
   2.10203004       214622.750    
   2.10302997       215556.188    
   2.10402989       216493.062    
   2.10502982       217434.062    
   2.10602975       218378.750    
   2.10702968       219327.375    
   2.10802960       220280.000    
   2.10902953       221236.500    
   2.11002946       222196.500    
   2.11102939       223160.938    
   2.11202931       224129.250    
   2.11302924       225102.312    
   2.11402917       226078.250    
   2.11502910       227057.875    
   2.11602902       228042.250    
   2.11702895       229031.000    
   2.11802888       230023.000    
   2.11902881       231019.938    
   2.12002873       232020.000    
   2.12102866       233024.562    
   2.12202859       234033.500    
   2.12302852       235046.375    
   2.12402844       236063.500    
   2.12502837       237084.500    
   2.12602830       238110.500    
   2.12702823       239140.188    
   2.12802815       240173.000    
   2.12902808       241211.750    
   2.13002801       242254.250    
   2.13102794       243301.438    
   2.13202786       244352.062    
   2.13302779       245407.812    
   2.13402772       246467.750    
   2.13502765       247531.000    
   2.13602757       248600.312    
   2.13702750       249673.812    
   2.13802743       250751.062    
   2.13902736       251833.188    
   2.14002728       252919.312    
   2.14102721       254010.375    
   2.14202714       255105.812    
   2.14302707       256205.750    
   2.14402699       257310.062    
   2.14502692       258418.875    
   2.14602685       259533.125    
   2.14702678       260650.812    
   2.14802670       261774.375    
   2.14902663       262901.688    
   2.15002656       264034.125    
   2.15102649       265170.562    
   2.15202641       266313.375    
   2.15302634       267458.938    
   2.15402627       268610.625    
   2.15502620       269766.562    
   2.15602612       270927.625    
   2.15702605       272092.938    
   2.15802598       273264.188    
   2.15902591       274439.312    
   2.16002584       275619.938    
   2.16102576       276804.938    
   2.16202569       277994.688    
   2.16302562       279190.812    
   2.16402555       280390.438    
   2.16502547       281595.250    
   2.16602540       282805.688    
   2.16702533       284020.812    
   2.16802526       285241.188    
   2.16902518       286466.500    
   2.17002511       287697.438    
   2.17102504       288932.562    
   2.17202497       290174.188    
   2.17302489       291420.000    
   2.17402482       292671.188    
   2.17502475       293927.562    
   2.17602468       295189.438    
   2.17702460       296456.938    
   2.17802453       297729.438    
   2.17902446       299006.812    
   2.18002439       300290.625    
   2.18102431       301579.188    
   2.18202424       302872.625    
   2.18302417       304172.250    
   2.18402410       305477.375    
   2.18502402       306787.875    
   2.18602395       308103.625    
   2.18702388       309424.750    
   2.18802381       310751.812    
   2.18902373       312084.625    
   2.19002366       313422.312    
   2.19102359       314766.438    
   2.19202352       316116.250    
   2.19302344       317471.250    
   2.19402337       318831.438    
   2.19502330       320198.875    
   2.19602323       321571.938    
   2.19702315       322949.938    
   2.19802308       324333.625    
   2.19902301       325723.562    
   2.20002294       327119.062    
   2.20102286       328520.875    
   2.20202279       329928.062    
   2.20302272       331341.938    
   2.20402265       332761.750    
   2.20502257       334187.250    
   2.20602250       335618.438    
   2.20702243       337056.562    
   2.20802236       338500.125    
   2.20902228       339950.375    
   2.21002221       341406.312    
   2.21102214       342868.438    
   2.21202207       344336.750    
   2.21302199       345811.750    
   2.21402192       347293.125    
   2.21502185       348780.562    
   2.21602178       350274.062    
   2.21702170       351773.062    
   2.21802163       353280.000    
   2.21902156       354792.625    
   2.22002149       356311.438    
   2.22102141       357837.125    
   2.22202134       359369.812    
   2.22302127       360907.938    
   2.22402120       362453.188    
   2.22502112       364004.688    
   2.22602105       365563.875    
   2.22702098       367128.438    
   2.22802091       368700.250    
   2.22902083       370278.938    
   2.23002076       371863.625    
   2.23102069       373456.688    
   2.23202062       375054.500    
   2.23302054       376660.750    
   2.23402047       378273.375    
   2.23502040       379892.188    
   2.23602033       381519.500    
   2.23702025       383152.188    
   2.23802018       384793.062    
   2.23902011       386439.938    
   2.24002004       388094.188    
   2.24101996       389755.125    
   2.24201989       391424.000    
   2.24301982       393099.875    
   2.24401975       394782.875    
   2.24501967       396473.062    
   2.24601960       398170.688    
   2.24701953       399875.250    
   2.24801946       401587.000    
   2.24901938       403306.438    
   2.25001931       405033.312    
   2.25101924       406766.625    
   2.25201917       408509.375    
   2.25301909       410257.812    
   2.25401902       412014.688    
   2.25501895       413778.750    
   2.25601888       415550.688    
   2.25701880       417329.938    
   2.25801873       419117.000    
   2.25901866       420911.812    
   2.26001859       422714.812    
   2.26101851       424524.688    
   2.26201844       426343.062    
   2.26301837       428169.375    
   2.26401830       430002.812    
   2.26501822       431844.500    
   2.26601815       433694.062    
   2.26701808       435551.062    
   2.26801801       437417.812    
   2.26901793       439291.438    
   2.27001786       441173.812    
   2.27101779       443063.312    
   2.27201772       444961.750    
   2.27301764       446867.938    
   2.27401757       448781.500    
   2.27501750       450705.000    
   2.27601743       452635.938    
   2.27701735       454575.812    
   2.27801728       456524.125    
   2.27901721       458479.625    
   2.28001714       460445.312    
   2.28101707       462419.000    
   2.28201699       464400.750    
   2.28301692       466390.562    
   2.28401685       468390.188    
   2.28501678       470398.062    
   2.28601670       472415.375    
   2.28701663       474441.062    
   2.28801656       476474.000    
   2.28901649       478516.312    
   2.29001641       480568.125    
   2.29101634       482628.625    
   2.29201627       484698.500    
   2.29301620       486776.375    
   2.29401612       488864.875    
   2.29501605       490961.625    
   2.29601598       493067.000    
   2.29701591       495182.312    
   2.29801583       497306.875    
   2.29901576       499440.562    
   2.30001569       501582.938    
   2.30101562       503735.000    
   2.30201554       505897.062    
   2.30301547       508067.688    
   2.30401540       510247.625    
   2.30501533       512437.938    
   2.30601525       514636.688    
   2.30701518       516844.875    
   2.30801511       519064.500    
   2.30901504       521293.562    
   2.31001496       523529.750    
   2.31101489       525777.688    
   2.31201482       528034.750    
   2.31301475       530303.062    
   2.31401467       532580.562    
   2.31501460       534866.938    
   2.31601453       537165.312    
   2.31701446       539471.312    
   2.31801438       541787.750    
   2.31901431       544116.188    
   2.32001424       546453.562    
   2.32101417       548802.562    
   2.32201409       551159.500    
   2.32301402       553527.875    
   2.32401395       555907.188    
   2.32501388       558296.438    
   2.32601380       560694.625    
   2.32701373       563106.250    
   2.32801366       565526.312    
   2.32901359       567957.562    
   2.33001351       570399.250    
   2.33101344       572850.875    
   2.33201337       575315.688    
   2.33301330       577787.625    
   2.33401322       580273.250    
   2.33501315       582768.625    
   2.33601308       585275.938    
   2.33701301       587793.625    
   2.33801293       590321.750    
   2.33901286       592862.125    
   2.34001279       595412.438    
   2.34101272       597975.375    
   2.34201264       600548.000    
   2.34301257       603131.812    
   2.34401250       605726.312    
   2.34501243       608334.500    
   2.34601235       610954.875    
   2.34701228       613583.938    
   2.34801221       616226.188    
   2.34901214       618879.625    
   2.35001206       621544.188    
   2.35101199       624221.500    
   2.35201192       626909.500    
   2.35301185       629609.125    
   2.35401177       632320.000    
   2.35501170       635045.000    
   2.35601163       637781.312    
   2.35701156       640529.125    
   2.35801148       643289.250    
   2.35901141       646061.500    
   2.36001134       648844.938    
   2.36101127       651641.562    
   2.36201119       654450.938    
   2.36301112       657271.938    
   2.36401105       660104.625    
   2.36501098       662952.000    
   2.36601090       665808.500    
   2.36701083       668681.250    
   2.36801076       671565.188    
   2.36901069       674460.812    
   2.37001061       677370.062    
   2.37101054       680292.562    
   2.37201047       683227.188    
   2.37301040       686174.562    
   2.37401032       689134.562    
   2.37501025       692108.312    
   2.37601018       695095.688    
   2.37701011       698094.750    
   2.37801003       701108.500    
   2.37900996       704133.938    
   2.38000989       707173.562    
   2.38100982       710226.375    
   2.38200974       713293.375    
   2.38300967       716373.062    
   2.38400960       719465.938    
   2.38500953       722573.438    
   2.38600945       725695.188    
   2.38700938       728829.625    
   2.38800931       731977.688    
   2.38900924       735139.938    
   2.39000916       738315.938    
   2.39100909       741506.562    
   2.39200902       744710.375    
   2.39300895       747928.875    
   2.39400887       751160.625    
   2.39500880       754406.938    
   2.39600873       757669.562    
   2.39700866       760943.812    
   2.39800858       764233.688    
   2.39900851       767538.312    
   2.40000844       770856.625    
   2.40100837       774189.625    
   2.40200830       777537.812    
   2.40300822       780901.625    
   2.40400815       784277.625    
   2.40500808       787671.375    
   2.40600801       791078.750    
   2.40700793       794501.375    
   2.40800786       797937.625    
   2.40900779       801391.000    
   2.41000772       804859.188    
   2.41100764       808343.000    
   2.41200757       811840.500    
   2.41300750       815355.125    
   2.41400743       818884.938    
   2.41500735       822429.562    
   2.41600728       825990.812    
   2.41700721       829566.188    
   2.41800714       833157.750    
   2.41900706       836766.500    
   2.42000699       840390.000    
   2.42100692       844031.125    
   2.42200685       847686.438    
   2.42300677       851357.438    
   2.42400670       855045.688    
   2.42500663       858750.000    
   2.42600656       862471.062    
   2.42700648       866207.312    
   2.42800641       869960.750    
   2.42900634       873731.812    
   2.43000627       877517.188    
   2.43100619       881321.125    
   2.43200612       885141.812    
   2.43300605       888977.625    
   2.43400598       892833.062    
   2.43500590       896702.812    
   2.43600583       900590.688    
   2.43700576       904496.250    
   2.43800569       908418.500    
   2.43900561       912356.438    
   2.44000554       916313.500    
   2.44100547       920288.312    
   2.44200540       924281.812    
   2.44300532       928289.938    
   2.44400525       932317.312    
   2.44500518       936361.875    
   2.44600511       940424.000    
   2.44700503       944504.500    
   2.44800496       948603.062    
   2.44900489       952719.250    
   2.45000482       956853.250    
   2.45100474       961006.875    
   2.45200467       965178.188    
   2.45300460       969368.125    
   2.45400453       973574.812    
   2.45500445       977802.188    
   2.45600438       982046.750    
   2.45700431       986310.938    
   2.45800424       990592.812    
   2.45900416       994893.938    
   2.46000409       999215.188    
   2.46100402       1003552.62    
   2.46200395       1007912.75    
   2.46300387       1012290.06    
   2.46400380       1016686.12    
   2.46500373       1021102.75    
   2.46600366       1025538.12    
   2.46700358       1029993.12    
   2.46800351       1034467.38    
   2.46900344       1038962.75    
   2.47000337       1043476.38    
   2.47100329       1048010.62    
   2.47200322       1052564.12    
   2.47300315       1057138.25    
   2.47400308       1061731.50    
   2.47500300       1066346.00    
   2.47600293       1070980.75    
   2.47700286       1075635.00    
   2.47800279       1080311.50    
   2.47900271       1085005.88    
   2.48000264       1089724.75    
   2.48100257       1094460.88    
   2.48200250       1099217.62    
   2.48300242       1103996.50    
   2.48400235       1108796.75    
   2.48500228       1113619.00    
   2.48600221       1118461.00    
   2.48700213       1123323.75    
   2.48800206       1128207.00    
   2.48900199       1133114.12    
   2.49000192       1138041.38    
   2.49100184       1142991.75    
   2.49200177       1147962.88    
   2.49300170       1152956.62    
   2.49400163       1157970.00    
   2.49500155       1163008.25    
   2.49600148       1168064.50    
   2.49700141       1173146.50    
   2.49800134       1178251.25    
   2.49900126       1183376.62    
