   0.00000000       6.45734978    
   1.00000005E-03   6.44384384    
   2.00000009E-03   6.43029118    
   3.00000003E-03   6.41669226    
   4.00000019E-03   6.40304708    
   5.00000035E-03   6.38935566    
   6.00000052E-03   6.37561798    
   7.00000068E-03   6.36183453    
   8.00000038E-03   6.34800482    
   9.00000054E-03   6.33412933    
   1.00000007E-02   6.32020807    
   1.10000009E-02   6.30624104    
   1.20000010E-02   6.29222822    
   1.30000012E-02   6.27816963    
   1.40000014E-02   6.26406574    
   1.50000015E-02   6.24991608    
   1.60000008E-02   6.23572111    
   1.70000009E-02   6.22148085    
   1.80000011E-02   6.20719528    
   1.90000013E-02   6.19286442    
   2.00000014E-02   6.17848825    
   2.10000016E-02   6.16406727    
   2.20000017E-02   6.14960098    
   2.30000019E-02   6.13508987    
   2.40000021E-02   6.12053394    
   2.50000022E-02   6.10593319    
   2.60000024E-02   6.09128809    
   2.70000026E-02   6.07659817    
   2.80000027E-02   6.06186390    
   2.90000029E-02   6.04708481    
   3.00000031E-02   6.03226137    
   3.10000032E-02   6.01739359    
   3.20000015E-02   6.00248194    
   3.29999998E-02   5.98752594    
   3.39999981E-02   5.97252560    
   3.49999964E-02   5.95748138    
   3.59999947E-02   5.94239330    
   3.69999930E-02   5.92726135    
   3.79999913E-02   5.91208553    
   3.89999896E-02   5.89686584    
   3.99999879E-02   5.88160276    
   4.09999862E-02   5.86629581    
   4.19999845E-02   5.85094547    
   4.29999828E-02   5.83555174    
   4.39999811E-02   5.82011461    
   4.49999794E-02   5.80463457    
   4.59999777E-02   5.78911114    
   4.69999760E-02   5.77354479    
   4.79999743E-02   5.75793505    
   4.89999726E-02   5.74228239    
   4.99999709E-02   5.72658682    
   5.09999692E-02   5.71084881    
   5.19999675E-02   5.69506788    
   5.29999658E-02   5.67924452    
   5.39999641E-02   5.66337824    
   5.49999624E-02   5.64746952    
   5.59999608E-02   5.63151836    
   5.69999591E-02   5.61552477    
   5.79999574E-02   5.59948921    
   5.89999557E-02   5.58341122    
   5.99999540E-02   5.56729126    
   6.09999523E-02   5.55112934    
   6.19999506E-02   5.53492546    
   6.29999489E-02   5.51867962    
   6.39999509E-02   5.50239229    
   6.49999529E-02   5.48606300    
   6.59999549E-02   5.46969223    
   6.69999570E-02   5.45327997    
   6.79999590E-02   5.43682623    
   6.89999610E-02   5.42033100    
   6.99999630E-02   5.40379429    
   7.09999651E-02   5.38721657    
   7.19999671E-02   5.37059784    
   7.29999691E-02   5.35393763    
   7.39999712E-02   5.33723640    
   7.49999732E-02   5.32049465    
   7.59999752E-02   5.30371189    
   7.69999772E-02   5.28688860    
   7.79999793E-02   5.27002430    
   7.89999813E-02   5.25311947    
   7.99999833E-02   5.23617411    
   8.09999853E-02   5.21918869    
   8.19999874E-02   5.20216274    
   8.29999894E-02   5.18509674    
   8.39999914E-02   5.16799021    
   8.49999934E-02   5.15084362    
   8.59999955E-02   5.13365698    
   8.69999975E-02   5.11643076    
   8.79999995E-02   5.09916449    
   8.90000015E-02   5.08185863    
   9.00000036E-02   5.06451321    
   9.10000056E-02   5.04712772    
   9.20000076E-02   5.02970314    
   9.30000097E-02   5.01223898    
   9.40000117E-02   4.99473524    
   9.50000137E-02   4.97719240    
   9.60000157E-02   4.95961046    
   9.70000178E-02   4.94198942    
   9.80000198E-02   4.92432928    
   9.90000218E-02   4.90663052    
  0.100000024       4.88889265    
  0.101000026       4.87111616    
  0.102000028       4.85330105    
  0.103000030       4.83544731    
  0.104000032       4.81755495    
  0.105000034       4.79962444    
  0.106000036       4.78165531    
  0.107000038       4.76364803    
  0.108000040       4.74560261    
  0.109000042       4.72751904    
  0.110000044       4.70939732    
  0.111000046       4.69123793    
  0.112000048       4.67304087    
  0.113000050       4.65480614    
  0.114000052       4.63653374    
  0.115000054       4.61822367    
  0.116000056       4.59987593    
  0.117000058       4.58149099    
  0.118000060       4.56306887    
  0.119000062       4.54460955    
  0.120000064       4.52611303    
  0.121000066       4.50757933    
  0.122000068       4.48900890    
  0.123000070       4.47040129    
  0.124000072       4.45175695    
  0.125000075       4.43307590    
  0.126000077       4.41435862    
  0.127000079       4.39560461    
  0.128000081       4.37681437    
  0.129000083       4.35798788    
  0.130000085       4.33912516    
  0.131000087       4.32022619    
  0.132000089       4.30129099    
  0.133000091       4.28232002    
  0.134000093       4.26331282    
  0.135000095       4.24426985    
  0.136000097       4.22519112    
  0.137000099       4.20607710    
  0.138000101       4.18692732    
  0.139000103       4.16774225    
  0.140000105       4.14852190    
  0.141000107       4.12926626    
  0.142000109       4.10997534    
  0.143000111       4.09064960    
  0.144000113       4.07128859    
  0.145000115       4.05189276    
  0.146000117       4.03246212    
  0.147000119       4.01299667    
  0.148000121       3.99349666    
  0.149000123       3.97396207    
  0.150000125       3.95439315    
  0.151000127       3.93478990    
  0.152000129       3.91515231    
  0.153000131       3.89548063    
  0.154000133       3.87577486    
  0.155000135       3.85603523    
  0.156000137       3.83626151    
  0.157000139       3.81645417    
  0.158000141       3.79661298    
  0.159000143       3.77673817    
  0.160000145       3.75682998    
  0.161000147       3.73688841    
  0.162000149       3.71691346    
  0.163000152       3.69690514    
  0.164000154       3.67686367    
  0.165000156       3.65678930    
  0.166000158       3.63668180    
  0.167000160       3.61654162    
  0.168000162       3.59636855    
  0.169000164       3.57616282    
  0.170000166       3.55592442    
  0.171000168       3.53565359    
  0.172000170       3.51535034    
  0.173000172       3.49501491    
  0.174000174       3.47464728    
  0.175000176       3.45424747    
  0.176000178       3.43381572    
  0.177000180       3.41335201    
  0.178000182       3.39285636    
  0.179000184       3.37232900    
  0.180000186       3.35177016    
  0.181000188       3.33117962    
  0.182000190       3.31055760    
  0.183000192       3.28990436    
  0.184000194       3.26921988    
  0.185000196       3.24850416    
  0.186000198       3.22775745    
  0.187000200       3.20697975    
  0.188000202       3.18617129    
  0.189000204       3.16533184    
  0.190000206       3.14446187    
  0.191000208       3.12356138    
  0.192000210       3.10263038    
  0.193000212       3.08166885    
  0.194000214       3.06067705    
  0.195000216       3.03965521    
  0.196000218       3.01860309    
  0.197000220       2.99752116    
  0.198000222       2.97640920    
  0.199000224       2.95526743    
  0.200000226       2.93409610    
  0.201000229       2.91289520    
  0.202000231       2.89166474    
  0.203000233       2.87040496    
  0.204000235       2.84911585    
  0.205000237       2.82779741    
  0.206000239       2.80644989    
  0.207000241       2.78507328    
  0.208000243       2.76366782    
  0.209000245       2.74223351    
  0.210000247       2.72077060    
  0.211000249       2.69927907    
  0.212000251       2.67775893    
  0.213000253       2.65621042    
  0.214000255       2.63463354    
  0.215000257       2.61302853    
  0.216000259       2.59139538    
  0.217000261       2.56973433    
  0.218000263       2.54804540    
  0.219000265       2.52632856    
  0.220000267       2.50458407    
  0.221000269       2.48281193    
  0.222000271       2.46101236    
  0.223000273       2.43918538    
  0.224000275       2.41733098    
  0.225000277       2.39544940    
  0.226000279       2.37354064    
  0.227000281       2.35160494    
  0.228000283       2.32964230    
  0.229000285       2.30765295    
  0.230000287       2.28563690    
  0.231000289       2.26359439    
  0.232000291       2.24152517    
  0.233000293       2.21942973    
  0.234000295       2.19730806    
  0.235000297       2.17516017    
  0.236000299       2.15298605    
  0.237000301       2.13078594    
  0.238000304       2.10856009    
  0.239000306       2.08630848    
  0.240000308       2.06403112    
  0.241000310       2.04172826    
  0.242000312       2.01939988    
  0.243000314       1.99704623    
  0.244000316       1.97466731    
  0.245000318       1.95226324    
  0.246000320       1.92983413    
  0.247000322       1.90738010    
  0.248000324       1.88490117    
  0.249000326       1.86239755    
  0.250000328       1.83986926    
  0.251000315       1.81731653    
  0.252000302       1.79473937    
  0.253000289       1.77213788    
  0.254000276       1.74951220    
  0.255000263       1.72686243    
  0.256000251       1.70418870    
  0.257000238       1.68149102    
  0.258000225       1.65876961    
  0.259000212       1.63602448    
  0.260000199       1.61325586    
  0.261000186       1.59046376    
  0.262000173       1.56764829    
  0.263000160       1.54480958    
  0.264000148       1.52194774    
  0.265000135       1.49906278    
  0.266000122       1.47615492    
  0.267000109       1.45322430    
  0.268000096       1.43027091    
  0.269000083       1.40729487    
  0.270000070       1.38429642    
  0.271000057       1.36127555    
  0.272000045       1.33823240    
  0.273000032       1.31516707    
  0.274000019       1.29207969    
  0.275000006       1.26897037    
  0.275999993       1.24583912    
  0.276999980       1.22268617    
  0.277999967       1.19951153    
  0.278999954       1.17631543    
  0.279999942       1.15309787    
  0.280999929       1.12985897    
  0.281999916       1.10659885    
  0.282999903       1.08331776    
  0.283999890       1.06001568    
  0.284999877       1.03669262    
  0.285999864       1.01334882    
  0.286999851      0.989984393    
  0.287999839      0.966599405    
  0.288999826      0.943193972    
  0.289999813      0.919768214    
  0.290999800      0.896322250    
  0.291999787      0.872856200    
  0.292999774      0.849370182    
  0.293999761      0.825864255    
  0.294999748      0.802338541    
  0.295999736      0.778793156    
  0.296999723      0.755228221    
  0.297999710      0.731643856    
  0.298999697      0.708040178    
  0.299999684      0.684417248    
  0.300999671      0.660775244    
  0.301999658      0.637114227    
  0.302999645      0.613434315    
  0.303999633      0.589735627    
  0.304999620      0.566018283    
  0.305999607      0.542282403    
  0.306999594      0.518528104    
  0.307999581      0.494755477    
  0.308999568      0.470964640    
  0.309999555      0.447155684    
  0.310999542      0.423328757    
  0.311999530      0.399483949    
  0.312999517      0.375621378    
  0.313999504      0.351741165    
  0.314999491      0.327843428    
  0.315999478      0.303928256    
  0.316999465      0.279995769    
  0.317999452      0.256046087    
  0.318999439      0.232079327    
  0.319999427      0.208095610    
  0.320999414      0.184095025    
  0.321999401      0.160077706    
  0.322999388      0.136043757    
  0.323999375      0.111993305    
  0.324999362       8.79264548E-02
  0.325999349       6.38433248E-02
  0.326999336       3.97440270E-02
  0.327999324       1.56286806E-02
  0.328999311      -8.50260444E-03
  0.329999298      -3.26497108E-02
  0.330999285      -5.68125248E-02
  0.331999272      -8.09909329E-02
  0.332999259     -0.105184816    
  0.333999246     -0.129394054    
  0.334999233     -0.153618544    
  0.335999221     -0.177858159    
  0.336999208     -0.202112794    
  0.337999195     -0.226382315    
  0.338999182     -0.250666618    
  0.339999169     -0.274965584    
  0.340999156     -0.299279124    
  0.341999143     -0.323607087    
  0.342999130     -0.347949356    
  0.343999118     -0.372305840    
  0.344999105     -0.396676391    
  0.345999092     -0.421060920    
  0.346999079     -0.445459276    
  0.347999066     -0.469871372    
  0.348999053     -0.494297087    
  0.349999040     -0.518736303    
  0.350999027     -0.543188870    
  0.351999015     -0.567654729    
  0.352999002     -0.592133701    
  0.353998989     -0.616625726    
  0.354998976     -0.641130626    
  0.355998963     -0.665648341    
  0.356998950     -0.690178692    
  0.357998937     -0.714721620    
  0.358998924     -0.739276946    
  0.359998912     -0.763844609    
  0.360998899     -0.788424432    
  0.361998886     -0.813016355    
  0.362998873     -0.837620258    
  0.363998860     -0.862235963    
  0.364998847     -0.886863410    
  0.365998834     -0.911502421    
  0.366998821     -0.936152935    
  0.367998809     -0.960814774    
  0.368998796     -0.985487878    
  0.369998783      -1.01017213    
  0.370998770      -1.03486729    
  0.371998757      -1.05957341    
  0.372998744      -1.08429027    
  0.373998731      -1.10901773    
  0.374998719      -1.13375568    
  0.375998706      -1.15850413    
  0.376998693      -1.18326283    
  0.377998680      -1.20803165    
  0.378998667      -1.23281050    
  0.379998654      -1.25759923    
  0.380998641      -1.28239775    
  0.381998628      -1.30720592    
  0.382998616      -1.33202362    
  0.383998603      -1.35685086    
  0.384998590      -1.38168740    
  0.385998577      -1.40653312    
  0.386998564      -1.43138790    
  0.387998551      -1.45625150    
  0.388998538      -1.48112392    
  0.389998525      -1.50600505    
  0.390998513      -1.53089476    
  0.391998500      -1.55579293    
  0.392998487      -1.58069944    
  0.393998474      -1.60561419    
  0.394998461      -1.63053691    
  0.395998448      -1.65546763    
  0.396998435      -1.68040621    
  0.397998422      -1.70535243    
  0.398998410      -1.73030627    
  0.399998397      -1.75526762    
  0.400998384      -1.78023624    
  0.401998371      -1.80521214    
  0.402998358      -1.83019507    
  0.403998345      -1.85518491    
  0.404998332      -1.88018167    
  0.405998319      -1.90518510    
  0.406998307      -1.93019509    
  0.407998294      -1.95521164    
  0.408998281      -1.98023450    
  0.409998268      -2.00526357    
  0.410998255      -2.03029871    
  0.411998242      -2.05533981    
  0.412998229      -2.08038664    
  0.413998216      -2.10543919    
  0.414998204      -2.13049746    
  0.415998191      -2.15556121    
  0.416998178      -2.18063021    
  0.417998165      -2.20570445    
  0.418998152      -2.23078370    
  0.419998139      -2.25586796    
  0.420998126      -2.28095698    
  0.421998113      -2.30605078    
  0.422998101      -2.33114910    
  0.423998088      -2.35625196    
  0.424998075      -2.38135910    
  0.425998062      -2.40647054    
  0.426998049      -2.43158603    
  0.427998036      -2.45670533    
  0.428998023      -2.48182845    
  0.429998010      -2.50695539    
  0.430997998      -2.53208590    
  0.431997985      -2.55721974    
  0.432997972      -2.58235693    
  0.433997959      -2.60749722    
  0.434997946      -2.63264060    
  0.435997933      -2.65778685    
  0.436997920      -2.68293595    
  0.437997907      -2.70808768    
  0.438997895      -2.73324203    
  0.439997882      -2.75839877    
  0.440997869      -2.78355765    
  0.441997856      -2.80871868    
  0.442997843      -2.83388186    
  0.443997830      -2.85904694    
  0.444997817      -2.88421369    
  0.445997804      -2.90938210    
  0.446997792      -2.93455195    
  0.447997779      -2.95972323    
  0.448997766      -2.98489571    
  0.449997753      -3.01006937    
  0.450997740      -3.03524399    
  0.451997727      -3.06041956    
  0.452997714      -3.08559585    
  0.453997701      -3.11077261    
  0.454997689      -3.13594985    
  0.455997676      -3.16112757    
  0.456997663      -3.18630552    
  0.457997650      -3.21148348    
  0.458997637      -3.23666143    
  0.459997624      -3.26183915    
  0.460997611      -3.28701639    
  0.461997598      -3.31219339    
  0.462997586      -3.33736968    
  0.463997573      -3.36254525    
  0.464997560      -3.38772011    
  0.465997547      -3.41289377    
  0.466997534      -3.43806648    
  0.467997521      -3.46323800    
  0.468997508      -3.48840809    
  0.469997495      -3.51357651    
  0.470997483      -3.53874350    
  0.471997470      -3.56390858    
  0.472997457      -3.58907175    
  0.473997444      -3.61423302    
  0.474997431      -3.63939190    
  0.475997418      -3.66454864    
  0.476997405      -3.68970299    
  0.477997392      -3.71485472    
  0.478997380      -3.74000359    
  0.479997367      -3.76514983    
  0.480997354      -3.79029298    
  0.481997341      -3.81543303    
  0.482997328      -3.84056997    
  0.483997315      -3.86570334    
  0.484997302      -3.89083338    
  0.485997289      -3.91595960    
  0.486997277      -3.94108224    
  0.487997264      -3.96620083    
  0.488997251      -3.99131536    
  0.489997238      -4.01642561    
  0.490997225      -4.04153156    
  0.491997212      -4.06663322    
  0.492997199      -4.09173012    
  0.493997186      -4.11682224    
  0.494997174      -4.14190960    
  0.495997161      -4.16699219    
  0.496997148      -4.19206953    
  0.497997135      -4.21714163    
  0.498997122      -4.24220848    
  0.499997109      -4.26726961    
  0.500997126      -4.29232502    
  0.501997113      -4.31737471    
  0.502997100      -4.34241867    
  0.503997087      -4.36745644    
  0.504997075      -4.39248800    
  0.505997062      -4.41751337    
  0.506997049      -4.44253206    
  0.507997036      -4.46754408    
  0.508997023      -4.49254942    
  0.509997010      -4.51754761    
  0.510996997      -4.54253912    
  0.511996984      -4.56752348    
  0.512996972      -4.59250021    
  0.513996959      -4.61746979    
  0.514996946      -4.64243174    
  0.515996933      -4.66738605    
  0.516996920      -4.69233227    
  0.517996907      -4.71727037    
  0.518996894      -4.74220037    
  0.519996881      -4.76712227    
  0.520996869      -4.79203558    
  0.521996856      -4.81694031    
  0.522996843      -4.84183645    
  0.523996830      -4.86672401    
  0.524996817      -4.89160252    
  0.525996804      -4.91647196    
  0.526996791      -4.94133186    
  0.527996778      -4.96618271    
  0.528996766      -4.99102402    
  0.529996753      -5.01585579    
  0.530996740      -5.04067755    
  0.531996727      -5.06548929    
  0.532996714      -5.09029102    
  0.533996701      -5.11508274    
  0.534996688      -5.13986397    
  0.535996675      -5.16463470    
  0.536996663      -5.18939495    
  0.537996650      -5.21414423    
  0.538996637      -5.23888254    
  0.539996624      -5.26360989    
  0.540996611      -5.28832579    
  0.541996598      -5.31303072    
  0.542996585      -5.33772421    
  0.543996572      -5.36240578    
  0.544996560      -5.38707590    
  0.545996547      -5.41173410    
  0.546996534      -5.43637991    
  0.547996521      -5.46101379    
  0.548996508      -5.48563528    
  0.549996495      -5.51024437    
  0.550996482      -5.53484058    
  0.551996469      -5.55942440    
  0.552996457      -5.58399487    
  0.553996444      -5.60855246    
  0.554996431      -5.63309717    
  0.555996418      -5.65762854    
  0.556996405      -5.68214607    
  0.557996392      -5.70665026    
  0.558996379      -5.73114061    
  0.559996367      -5.75561714    
  0.560996354      -5.78007936    
  0.561996341      -5.80452776    
  0.562996328      -5.82896185    
  0.563996315      -5.85338116    
  0.564996302      -5.87778616    
  0.565996289      -5.90217638    
  0.566996276      -5.92655134    
  0.567996264      -5.95091152    
  0.568996251      -5.97525644    
  0.569996238      -5.99958611    
  0.570996225      -6.02390051    
  0.571996212      -6.04819918    
  0.572996199      -6.07248211    
  0.573996186      -6.09674883    
  0.574996173      -6.12099981    
  0.575996161      -6.14523458    
  0.576996148      -6.16945314    
  0.577996135      -6.19365501    
  0.578996122      -6.21784019    
  0.579996109      -6.24200869    
  0.580996096      -6.26616001    
  0.581996083      -6.29029465    
  0.582996070      -6.31441212    
  0.583996058      -6.33851194    
  0.584996045      -6.36259413    
  0.585996032      -6.38665867    
  0.586996019      -6.41070557    
  0.587996006      -6.43473482    
  0.588995993      -6.45874596    
  0.589995980      -6.48273849    
  0.590995967      -6.50671291    
  0.591995955      -6.53066874    
  0.592995942      -6.55460596    
  0.593995929      -6.57852411    
  0.594995916      -6.60242367    
  0.595995903      -6.62630415    
  0.596995890      -6.65016508    
  0.597995877      -6.67400646    
  0.598995864      -6.69782829    
  0.599995852      -6.72163057    
  0.600995839      -6.74541330    
  0.601995826      -6.76917601    
  0.602995813      -6.79291821    
  0.603995800      -6.81664038    
  0.604995787      -6.84034204    
  0.605995774      -6.86402321    
  0.606995761      -6.88768339    
  0.607995749      -6.91132307    
  0.608995736      -6.93494129    
  0.609995723      -6.95853853    
  0.610995710      -6.98211432    
  0.611995697      -7.00566864    
  0.612995684      -7.02920151    
  0.613995671      -7.05271244    
  0.614995658      -7.07620144    
  0.615995646      -7.09966850    
  0.616995633      -7.12311316    
  0.617995620      -7.14653587    
  0.618995607      -7.16993570    
  0.619995594      -7.19331312    
  0.620995581      -7.21666765    
  0.621995568      -7.23999929    
  0.622995555      -7.26330757    
  0.623995543      -7.28659248    
  0.624995530      -7.30985403    
  0.625995517      -7.33309221    
  0.626995504      -7.35630655    
  0.627995491      -7.37949705    
  0.628995478      -7.40266371    
  0.629995465      -7.42580605    
  0.630995452      -7.44892406    
  0.631995440      -7.47201777    
  0.632995427      -7.49508667    
  0.633995414      -7.51813078    
  0.634995401      -7.54115009    
  0.635995388      -7.56414413    
  0.636995375      -7.58711290    
  0.637995362      -7.61005640    
  0.638995349      -7.63297462    
  0.639995337      -7.65586710    
  0.640995324      -7.67873383    
  0.641995311      -7.70157433    
  0.642995298      -7.72438860    
  0.643995285      -7.74717665    
  0.644995272      -7.76993847    
  0.645995259      -7.79267359    
  0.646995246      -7.81538200    
  0.647995234      -7.83806324    
  0.648995221      -7.86071777    
  0.649995208      -7.88334465    
  0.650995195      -7.90594435    
  0.651995182      -7.92851639    
  0.652995169      -7.95106077    
  0.653995156      -7.97357750    
  0.654995143      -7.99606609    
  0.655995131      -8.01852703    
  0.656995118      -8.04095936    
  0.657995105      -8.06336308    
  0.658995092      -8.08573818    
  0.659995079      -8.10808468    
  0.660995066      -8.13040257    
  0.661995053      -8.15269089    
  0.662995040      -8.17495060    
  0.663995028      -8.19718075    
  0.664995015      -8.21938133    
  0.665995002      -8.24155235    
  0.666994989      -8.26369381    
  0.667994976      -8.28580475    
  0.668994963      -8.30788612    
  0.669994950      -8.32993698    
  0.670994937      -8.35195732    
  0.671994925      -8.37394714    
  0.672994912      -8.39590549    
  0.673994899      -8.41783333    
  0.674994886      -8.43972969    
  0.675994873      -8.46159554    
  0.676994860      -8.48342991    
  0.677994847      -8.50523281    
  0.678994834      -8.52700424    
  0.679994822      -8.54874325    
  0.680994809      -8.57045078    
  0.681994796      -8.59212589    
  0.682994783      -8.61376858    
  0.683994770      -8.63537884    
  0.684994757      -8.65695667    
  0.685994744      -8.67850113    
  0.686994731      -8.70001316    
  0.687994719      -8.72149181    
  0.688994706      -8.74293709    
  0.689994693      -8.76434898    
  0.690994680      -8.78572750    
  0.691994667      -8.80707264    
  0.692994654      -8.82838345    
  0.693994641      -8.84965992    
  0.694994628      -8.87090206    
  0.695994616      -8.89210987    
  0.696994603      -8.91328335    
  0.697994590      -8.93442249    
  0.698994577      -8.95552635    
  0.699994564      -8.97659588    
  0.700994551      -8.99763012    
  0.701994538      -9.01862907    
  0.702994525      -9.03959179    
  0.703994513      -9.06051922    
  0.704994500      -9.08141136    
  0.705994487      -9.10226727    
  0.706994474      -9.12308693    
  0.707994461      -9.14387035    
  0.708994448      -9.16461754    
  0.709994435      -9.18532753    
  0.710994422      -9.20600128    
  0.711994410      -9.22663784    
  0.712994397      -9.24723721    
  0.713994384      -9.26779938    
  0.714994371      -9.28832436    
  0.715994358      -9.30881214    
  0.716994345      -9.32926178    
  0.717994332      -9.34967327    
  0.718994319      -9.37004662    
  0.719994307      -9.39038181    
  0.720994294      -9.41067886    
  0.721994281      -9.43093777    
  0.722994268      -9.45115757    
  0.723994255      -9.47133923    
  0.724994242      -9.49148178    
  0.725994229      -9.51158524    
  0.726994216      -9.53164864    
  0.727994204      -9.55167294    
  0.728994191      -9.57165718    
  0.729994178      -9.59160233    
  0.730994165      -9.61150742    
  0.731994152      -9.63137245    
  0.732994139      -9.65119648    
  0.733994126      -9.67098045    
  0.734994113      -9.69072342    
  0.735994101      -9.71042633    
  0.736994088      -9.73008823    
  0.737994075      -9.74970913    
  0.738994062      -9.76928806    
  0.739994049      -9.78882599    
  0.740994036      -9.80832195    
  0.741994023      -9.82777596    
  0.742994010      -9.84718895    
  0.743993998      -9.86655903    
  0.744993985      -9.88588715    
  0.745993972      -9.90517330    
  0.746993959      -9.92441654    
  0.747993946      -9.94361687    
  0.748993933      -9.96277428    
  0.749993920      -9.98188877    
  0.750993907      -10.0009604    
  0.751993895      -10.0199881    
  0.752993882      -10.0389729    
  0.753993869      -10.0579138    
  0.754993856      -10.0768108    
  0.755993843      -10.0956631    
  0.756993830      -10.1144714    
  0.757993817      -10.1332359    
  0.758993804      -10.1519556    
  0.759993792      -10.1706305    
  0.760993779      -10.1892605    
  0.761993766      -10.2078457    
  0.762993753      -10.2263851    
  0.763993740      -10.2448797    
  0.764993727      -10.2633286    
  0.765993714      -10.2817316    
  0.766993701      -10.3000889    
  0.767993689      -10.3184004    
  0.768993676      -10.3366652    
  0.769993663      -10.3548841    
  0.770993650      -10.3730564    
  0.771993637      -10.3911819    
  0.772993624      -10.4092607    
  0.773993611      -10.4272919    
  0.774993598      -10.4452763    
  0.775993586      -10.4632130    
  0.776993573      -10.4811020    
  0.777993560      -10.4989433    
  0.778993547      -10.5167370    
  0.779993534      -10.5344830    
  0.780993521      -10.5521803    
  0.781993508      -10.5698299    
  0.782993495      -10.5874310    
  0.783993483      -10.6049833    
  0.784993470      -10.6224861    
  0.785993457      -10.6399403    
  0.786993444      -10.6573448    
  0.787993431      -10.6746998    
  0.788993418      -10.6920061    
  0.789993405      -10.7092619    
  0.790993392      -10.7264681    
  0.791993380      -10.7436247    
  0.792993367      -10.7607307    
  0.793993354      -10.7777863    
  0.794993341      -10.7947912    
  0.795993328      -10.8117456    
  0.796993315      -10.8286495    
  0.797993302      -10.8455019    
  0.798993289      -10.8623028    
  0.799993277      -10.8790522    
  0.800993264      -10.8957500    
  0.801993251      -10.9123964    
  0.802993238      -10.9289913    
  0.803993225      -10.9455338    
  0.804993212      -10.9620237    
  0.805993199      -10.9784613    
  0.806993186      -10.9948463    
  0.807993174      -11.0111790    
  0.808993161      -11.0274582    
  0.809993148      -11.0436850    
  0.810993135      -11.0598583    
  0.811993122      -11.0759783    
  0.812993109      -11.0920448    
  0.813993096      -11.1080570    
  0.814993083      -11.1240158    
  0.815993071      -11.1399202    
  0.816993058      -11.1557703    
  0.817993045      -11.1715660    
  0.818993032      -11.1873064    
  0.819993019      -11.2029924    
  0.820993006      -11.2186232    
  0.821992993      -11.2341986    
  0.822992980      -11.2497187    
  0.823992968      -11.2651834    
  0.824992955      -11.2805929    
  0.825992942      -11.2959461    
  0.826992929      -11.3112440    
  0.827992916      -11.3264856    
  0.828992903      -11.3416710    
  0.829992890      -11.3567991    
  0.830992877      -11.3718710    
  0.831992865      -11.3868856    
  0.832992852      -11.4018431    
  0.833992839      -11.4167433    
  0.834992826      -11.4315863    
  0.835992813      -11.4463720    
  0.836992800      -11.4610996    
  0.837992787      -11.4757700    
  0.838992774      -11.4903822    
  0.839992762      -11.5049362    
  0.840992749      -11.5194311    
  0.841992736      -11.5338678    
  0.842992723      -11.5482454    
  0.843992710      -11.5625639    
  0.844992697      -11.5768232    
  0.845992684      -11.5910234    
  0.846992671      -11.6051645    
  0.847992659      -11.6192455    
  0.848992646      -11.6332674    
  0.849992633      -11.6472292    
  0.850992620      -11.6611309    
  0.851992607      -11.6749716    
  0.852992594      -11.6887522    
  0.853992581      -11.7024717    
  0.854992568      -11.7161303    
  0.855992556      -11.7297277    
  0.856992543      -11.7432642    
  0.857992530      -11.7567396    
  0.858992517      -11.7701530    
  0.859992504      -11.7835045    
  0.860992491      -11.7967939    
  0.861992478      -11.8100214    
  0.862992465      -11.8231869    
  0.863992453      -11.8362904    
  0.864992440      -11.8493309    
  0.865992427      -11.8623085    
  0.866992414      -11.8752232    
  0.867992401      -11.8880749    
  0.868992388      -11.9008627    
  0.869992375      -11.9135876    
  0.870992362      -11.9262486    
  0.871992350      -11.9388456    
  0.872992337      -11.9513788    
  0.873992324      -11.9638472    
  0.874992311      -11.9762516    
  0.875992298      -11.9885912    
  0.876992285      -12.0008659    
  0.877992272      -12.0130758    
  0.878992260      -12.0252209    
  0.879992247      -12.0373001    
  0.880992234      -12.0493145    
  0.881992221      -12.0612631    
  0.882992208      -12.0731459    
  0.883992195      -12.0849628    
  0.884992182      -12.0967131    
  0.885992169      -12.1083975    
  0.886992157      -12.1200151    
  0.887992144      -12.1315660    
  0.888992131      -12.1430502    
  0.889992118      -12.1544676    
  0.890992105      -12.1658173    
  0.891992092      -12.1770992    
  0.892992079      -12.1883144    
  0.893992066      -12.1994610    
  0.894992054      -12.2105398    
  0.895992041      -12.2215509    
  0.896992028      -12.2324934    
  0.897992015      -12.2433672    
  0.898992002      -12.2541723    
  0.899991989      -12.2649088    
  0.900991976      -12.2755766    
  0.901991963      -12.2861748    
  0.902991951      -12.2967033    
  0.903991938      -12.3071623    
  0.904991925      -12.3175516    
  0.905991912      -12.3278713    
  0.906991899      -12.3381205    
  0.907991886      -12.3483000    
  0.908991873      -12.3584089    
  0.909991860      -12.3684473    
  0.910991848      -12.3784142    
  0.911991835      -12.3883104    
  0.912991822      -12.3981352    
  0.913991809      -12.4078884    
  0.914991796      -12.4175701    
  0.915991783      -12.4271803    
  0.916991770      -12.4367180    
  0.917991757      -12.4461842    
  0.918991745      -12.4555779    
  0.919991732      -12.4648991    
  0.920991719      -12.4741478    
  0.921991706      -12.4833231    
  0.922991693      -12.4924259    
  0.923991680      -12.5014553    
  0.924991667      -12.5104113    
  0.925991654      -12.5192938    
  0.926991642      -12.5281029    
  0.927991629      -12.5368376    
  0.928991616      -12.5454979    
  0.929991603      -12.5540848    
  0.930991590      -12.5625963    
  0.931991577      -12.5710335    
  0.932991564      -12.5793962    
  0.933991551      -12.5876837    
  0.934991539      -12.5958958    
  0.935991526      -12.6040325    
  0.936991513      -12.6120939    
  0.937991500      -12.6200790    
  0.938991487      -12.6279888    
  0.939991474      -12.6358223    
  0.940991461      -12.6435795    
  0.941991448      -12.6512604    
  0.942991436      -12.6588640    
  0.943991423      -12.6663914    
  0.944991410      -12.6738415    
  0.945991397      -12.6812143    
  0.946991384      -12.6885099    
  0.947991371      -12.6957273    
  0.948991358      -12.7028675    
  0.949991345      -12.7099295    
  0.950991333      -12.7169132    
  0.951991320      -12.7238188    
  0.952991307      -12.7306452    
  0.953991294      -12.7373934    
  0.954991281      -12.7440624    
  0.955991268      -12.7506523    
  0.956991255      -12.7571630    
  0.957991242      -12.7635946    
  0.958991230      -12.7699461    
  0.959991217      -12.7762175    
  0.960991204      -12.7824087    
  0.961991191      -12.7885199    
  0.962991178      -12.7945509    
  0.963991165      -12.8005018    
  0.964991152      -12.8063717    
  0.965991139      -12.8121605    
  0.966991127      -12.8178682    
  0.967991114      -12.8234949    
  0.968991101      -12.8290396    
  0.969991088      -12.8345032    
  0.970991075      -12.8398848    
  0.971991062      -12.8451843    
  0.972991049      -12.8504009    
  0.973991036      -12.8555355    
  0.974991024      -12.8605871    
  0.975991011      -12.8655558    
  0.976990998      -12.8704414    
  0.977990985      -12.8752441    
  0.978990972      -12.8799639    
  0.979990959      -12.8845997    
  0.980990946      -12.8891516    
  0.981990933      -12.8936195    
  0.982990921      -12.8980036    
  0.983990908      -12.9023027    
  0.984990895      -12.9065180    
  0.985990882      -12.9106483    
  0.986990869      -12.9146938    
  0.987990856      -12.9186544    
  0.988990843      -12.9225292    
  0.989990830      -12.9263191    
  0.990990818      -12.9300232    
  0.991990805      -12.9336414    
  0.992990792      -12.9371738    
  0.993990779      -12.9406195    
  0.994990766      -12.9439793    
  0.995990753      -12.9472523    
  0.996990740      -12.9504385    
  0.997990727      -12.9535379    
  0.998990715      -12.9565496    
  0.999990702      -12.9594746    
   1.00099075      -12.9623117    
   1.00199080      -12.9650612    
   1.00299084      -12.9677229    
   1.00399089      -12.9702959    
   1.00499094      -12.9727812    
   1.00599098      -12.9751778    
   1.00699103      -12.9774857    
   1.00799108      -12.9797049    
   1.00899112      -12.9818344    
   1.00999117      -12.9838753    
   1.01099122      -12.9858265    
   1.01199126      -12.9876881    
   1.01299131      -12.9894600    
   1.01399136      -12.9911413    
   1.01499140      -12.9927330    
   1.01599145      -12.9942341    
   1.01699150      -12.9956446    
   1.01799154      -12.9969645    
   1.01899159      -12.9981928    
   1.01999164      -12.9993305    
   1.02099168      -13.0003767    
   1.02199173      -13.0013313    
   1.02299178      -13.0021944    
   1.02399182      -13.0029650    
   1.02499187      -13.0036440    
   1.02599192      -13.0042305    
   1.02699196      -13.0047245    
   1.02799201      -13.0051260    
   1.02899206      -13.0054340    
   1.02999210      -13.0056496    
   1.03099215      -13.0057716    
   1.03199220      -13.0058002    
   1.03299224      -13.0057354    
   1.03399229      -13.0055761    
   1.03499234      -13.0053225    
   1.03599238      -13.0049753    
   1.03699243      -13.0045338    
   1.03799248      -13.0039968    
   1.03899252      -13.0033655    
   1.03999257      -13.0026388    
   1.04099262      -13.0018167    
   1.04199266      -13.0008993    
   1.04299271      -12.9998865    
   1.04399276      -12.9987783    
   1.04499280      -12.9975739    
   1.04599285      -12.9962730    
   1.04699290      -12.9948759    
   1.04799294      -12.9933825    
   1.04899299      -12.9917917    
   1.04999304      -12.9901037    
   1.05099308      -12.9883194    
   1.05199313      -12.9864378    
   1.05299318      -12.9844580    
   1.05399323      -12.9823809    
   1.05499327      -12.9802055    
   1.05599332      -12.9779320    
   1.05699337      -12.9755602    
   1.05799341      -12.9730902    
   1.05899346      -12.9705210    
   1.05999351      -12.9678526    
   1.06099355      -12.9650850    
   1.06199360      -12.9622183    
   1.06299365      -12.9592524    
   1.06399369      -12.9561863    
   1.06499374      -12.9530210    
   1.06599379      -12.9497557    
   1.06699383      -12.9463892    
   1.06799388      -12.9429226    
   1.06899393      -12.9393549    
   1.06999397      -12.9356871    
   1.07099402      -12.9319181    
   1.07199407      -12.9280472    
   1.07299411      -12.9240751    
   1.07399416      -12.9200010    
   1.07499421      -12.9158258    
   1.07599425      -12.9115477    
   1.07699430      -12.9071674    
   1.07799435      -12.9026852    
   1.07899439      -12.8980999    
   1.07999444      -12.8934116    
   1.08099449      -12.8886204    
   1.08199453      -12.8837261    
   1.08299458      -12.8787279    
   1.08399463      -12.8736267    
   1.08499467      -12.8684216    
   1.08599472      -12.8631124    
   1.08699477      -12.8576984    
   1.08799481      -12.8521805    
   1.08899486      -12.8465576    
   1.08999491      -12.8408298    
   1.09099495      -12.8349972    
   1.09199500      -12.8290596    
   1.09299505      -12.8230162    
   1.09399509      -12.8168669    
   1.09499514      -12.8106117    
   1.09599519      -12.8042507    
   1.09699523      -12.7977839    
   1.09799528      -12.7912102    
   1.09899533      -12.7845297    
   1.09999537      -12.7777424    
   1.10099542      -12.7708483    
   1.10199547      -12.7638464    
   1.10299551      -12.7567377    
   1.10399556      -12.7495213    
   1.10499561      -12.7421970    
   1.10599566      -12.7347641    
   1.10699570      -12.7272234    
   1.10799575      -12.7195740    
   1.10899580      -12.7118158    
   1.10999584      -12.7039490    
   1.11099589      -12.6959734    
   1.11199594      -12.6878881    
   1.11299598      -12.6796942    
   1.11399603      -12.6713905    
   1.11499608      -12.6629763    
   1.11599612      -12.6544523    
   1.11699617      -12.6458178    
   1.11799622      -12.6370726    
   1.11899626      -12.6282167    
   1.11999631      -12.6192503    
   1.12099636      -12.6101732    
   1.12199640      -12.6009846    
   1.12299645      -12.5916843    
   1.12399650      -12.5822725    
   1.12499654      -12.5727491    
   1.12599659      -12.5631132    
   1.12699664      -12.5533657    
   1.12799668      -12.5435057    
   1.12899673      -12.5335321    
   1.12999678      -12.5234461    
   1.13099682      -12.5132465    
   1.13199687      -12.5029345    
   1.13299692      -12.4925089    
   1.13399696      -12.4819689    
   1.13499701      -12.4713154    
   1.13599706      -12.4605474    
   1.13699710      -12.4496651    
   1.13799715      -12.4386683    
   1.13899720      -12.4275570    
   1.13999724      -12.4163313    
   1.14099729      -12.4049902    
   1.14199734      -12.3935337    
   1.14299738      -12.3819618    
   1.14399743      -12.3702736    
   1.14499748      -12.3584700    
   1.14599752      -12.3465500    
   1.14699757      -12.3345137    
   1.14799762      -12.3223610    
   1.14899766      -12.3100910    
   1.14999771      -12.2977047    
   1.15099776      -12.2852011    
   1.15199780      -12.2725801    
   1.15299785      -12.2598419    
   1.15399790      -12.2469854    
   1.15499794      -12.2340107    
   1.15599799      -12.2209177    
   1.15699804      -12.2077065    
   1.15799809      -12.1943769    
   1.15899813      -12.1809282    
   1.15999818      -12.1673613    
   1.16099823      -12.1536751    
   1.16199827      -12.1398687    
   1.16299832      -12.1259432    
   1.16399837      -12.1118975    
   1.16499841      -12.0977316    
   1.16599846      -12.0834455    
   1.16699851      -12.0690393    
   1.16799855      -12.0545120    
   1.16899860      -12.0398645    
   1.16999865      -12.0250959    
   1.17099869      -12.0102062    
   1.17199874      -11.9951944    
   1.17299879      -11.9800615    
   1.17399883      -11.9648066    
   1.17499888      -11.9494295    
   1.17599893      -11.9339294    
   1.17699897      -11.9183073    
   1.17799902      -11.9025621    
   1.17899907      -11.8866940    
   1.17999911      -11.8707027    
   1.18099916      -11.8545885    
   1.18199921      -11.8383503    
   1.18299925      -11.8219891    
   1.18399930      -11.8055038    
   1.18499935      -11.7888937    
   1.18599939      -11.7721596    
   1.18699944      -11.7553005    
   1.18799949      -11.7383165    
   1.18899953      -11.7212076    
   1.18999958      -11.7039738    
   1.19099963      -11.6866140    
   1.19199967      -11.6691294    
   1.19299972      -11.6515188    
   1.19399977      -11.6337824    
   1.19499981      -11.6159191    
   1.19599986      -11.5979300    
   1.19699991      -11.5798140    
   1.19799995      -11.5615711    
   1.19900000      -11.5432005    
   1.20000005      -11.5247030    
   1.20100009      -11.5060778    
   1.20200014      -11.4873247    
   1.20300019      -11.4684439    
   1.20400023      -11.4494352    
   1.20500028      -11.4302979    
   1.20600033      -11.4110317    
   1.20700037      -11.3916368    
   1.20800042      -11.3721132    
   1.20900047      -11.3524599    
   1.21000051      -11.3326778    
   1.21100056      -11.3127661    
   1.21200061      -11.2927246    
   1.21300066      -11.2725525    
   1.21400070      -11.2522507    
   1.21500075      -11.2318182    
   1.21600080      -11.2112551    
   1.21700084      -11.1905613    
   1.21800089      -11.1697359    
   1.21900094      -11.1487789    
   1.22000098      -11.1276913    
   1.22100103      -11.1064711    
   1.22200108      -11.0851192    
   1.22300112      -11.0636349    
   1.22400117      -11.0420189    
   1.22500122      -11.0202703    
   1.22600126      -10.9983883    
   1.22700131      -10.9763737    
   1.22800136      -10.9542255    
   1.22900140      -10.9319439    
   1.23000145      -10.9095287    
   1.23100150      -10.8869801    
   1.23200154      -10.8642969    
   1.23300159      -10.8414793    
   1.23400164      -10.8185272    
   1.23500168      -10.7954407    
   1.23600173      -10.7722197    
   1.23700178      -10.7488632    
   1.23800182      -10.7253714    
   1.23900187      -10.7017441    
   1.24000192      -10.6779814    
   1.24100196      -10.6540823    
   1.24200201      -10.6300468    
   1.24300206      -10.6058750    
   1.24400210      -10.5815668    
   1.24500215      -10.5571213    
   1.24600220      -10.5325394    
   1.24700224      -10.5078201    
   1.24800229      -10.4829636    
   1.24900234      -10.4579687    
   1.25000238      -10.4328365    
   1.25100243      -10.4075661    
   1.25200248      -10.3821573    
   1.25300252      -10.3566093    
   1.25400257      -10.3309231    
   1.25500262      -10.3050976    
   1.25600266      -10.2791328    
   1.25700271      -10.2530289    
   1.25800276      -10.2267857    
   1.25900280      -10.2004023    
   1.26000285      -10.1738787    
   1.26100290      -10.1472149    
   1.26200294      -10.1204109    
   1.26300299      -10.0934658    
   1.26400304      -10.0663805    
   1.26500309      -10.0391541    
   1.26600313      -10.0117855    
   1.26700318      -9.98427582    
   1.26800323      -9.95662403    
   1.26900327      -9.92883015    
   1.27000332      -9.90089417    
   1.27100337      -9.87281609    
   1.27200341      -9.84459496    
   1.27300346      -9.81623173    
   1.27400351      -9.78772545    
   1.27500355      -9.75907516    
   1.27600360      -9.73028183    
   1.27700365      -9.70134449    
   1.27800369      -9.67226315    
   1.27900374      -9.64303780    
   1.28000379      -9.61366844    
   1.28100383      -9.58415413    
   1.28200388      -9.55449486    
   1.28300393      -9.52469063    
   1.28400397      -9.49474144    
   1.28500402      -9.46464634    
   1.28600407      -9.43440628    
   1.28700411      -9.40402031    
   1.28800416      -9.37348747    
   1.28900421      -9.34280872    
   1.29000425      -9.31198311    
   1.29100430      -9.28101063    
   1.29200435      -9.24989128    
   1.29300439      -9.21862507    
   1.29400444      -9.18721104    
   1.29500449      -9.15564919    
   1.29600453      -9.12393951    
   1.29700458      -9.09208202    
   1.29800463      -9.06007671    
   1.29900467      -9.02792263    
   1.30000472      -8.99561977    
   1.30100477      -8.96316814    
   1.30200481      -8.93056679    
   1.30300486      -8.89781666    
   1.30400491      -8.86491680    
   1.30500495      -8.83186722    
   1.30600500      -8.79866695    
   1.30700505      -8.76531696    
   1.30800509      -8.73181629    
   1.30900514      -8.69816494    
   1.31000519      -8.66436291    
   1.31100523      -8.63040924    
   1.31200528      -8.59630489    
   1.31300533      -8.56204891    
   1.31400537      -8.52764034    
   1.31500542      -8.49308014    
   1.31600547      -8.45836735    
   1.31700552      -8.42350292    
   1.31800556      -8.38848495    
   1.31900561      -8.35331440    
   1.32000566      -8.31799126    
   1.32100570      -8.28251457    
   1.32200575      -8.24688435    
   1.32300580      -8.21109962    
   1.32400584      -8.17516136    
   1.32500589      -8.13906860    
   1.32600594      -8.10282135    
   1.32700598      -8.06641960    
   1.32800603      -8.02986336    
   1.32900608      -7.99315166    
   1.33000612      -7.95628452    
   1.33100617      -7.91926193    
   1.33200622      -7.88208342    
   1.33300626      -7.84474897    
   1.33400631      -7.80725861    
   1.33500636      -7.76961136    
   1.33600640      -7.73180771    
   1.33700645      -7.69384718    
   1.33800650      -7.65572929    
   1.33900654      -7.61745405    
   1.34000659      -7.57902145    
   1.34100664      -7.54043102    
   1.34200668      -7.50168276    
   1.34300673      -7.46277618    
   1.34400678      -7.42371130    
   1.34500682      -7.38448763    
   1.34600687      -7.34510517    
   1.34700692      -7.30556345    
   1.34800696      -7.26586246    
   1.34900701      -7.22600174    
   1.35000706      -7.18598127    
   1.35100710      -7.14580107    
   1.35200715      -7.10546064    
   1.35300720      -7.06495953    
   1.35400724      -7.02429771    
   1.35500729      -6.98347521    
   1.35600734      -6.94249153    
   1.35700738      -6.90134621    
   1.35800743      -6.86003923    
   1.35900748      -6.81857061    
   1.36000752      -6.77693987    
   1.36100757      -6.73514700    
   1.36200762      -6.69319153    
   1.36300766      -6.65107346    
   1.36400771      -6.60879230    
   1.36500776      -6.56634808    
   1.36600780      -6.52374077    
   1.36700785      -6.48096991    
   1.36800790      -6.43803501    
   1.36900795      -6.39493608    
   1.37000799      -6.35167313    
   1.37100804      -6.30824566    
   1.37200809      -6.26465321    
   1.37300813      -6.22089577    
   1.37400818      -6.17697334    
   1.37500823      -6.13288546    
   1.37600827      -6.08863211    
   1.37700832      -6.04421282    
   1.37800837      -5.99962711    
   1.37900841      -5.95487547    
   1.38000846      -5.90995693    
   1.38100851      -5.86487198    
   1.38200855      -5.81961966    
   1.38300860      -5.77420044    
   1.38400865      -5.72861385    
   1.38500869      -5.68285942    
   1.38600874      -5.63693714    
   1.38700879      -5.59084654    
   1.38800883      -5.54458761    
   1.38900888      -5.49816036    
   1.39000893      -5.45156431    
   1.39100897      -5.40479898    
   1.39200902      -5.35786438    
   1.39300907      -5.31076050    
   1.39400911      -5.26348686    
   1.39500916      -5.21604347    
   1.39600921      -5.16842985    
   1.39700925      -5.12064600    
   1.39800930      -5.07269144    
   1.39900935      -5.02456570    
   1.40000939      -4.97626925    
   1.40100944      -4.92780113    
   1.40200949      -4.87916183    
   1.40300953      -4.83035088    
   1.40400958      -4.78136778    
   1.40500963      -4.73221254    
   1.40600967      -4.68288469    
   1.40700972      -4.63338423    
   1.40800977      -4.58371067    
   1.40900981      -4.53386402    
   1.41000986      -4.48384428    
   1.41100991      -4.43365097    
   1.41200995      -4.38328362    
   1.41301000      -4.33274221    
   1.41401005      -4.28202677    
   1.41501009      -4.23113680    
   1.41601014      -4.18007183    
   1.41701019      -4.12883186    
   1.41801023      -4.07741690    
   1.41901028      -4.02582645    
   1.42001033      -3.97406054    
   1.42101038      -3.92211866    
   1.42201042      -3.87000060    
   1.42301047      -3.81770635    
   1.42401052      -3.76523542    
   1.42501056      -3.71258759    
   1.42601061      -3.65976286    
   1.42701066      -3.60676074    
   1.42801070      -3.55358124    
   1.42901075      -3.50022411    
   1.43001080      -3.44668889    
   1.43101084      -3.39297557    
   1.43201089      -3.33908391    
   1.43301094      -3.28501344    
   1.43401098      -3.23076415    
   1.43501103      -3.17633581    
   1.43601108      -3.12172818    
   1.43701112      -3.06694078    
   1.43801117      -3.01197362    
   1.43901122      -2.95682645    
   1.44001126      -2.90149903    
   1.44101131      -2.84599113    
   1.44201136      -2.79030252    
   1.44301140      -2.73443294    
   1.44401145      -2.67838216    
   1.44501150      -2.62214994    
   1.44601154      -2.56573606    
   1.44701159      -2.50914025    
   1.44801164      -2.45236230    
   1.44901168      -2.39540219    
   1.45001173      -2.33825946    
   1.45101178      -2.28093386    
   1.45201182      -2.22342515    
   1.45301187      -2.16573310    
   1.45401192      -2.10785770    
   1.45501196      -2.04979849    
   1.45601201      -1.99155533    
   1.45701206      -1.93312788    
   1.45801210      -1.87451601    
   1.45901215      -1.81571949    
   1.46001220      -1.75673807    
   1.46101224      -1.69757152    
   1.46201229      -1.63821959    
   1.46301234      -1.57868207    
   1.46401238      -1.51895869    
   1.46501243      -1.45904922    
   1.46601248      -1.39895344    
   1.46701252      -1.33867109    
   1.46801257      -1.27820194    
   1.46901262      -1.21754575    
   1.47001266      -1.15670228    
   1.47101271      -1.09567142    
   1.47201276      -1.03445280    
   1.47301280     -0.973046243    
   1.47401285     -0.911451459    
   1.47501290     -0.849668264    
   1.47601295     -0.787696421    
   1.47701299     -0.725535691    
   1.47801304     -0.663185835    
   1.47901309     -0.600646615    
   1.48001313     -0.537917793    
   1.48101318     -0.474999130    
   1.48201323     -0.411890417    
   1.48301327     -0.348591387    
   1.48401332     -0.285101831    
   1.48501337     -0.221421480    
   1.48601341     -0.157550126    
   1.48701346      -9.34875235E-02
   1.48801351      -2.92334482E-02
   1.48901355       3.52123380E-02
   1.49001360       9.98500809E-02
   1.49101365      0.164680004    
   1.49201369      0.229702368    
   1.49301374      0.294917375    
   1.49401379      0.360325307    
   1.49501383      0.425926358    
   1.49601388      0.491720796    
   1.49701393      0.557708800    
   1.49801397      0.623890698    
   1.49901402      0.690266669    
   1.50001407      0.756836951    
   1.50101411      0.823601782    
   1.50201416      0.890561402    
   1.50301421      0.957716048    
   1.50401425       1.02506590    
   1.50501430       1.09261131    
   1.50601435       1.16035247    
   1.50701439       1.22828960    
   1.50801444       1.29642296    
   1.50901449       1.36475277    
   1.51001453       1.43327928    
   1.51101458       1.50200272    
   1.51201463       1.57092333    
   1.51301467       1.64004135    
   1.51401472       1.70935702    
   1.51501477       1.77887058    
   1.51601481       1.84858227    
   1.51701486       1.91849232    
   1.51801491       1.98860097    
   1.51901495       2.05890846    
   1.52001500       2.12941504    
   1.52101505       2.20012093    
   1.52201509       2.27102637    
   1.52301514       2.34213161    
   1.52401519       2.41343689    
   1.52501523       2.48494244    
   1.52601528       2.55664849    
   1.52701533       2.62855530    
   1.52801538       2.70066309    
   1.52901542       2.77297211    
   1.53001547       2.84548259    
   1.53101552       2.91819477    
   1.53201556       2.99110889    
   1.53301561       3.06422520    
   1.53401566       3.13754392    
   1.53501570       3.21106529    
   1.53601575       3.28478956    
   1.53701580       3.35871696    
   1.53801584       3.43284774    
   1.53901589       3.50718212    
   1.54001594       3.58172035    
   1.54101598       3.65646267    
   1.54201603       3.73140931    
   1.54301608       3.80656052    
   1.54401612       3.88191652    
   1.54501617       3.95747781    
   1.54601622       4.03324413    
   1.54701626       4.10921621    
   1.54801631       4.18539381    
   1.54901636       4.26177788    
   1.55001640       4.33836794    
   1.55101645       4.41516447    
   1.55201650       4.49216795    
   1.55301654       4.56937838    
   1.55401659       4.64679623    
   1.55501664       4.72442150    
   1.55601668       4.80225420    
   1.55701673       4.88029480    
   1.55801678       4.95854378    
   1.55901682       5.03700113    
   1.56001687       5.11566734    
   1.56101692       5.19454241    
   1.56201696       5.27362680    
   1.56301701       5.35292053    
   1.56401706       5.43242407    
   1.56501710       5.51213741    
   1.56601715       5.59206104    
   1.56701720       5.67219496    
   1.56801724       5.75253916    
   1.56901729       5.83309460    
   1.57001734       5.91386080    
   1.57101738       5.99483871    
   1.57201743       6.07602787    
   1.57301748       6.15742922    
   1.57401752       6.23904276    
   1.57501757       6.32086849    
   1.57601762       6.40290689    
   1.57701766       6.48515797    
   1.57801771       6.56762218    
   1.57901776       6.65029955    
   1.58001781       6.73319054    
   1.58101785       6.81629515    
   1.58201790       6.89961386    
   1.58301795       6.98314714    
   1.58401799       7.06689501    
   1.58501804       7.15085745    
   1.58601809       7.23503494    
   1.58701813       7.31942749    
   1.58801818       7.40403557    
   1.58901823       7.48885965    
   1.59001827       7.57389975    
   1.59101832       7.65915585    
   1.59201837       7.74462843    
   1.59301841       7.83031797    
   1.59401846       7.91622448    
   1.59501851       8.00234795    
   1.59601855       8.08868885    
   1.59701860       8.17524719    
   1.59801865       8.26202393    
   1.59901869       8.34901905    
   1.60001874       8.43623257    
   1.60101879       8.52366447    
   1.60201883       8.61131573    
   1.60301888       8.69918633    
   1.60401893       8.78727627    
   1.60501897       8.87558556    
   1.60601902       8.96411514    
   1.60701907       9.05286503    
   1.60801911       9.14183521    
   1.60901916       9.23102570    
   1.61001921       9.32043743    
   1.61101925       9.41007042    
   1.61201930       9.49992466    
   1.61301935       9.59000015    
   1.61401939       9.68029785    
   1.61501944       9.77081776    
   1.61601949       9.86155987    
   1.61701953       9.95252419    
   1.61801958       10.0437117    
   1.61901963       10.1351223    
   1.62001967       10.2267561    
   1.62101972       10.3186140    
   1.62201977       10.4106960    
   1.62301981       10.5030022    
   1.62401986       10.5955324    
   1.62501991       10.6882868    
   1.62601995       10.7812662    
   1.62702000       10.8744707    
   1.62802005       10.9679012    
   1.62902009       11.0615568    
   1.63002014       11.1554384    
   1.63102019       11.2495461    
   1.63202024       11.3438797    
   1.63302028       11.4384403    
   1.63402033       11.5332279    
   1.63502038       11.6282425    
   1.63602042       11.7234840    
   1.63702047       11.8189535    
   1.63802052       11.9146509    
   1.63902056       12.0105762    
   1.64002061       12.1067305    
   1.64102066       12.2031126    
   1.64202070       12.2997236    
   1.64302075       12.3965635    
   1.64402080       12.4936333    
   1.64502084       12.5909328    
   1.64602089       12.6884623    
   1.64702094       12.7862215    
   1.64802098       12.8842106    
   1.64902103       12.9824305    
   1.65002108       13.0808811    
   1.65102112       13.1795635    
   1.65202117       13.2784767    
   1.65302122       13.3776217    
   1.65402126       13.4769983    
   1.65502131       13.5766077    
   1.65602136       13.6764488    
   1.65702140       13.7765226    
   1.65802145       13.8768291    
   1.65902150       13.9773693    
   1.66002154       14.0781422    
   1.66102159       14.1791487    
   1.66202164       14.2803888    
   1.66302168       14.3818636    
   1.66402173       14.4835730    
   1.66502178       14.5855169    
   1.66602182       14.6876955    
   1.66702187       14.7901087    
   1.66802192       14.8927574    
   1.66902196       14.9956417    
   1.67002201       15.0987625    
   1.67102206       15.2021189    
   1.67202210       15.3057117    
   1.67302215       15.4095411    
   1.67402220       15.5136070    
   1.67502224       15.6179104    
   1.67602229       15.7224512    
   1.67702234       15.8272295    
   1.67802238       15.9322462    
   1.67902243       16.0375004    
   1.68002248       16.1429939    
   1.68102252       16.2487259    
   1.68202257       16.3546963    
   1.68302262       16.4609051    
   1.68402267       16.5673542    
   1.68502271       16.6740437    
   1.68602276       16.7809715    
   1.68702281       16.8881397    
   1.68802285       16.9955482    
   1.68902290       17.1031971    
   1.69002295       17.2110882    
   1.69102299       17.3192196    
   1.69202304       17.4275932    
   1.69302309       17.5362072    
   1.69402313       17.6450634    
   1.69502318       17.7541618    
   1.69602323       17.8635025    
   1.69702327       17.9730873    
   1.69802332       18.0829144    
   1.69902337       18.1929836    
   1.70002341       18.3032970    
   1.70102346       18.4138546    
   1.70202351       18.5246563    
   1.70302355       18.6357021    
   1.70402360       18.7469921    
   1.70502365       18.8585262    
   1.70602369       18.9703064    
   1.70702374       19.0823307    
   1.70802379       19.1946011    
   1.70902383       19.3071175    
   1.71002388       19.4198799    
   1.71102393       19.5328884    
   1.71202397       19.6461430    
   1.71302402       19.7596455    
   1.71402407       19.8733940    
   1.71502411       19.9873905    
   1.71602416       20.1016331    
   1.71702421       20.2161236    
   1.71802425       20.3308620    
   1.71902430       20.4458504    
   1.72002435       20.5610867    
   1.72102439       20.6765709    
   1.72202444       20.7923050    
   1.72302449       20.9082890    
   1.72402453       21.0245209    
   1.72502458       21.1410027    
   1.72602463       21.2577362    
   1.72702467       21.3747196    
   1.72802472       21.4919529    
   1.72902477       21.6094379    
   1.73002481       21.7271729    
   1.73102486       21.8451595    
   1.73202491       21.9633980    
   1.73302495       22.0818882    
   1.73402500       22.2006302    
   1.73502505       22.3196259    
   1.73602509       22.4388733    
   1.73702514       22.5583744    
   1.73802519       22.6781273    
   1.73902524       22.7981339    
   1.74002528       22.9183941    
   1.74102533       23.0389080    
   1.74202538       23.1596775    
   1.74302542       23.2807007    
   1.74402547       23.4019794    
   1.74502552       23.5235119    
   1.74602556       23.6452999    
   1.74702561       23.7673435    
   1.74802566       23.8896427    
   1.74902570       24.0121975    
   1.75002575       24.1350098    
   1.75102580       24.2580776    
   1.75202584       24.3814030    
   1.75302589       24.5049858    
   1.75402594       24.6288261    
   1.75502598       24.7529240    
   1.75602603       24.8772793    
   1.75702608       25.0018921    
   1.75802612       25.1267643    
   1.75902617       25.2518940    
   1.76002622       25.3772831    
   1.76102626       25.5029316    
   1.76202631       25.6288395    
   1.76302636       25.7550068    
   1.76402640       25.8814335    
   1.76502645       26.0081215    
   1.76602650       26.1350689    
   1.76702654       26.2622776    
   1.76802659       26.3897476    
   1.76902664       26.5174770    
   1.77002668       26.6454697    
   1.77102673       26.7737236    
   1.77202678       26.9022388    
   1.77302682       27.0310173    
   1.77402687       27.1600571    
   1.77502692       27.2893600    
   1.77602696       27.4189262    
   1.77702701       27.5487556    
   1.77802706       27.6788483    
   1.77902710       27.8092041    
   1.78002715       27.9398251    
   1.78102720       28.0707092    
   1.78202724       28.2018585    
   1.78302729       28.3332729    
   1.78402734       28.4649525    
   1.78502738       28.5968971    
   1.78602743       28.7291069    
   1.78702748       28.8615837    
   1.78802752       28.9943256    
   1.78902757       29.1273346    
   1.79002762       29.2606106    
   1.79102767       29.3941536    
   1.79202771       29.5279636    
   1.79302776       29.6620407    
   1.79402781       29.7963848    
   1.79502785       29.9309978    
   1.79602790       30.0658798    
   1.79702795       30.2010288    
   1.79802799       30.3364468    
   1.79902804       30.4721336    
   1.80002809       30.6080894    
   1.80102813       30.7443161    
   1.80202818       30.8808117    
   1.80302823       31.0175781    
   1.80402827       31.1546154    
   1.80502832       31.2919216    
   1.80602837       31.4294987    
   1.80702841       31.5673485    
   1.80802846       31.7054691    
   1.80902851       31.8438606    
   1.81002855       31.9825249    
   1.81102860       32.1214600    
   1.81202865       32.2606697    
   1.81302869       32.4001503    
   1.81402874       32.5399055    
   1.81502879       32.6799316    
   1.81602883       32.8202324    
   1.81702888       32.9608078    
   1.81802893       33.1016579    
   1.81902897       33.2427826    
   1.82002902       33.3841820    
   1.82102907       33.5258560    
   1.82202911       33.6678047    
   1.82302916       33.8100281    
   1.82402921       33.9525261    
   1.82502925       34.0953026    
   1.82602930       34.2383537    
   1.82702935       34.3816795    
   1.82802939       34.5252838    
   1.82902944       34.6691666    
   1.83002949       34.8133240    
   1.83102953       34.9577599    
   1.83202958       35.1024742    
   1.83302963       35.2474670    
   1.83402967       35.3927383    
   1.83502972       35.5382881    
   1.83602977       35.6841164    
   1.83702981       35.8302231    
   1.83802986       35.9766083    
   1.83902991       36.1232719    
   1.84002995       36.2702179    
   1.84103000       36.4174423    
   1.84203005       36.5649490    
   1.84303010       36.7127342    
   1.84403014       36.8608017    
   1.84503019       37.0091515    
   1.84603024       37.1577797    
   1.84703028       37.3066902    
   1.84803033       37.4558830    
   1.84903038       37.6053581    
   1.85003042       37.7551155    
   1.85103047       37.9051552    
   1.85203052       38.0554810    
   1.85303056       38.2060890    
   1.85403061       38.3569794    
   1.85503066       38.5081558    
   1.85603070       38.6596146    
   1.85703075       38.8113594    
   1.85803080       38.9633865    
   1.85903084       39.1156998    
   1.86003089       39.2682991    
   1.86103094       39.4211845    
   1.86203098       39.5743523    
   1.86303103       39.7278061    
   1.86403108       39.8815460    
   1.86503112       40.0355759    
   1.86603117       40.1898918    
   1.86703122       40.3444939    
   1.86803126       40.4993820    
   1.86903131       40.6545601    
   1.87003136       40.8100243    
   1.87103140       40.9657784    
   1.87203145       41.1218185    
   1.87303150       41.2781487    
   1.87403154       41.4347687    
   1.87503159       41.5916786    
   1.87603164       41.7488747    
   1.87703168       41.9063606    
   1.87803173       42.0641365    
   1.87903178       42.2222061    
   1.88003182       42.3805656    
   1.88103187       42.5392151    
   1.88203192       42.6981544    
   1.88303196       42.8573875    
   1.88403201       43.0169106    
   1.88503206       43.1767273    
   1.88603210       43.3368340    
   1.88703215       43.4972343    
   1.88803220       43.6579285    
   1.88903224       43.8189125    
   1.89003229       43.9801903    
   1.89103234       44.1417618    
   1.89203238       44.3036270    
   1.89303243       44.4657860    
   1.89403248       44.6282425    
   1.89503253       44.7909927    
   1.89603257       44.9540367    
   1.89703262       45.1173782    
   1.89803267       45.2810135    
   1.89903271       45.4449425    
   1.90003276       45.6091690    
   1.90103281       45.7736931    
   1.90203285       45.9385109    
   1.90303290       46.1036263    
   1.90403295       46.2690392    
   1.90503299       46.4347496    
   1.90603304       46.6007576    
   1.90703309       46.7670631    
   1.90803313       46.9336662    
   1.90903318       47.1005707    
   1.91003323       47.2677727    
   1.91103327       47.4352722    
   1.91203332       47.6030731    
   1.91303337       47.7711716    
   1.91403341       47.9395714    
   1.91503346       48.1082687    
   1.91603351       48.2772675    
   1.91703355       48.4465675    
   1.91803360       48.6161690    
   1.91903365       48.7860718    
   1.92003369       48.9562759    
   1.92103374       49.1267815    
   1.92203379       49.2975883    
   1.92303383       49.4686966    
   1.92403388       49.6401100    
   1.92503393       49.8118248    
   1.92603397       49.9838409    
   1.92703402       50.1561623    
   1.92803407       50.3287849    
   1.92903411       50.5017128    
   1.93003416       50.6749458    
   1.93103421       50.8484840    
   1.93203425       51.0223274    
   1.93303430       51.1964722    
   1.93403435       51.3709259    
   1.93503439       51.5456848    
   1.93603444       51.7207489    
   1.93703449       51.8961182    
   1.93803453       52.0717926    
   1.93903458       52.2477760    
   1.94003463       52.4240646    
   1.94103467       52.6006622    
   1.94203472       52.7775650    
   1.94303477       52.9547768    
   1.94403481       53.1322975    
   1.94503486       53.3101234    
   1.94603491       53.4882584    
   1.94703496       53.6667023    
   1.94803500       53.8454552    
   1.94903505       54.0245171    
   1.95003510       54.2038918    
   1.95103514       54.3835754    
   1.95203519       54.5635681    
   1.95303524       54.7438698    
   1.95403528       54.9244843    
   1.95503533       55.1054077    
   1.95603538       55.2866440    
   1.95703542       55.4681931    
   1.95803547       55.6500511    
   1.95903552       55.8322220    
   1.96003556       56.0147057    
   1.96103561       56.1975021    
   1.96203566       56.3806114    
   1.96303570       56.5640335    
   1.96403575       56.7477684    
   1.96503580       56.9318199    
   1.96603584       57.1161842    
   1.96703589       57.3008614    
   1.96803594       57.4858551    
   1.96903598       57.6711617    
   1.97003603       57.8567848    
   1.97103608       58.0427246    
   1.97203612       58.2289810    
   1.97303617       58.4155502    
   1.97403622       58.6024361    
   1.97503626       58.7896385    
   1.97603631       58.9771576    
   1.97703636       59.1649933    
   1.97803640       59.3531494    
   1.97903645       59.5416222    
   1.98003650       59.7304115    
   1.98103654       59.9195213    
   1.98203659       60.1089478    
   1.98303664       60.2986946    
   1.98403668       60.4887581    
   1.98503673       60.6791420    
   1.98603678       60.8698463    
   1.98703682       61.0608711    
   1.98803687       61.2522163    
   1.98903692       61.4438820    
   1.99003696       61.6358681    
   1.99103701       61.8281746    
   1.99203706       62.0208015    
   1.99303710       62.2137489    
   1.99403715       62.4070206    
   1.99503720       62.6006126    
   1.99603724       62.7945290    
   1.99703729       62.9887657    
   1.99803734       63.1833267    
   1.99903738       63.3782082    
   2.00003743       63.5734138    
   2.00103736       63.7689438    
   2.00203729       63.9647980    
   2.00303721       64.1609802    
   2.00403714       64.3574829    
   2.00503707       64.5543137    
   2.00603700       64.7514648    
   2.00703692       64.9489441    
   2.00803685       65.1467514    
   2.00903678       65.3448792    
   2.01003671       65.5433350    
   2.01103663       65.7421188    
   2.01203656       65.9412308    
   2.01303649       66.1406708    
   2.01403642       66.3404388    
   2.01503634       66.5405350    
   2.01603627       66.7409592    
   2.01703620       66.9417114    
   2.01803613       67.1427917    
   2.01903605       67.3442001    
   2.02003598       67.5459366    
   2.02103591       67.7480011    
   2.02203584       67.9503937    
   2.02303576       68.1531143    
   2.02403569       68.3561707    
   2.02503562       68.5595551    
   2.02603555       68.7632675    
   2.02703547       68.9673157    
   2.02803540       69.1716919    
   2.02903533       69.3764038    
   2.03003526       69.5814438    
   2.03103518       69.7868195    
   2.03203511       69.9925232    
   2.03303504       70.1985626    
   2.03403497       70.4049377    
   2.03503489       70.6116409    
   2.03603482       70.8186798    
   2.03703475       71.0260544    
   2.03803468       71.2337646    
   2.03903461       71.4418030    
   2.04003453       71.6501770    
   2.04103446       71.8588867    
   2.04203439       72.0679321    
   2.04303432       72.2773132    
   2.04403424       72.4870300    
   2.04503417       72.6970825    
   2.04603410       72.9074707    
   2.04703403       73.1181946    
   2.04803395       73.3292618    
   2.04903388       73.5406647    
   2.05003381       73.7524033    
   2.05103374       73.9644775    
   2.05203366       74.1768951    
   2.05303359       74.3896484    
   2.05403352       74.6027374    
   2.05503345       74.8161697    
   2.05603337       75.0299377    
   2.05703330       75.2440491    
   2.05803323       75.4584961    
   2.05903316       75.6732864    
   2.06003308       75.8884125    
   2.06103301       76.1038818    
   2.06203294       76.3196945    
   2.06303287       76.5358429    
   2.06403279       76.7523346    
   2.06503272       76.9691696    
   2.06603265       77.1863480    
   2.06703258       77.4038696    
   2.06803250       77.6217346    
   2.06903243       77.8399429    
   2.07003236       78.0584946    
   2.07103229       78.2773895    
   2.07203221       78.4966278    
   2.07303214       78.7162094    
   2.07403207       78.9361343    
   2.07503200       79.1564026    
   2.07603192       79.3770142    
   2.07703185       79.5979767    
   2.07803178       79.8192825    
   2.07903171       80.0409317    
   2.08003163       80.2629318    
   2.08103156       80.4852753    
   2.08203149       80.7079620    
   2.08303142       80.9309998    
   2.08403134       81.1543808    
   2.08503127       81.3781128    
   2.08603120       81.6021881    
   2.08703113       81.8266144    
   2.08803105       82.0513916    
   2.08903098       82.2765121    
   2.09003091       82.5019836    
   2.09103084       82.7278061    
   2.09203076       82.9539795    
   2.09303069       83.1805038    
   2.09403062       83.4073715    
   2.09503055       83.6345901    
   2.09603047       83.8621597    
   2.09703040       84.0900803    
   2.09803033       84.3183517    
   2.09903026       84.5469742    
   2.10003018       84.7759552    
   2.10103011       85.0052872    
   2.10203004       85.2349701    
   2.10302997       85.4650040    
   2.10402989       85.6953888    
   2.10502982       85.9261322    
   2.10602975       86.1572266    
   2.10702968       86.3886719    
   2.10802960       86.6204758    
   2.10902953       86.8526306    
   2.11002946       87.0851440    
   2.11102939       87.3180084    
   2.11202931       87.5512314    
   2.11302924       87.7848053    
   2.11402917       88.0187378    
   2.11502910       88.2530289    
   2.11602902       88.4876709    
   2.11702895       88.7226715    
   2.11802888       88.9580307    
   2.11902881       89.1937485    
   2.12002873       89.4298248    
   2.12102866       89.6662598    
   2.12202859       89.9030457    
   2.12302852       90.1401901    
   2.12402844       90.3776932    
   2.12502837       90.6155624    
   2.12602830       90.8537903    
   2.12702823       91.0923767    
   2.12802815       91.3313217    
   2.12902808       91.5706253    
   2.13002801       91.8102875    
   2.13102794       92.0503159    
   2.13202786       92.2907028    
   2.13302779       92.5314484    
   2.13402772       92.7725601    
   2.13502765       93.0140305    
   2.13602757       93.2558670    
   2.13702750       93.4980621    
   2.13802743       93.7406235    
   2.13902736       93.9835434    
   2.14002728       94.2268295    
   2.14102721       94.4704819    
   2.14202714       94.7144928    
   2.14302707       94.9588699    
   2.14402699       95.2036133    
   2.14502692       95.4487228    
   2.14602685       95.6941910    
   2.14702678       95.9400253    
   2.14802670       96.1862259    
   2.14902663       96.4327927    
   2.15002656       96.6797256    
   2.15102649       96.9270248    
   2.15202641       97.1746902    
   2.15302634       97.4227219    
   2.15402627       97.6711273    
   2.15502620       97.9198990    
   2.15602612       98.1690369    
   2.15702605       98.4185410    
   2.15802598       98.6684189    
   2.15902591       98.9186630    
   2.16002584       99.1692734    
   2.16102576       99.4202576    
   2.16202569       99.6716080    
   2.16302562       99.9233322    
   2.16402555       100.175423    
   2.16502547       100.427887    
   2.16602540       100.680717    
   2.16702533       100.933922    
   2.16802526       101.187500    
   2.16902518       101.441452    
   2.17002511       101.695770    
   2.17102504       101.950462    
   2.17202497       102.205528    
   2.17302489       102.460968    
   2.17402482       102.716782    
   2.17502475       102.972969    
   2.17602468       103.229530    
   2.17702460       103.486465    
   2.17802453       103.743774    
   2.17902446       104.001457    
   2.18002439       104.259514    
   2.18102431       104.517944    
   2.18202424       104.776756    
   2.18302417       105.035942    
   2.18402410       105.295502    
   2.18502402       105.555435    
   2.18602395       105.815750    
   2.18702388       106.076439    
   2.18802381       106.337509    
   2.18902373       106.598953    
   2.19002366       106.860779    
   2.19102359       107.122978    
   2.19202352       107.385559    
   2.19302344       107.648521    
   2.19402337       107.911858    
   2.19502330       108.175575    
   2.19602323       108.439674    
   2.19702315       108.704155    
   2.19802308       108.969009    
   2.19902301       109.234245    
   2.20002294       109.499863    
   2.20102286       109.765862    
   2.20202279       110.032242    
   2.20302272       110.299004    
   2.20402265       110.566147    
   2.20502257       110.833672    
   2.20602250       111.101585    
   2.20702243       111.369881    
   2.20802236       111.638557    
   2.20902228       111.907616    
   2.21002221       112.177063    
   2.21102214       112.446892    
   2.21202207       112.717102    
   2.21302199       112.987701    
   2.21402192       113.258682    
   2.21502185       113.530052    
   2.21602178       113.801804    
   2.21702170       114.073944    
   2.21802163       114.346466    
   2.21902156       114.619377    
   2.22002149       114.892677    
   2.22102141       115.166367    
   2.22202134       115.440437    
   2.22302127       115.714897    
   2.22402120       115.989746    
   2.22502112       116.264984    
   2.22602105       116.540611    
   2.22702098       116.816628    
   2.22802091       117.093033    
   2.22902083       117.369827    
   2.23002076       117.647011    
   2.23102069       117.924583    
   2.23202062       118.202545    
   2.23302054       118.480896    
   2.23402047       118.759644    
   2.23502040       119.038780    
   2.23602033       119.318306    
   2.23702025       119.598228    
   2.23802018       119.878540    
   2.23902011       120.159241    
   2.24002004       120.440338    
   2.24101996       120.721825    
   2.24201989       121.003708    
   2.24301982       121.285988    
   2.24401975       121.568657    
   2.24501967       121.851723    
   2.24601960       122.135185    
   2.24701953       122.419037    
   2.24801946       122.703285    
   2.24901938       122.987930    
   2.25001931       123.272972    
   2.25101924       123.558411    
   2.25201917       123.844246    
   2.25301909       124.130478    
   2.25401902       124.417107    
   2.25501895       124.704132    
   2.25601888       124.991554    
   2.25701880       125.279373    
   2.25801873       125.567589    
   2.25901866       125.856201    
   2.26001859       126.145218    
   2.26101851       126.434631    
   2.26201844       126.724442    
   2.26301837       127.014656    
   2.26401830       127.305267    
   2.26501822       127.596283    
   2.26601815       127.887695    
   2.26701808       128.179504    
   2.26801801       128.471725    
   2.26901793       128.764343    
   2.27001786       129.057358    
   2.27101779       129.350784    
   2.27201772       129.644608    
   2.27301764       129.938828    
   2.27401757       130.233459    
   2.27501750       130.528488    
   2.27601743       130.823929    
   2.27701735       131.119766    
   2.27801728       131.416016    
   2.27901721       131.712662    
   2.28001714       132.009720    
   2.28101707       132.307175    
   2.28201699       132.605042    
   2.28301692       132.903305    
   2.28401685       133.201981    
   2.28501678       133.501053    
   2.28601670       133.800537    
   2.28701663       134.100433    
   2.28801656       134.400726    
   2.28901649       134.701431    
   2.29001641       135.002548    
   2.29101634       135.304077    
   2.29201627       135.606003    
   2.29301620       135.908340    
   2.29401612       136.211090    
   2.29501605       136.514252    
   2.29601598       136.817825    
   2.29701591       137.121796    
   2.29801583       137.426178    
   2.29901576       137.730972    
   2.30001569       138.036179    
   2.30101562       138.341797    
   2.30201554       138.647827    
   2.30301547       138.954269    
   2.30401540       139.261124    
   2.30501533       139.568390    
   2.30601525       139.876068    
   2.30701518       140.184158    
   2.30801511       140.492661    
   2.30901504       140.801575    
   2.31001496       141.110901    
   2.31101489       141.420654    
   2.31201482       141.730820    
   2.31301475       142.041397    
   2.31401467       142.352386    
   2.31501460       142.663788    
   2.31601453       142.975616    
   2.31701446       143.287857    
   2.31801438       143.600510    
   2.31901431       143.913574    
   2.32001424       144.227066    
   2.32101417       144.540970    
   2.32201409       144.855286    
   2.32301402       145.170029    
   2.32401395       145.485184    
   2.32501388       145.800766    
   2.32601380       146.116760    
   2.32701373       146.433182    
   2.32801366       146.750015    
   2.32901359       147.067261    
   2.33001351       147.384933    
   2.33101344       147.703033    
   2.33201337       148.021545    
   2.33301330       148.340485    
   2.33401322       148.659836    
   2.33501315       148.979614    
   2.33601308       149.299820    
   2.33701301       149.620438    
   2.33801293       149.941483    
   2.33901286       150.262955    
   2.34001279       150.584839    
   2.34101272       150.907150    
   2.34201264       151.229889    
   2.34301257       151.553055    
   2.34401250       151.876633    
   2.34501243       152.200638    
   2.34601235       152.525070    
   2.34701228       152.849930    
   2.34801221       153.175217    
   2.34901214       153.500931    
   2.35001206       153.827072    
   2.35101199       154.153625    
   2.35201192       154.480606    
   2.35301185       154.808014    
   2.35401177       155.135849    
   2.35501170       155.464111    
   2.35601163       155.792801    
   2.35701156       156.121933    
   2.35801148       156.451492    
   2.35901141       156.781479    
   2.36001134       157.111893    
   2.36101127       157.442734    
   2.36201119       157.774002    
   2.36301112       158.105698    
   2.36401105       158.437820    
   2.36501098       158.770386    
   2.36601090       159.103378    
   2.36701083       159.436798    
   2.36801076       159.770645    
   2.36901069       160.104935    
   2.37001061       160.439651    
   2.37101054       160.774796    
   2.37201047       161.110382    
   2.37301040       161.446396    
   2.37401032       161.782852    
   2.37501025       162.119736    
   2.37601018       162.457047    
   2.37701011       162.794800    
   2.37801003       163.132980    
   2.37900996       163.471603    
   2.38000989       163.810654    
   2.38100982       164.150146    
   2.38200974       164.490082    
   2.38300967       164.830444    
   2.38400960       165.171249    
   2.38500953       165.512482    
   2.38600945       165.854156    
   2.38700938       166.196274    
   2.38800931       166.538818    
   2.38900924       166.881805    
   2.39000916       167.225235    
   2.39100909       167.569092    
   2.39200902       167.913391    
   2.39300895       168.258133    
   2.39400887       168.603317    
   2.39500880       168.948944    
   2.39600873       169.295013    
   2.39700866       169.641510    
   2.39800858       169.988449    
   2.39900851       170.335831    
   2.40000844       170.683655    
   2.40100837       171.031921    
   2.40200830       171.380630    
   2.40300822       171.729782    
   2.40400815       172.079376    
   2.40500808       172.429413    
   2.40600801       172.779892    
   2.40700793       173.130814    
   2.40800786       173.482178    
   2.40900779       173.833984    
   2.41000772       174.186234    
   2.41100764       174.538940    
   2.41200757       174.892090    
   2.41300750       175.245682    
   2.41400743       175.599716    
   2.41500735       175.954193    
   2.41600728       176.309128    
   2.41700721       176.664505    
   2.41800714       177.020325    
   2.41900706       177.376602    
   2.42000699       177.733322    
   2.42100692       178.090485    
   2.42200685       178.448105    
   2.42300677       178.806168    
   2.42400670       179.164673    
   2.42500663       179.523636    
   2.42600656       179.883041    
   2.42700648       180.242905    
   2.42800641       180.603210    
   2.42900634       180.963974    
   2.43000627       181.325180    
   2.43100619       181.686844    
   2.43200612       182.048965    
   2.43300605       182.411530    
   2.43400598       182.774551    
   2.43500590       183.138016    
   2.43600583       183.501938    
   2.43700576       183.866318    
   2.43800569       184.231140    
   2.43900561       184.596420    
   2.44000554       184.962158    
   2.44100547       185.328354    
   2.44200540       185.694992    
   2.44300532       186.062088    
   2.44400525       186.429642    
   2.44500518       186.797653    
   2.44600511       187.166122    
   2.44700503       187.535049    
   2.44800496       187.904434    
   2.44900489       188.274277    
   2.45000482       188.644562    
   2.45100474       189.015305    
   2.45200467       189.386505    
   2.45300460       189.758163    
   2.45400453       190.130295    
   2.45500445       190.502884    
   2.45600438       190.875931    
   2.45700431       191.249435    
   2.45800424       191.623398    
   2.45900416       191.997818    
   2.46000409       192.372696    
   2.46100402       192.748032    
   2.46200395       193.123840    
   2.46300387       193.500107    
   2.46400380       193.876831    
   2.46500373       194.254013    
   2.46600366       194.631668    
   2.46700358       195.009781    
   2.46800351       195.388351    
   2.46900344       195.767380    
   2.47000337       196.146881    
   2.47100329       196.526840    
   2.47200322       196.907272    
   2.47300315       197.288162    
   2.47400308       197.669510    
   2.47500300       198.051331    
   2.47600293       198.433609    
   2.47700286       198.816360    
   2.47800279       199.199570    
   2.47900271       199.583252    
   2.48000264       199.967407    
   2.48100257       200.352020    
   2.48200250       200.737106    
   2.48300242       201.122650    
   2.48400235       201.508667    
   2.48500228       201.895157    
   2.48600221       202.282104    
   2.48700213       202.669525    
   2.48800206       203.057419    
   2.48900199       203.445786    
   2.49000192       203.834610    
   2.49100184       204.223907    
   2.49200177       204.613678    
   2.49300170       205.003922    
   2.49400163       205.394638    
   2.49500155       205.785828    
   2.49600148       206.177490    
   2.49700141       206.569611    
   2.49800134       206.962204    
   2.49900126       207.355270    
