   0.00000000      -1.57386005    
   1.00000005E-03  -1.58171546    
   2.00000009E-03  -1.58956230    
   3.00000003E-03  -1.59740055    
   4.00000019E-03  -1.60523021    
   5.00000035E-03  -1.61305130    
   6.00000052E-03  -1.62086380    
   7.00000068E-03  -1.62866759    
   8.00000038E-03  -1.63646269    
   9.00000054E-03  -1.64424908    
   1.00000007E-02  -1.65202677    
   1.10000009E-02  -1.65979564    
   1.20000010E-02  -1.66755581    
   1.30000012E-02  -1.67530715    
   1.40000014E-02  -1.68304968    
   1.50000015E-02  -1.69078326    
   1.60000008E-02  -1.69850791    
   1.70000009E-02  -1.70622373    
   1.80000011E-02  -1.71393049    
   1.90000013E-02  -1.72162831    
   2.00000014E-02  -1.72931719    
   2.10000016E-02  -1.73699701    
   2.20000017E-02  -1.74466777    
   2.30000019E-02  -1.75232947    
   2.40000021E-02  -1.75998199    
   2.50000022E-02  -1.76762545    
   2.60000024E-02  -1.77525973    
   2.70000026E-02  -1.78288484    
   2.80000027E-02  -1.79050064    
   2.90000029E-02  -1.79810727    
   3.00000031E-02  -1.80570459    
   3.10000032E-02  -1.81329262    
   3.20000015E-02  -1.82087135    
   3.29999998E-02  -1.82844067    
   3.39999981E-02  -1.83600068    
   3.49999964E-02  -1.84355128    
   3.59999947E-02  -1.85109246    
   3.69999930E-02  -1.85862422    
   3.79999913E-02  -1.86614645    
   3.89999896E-02  -1.87365913    
   3.99999879E-02  -1.88116229    
   4.09999862E-02  -1.88865590    
   4.19999845E-02  -1.89613998    
   4.29999828E-02  -1.90361440    
   4.39999811E-02  -1.91107917    
   4.49999794E-02  -1.91853428    
   4.59999777E-02  -1.92597973    
   4.69999760E-02  -1.93341553    
   4.79999743E-02  -1.94084156    
   4.89999726E-02  -1.94825780    
   4.99999709E-02  -1.95566428    
   5.09999692E-02  -1.96306086    
   5.19999675E-02  -1.97044766    
   5.29999658E-02  -1.97782457    
   5.39999641E-02  -1.98519158    
   5.49999624E-02  -1.99254870    
   5.59999608E-02  -1.99989581    
   5.69999591E-02  -2.00723290    
   5.79999574E-02  -2.01455998    
   5.89999557E-02  -2.02187705    
   5.99999540E-02  -2.02918410    
   6.09999523E-02  -2.03648114    
   6.19999506E-02  -2.04376793    
   6.29999489E-02  -2.05104470    
   6.39999509E-02  -2.05831122    
   6.49999529E-02  -2.06556749    
   6.59999549E-02  -2.07281375    
   6.69999570E-02  -2.08004975    
   6.79999590E-02  -2.08727551    
   6.89999610E-02  -2.09449100    
   6.99999630E-02  -2.10169601    
   7.09999651E-02  -2.10889077    
   7.19999671E-02  -2.11607504    
   7.29999691E-02  -2.12324905    
   7.39999712E-02  -2.13041258    
   7.49999732E-02  -2.13756561    
   7.59999752E-02  -2.14470816    
   7.69999772E-02  -2.15184021    
   7.79999793E-02  -2.15896177    
   7.89999813E-02  -2.16607285    
   7.99999833E-02  -2.17317343    
   8.09999853E-02  -2.18026328    
   8.19999874E-02  -2.18734264    
   8.29999894E-02  -2.19441128    
   8.39999914E-02  -2.20146918    
   8.49999934E-02  -2.20851636    
   8.59999955E-02  -2.21555281    
   8.69999975E-02  -2.22257853    
   8.79999995E-02  -2.22959352    
   8.90000015E-02  -2.23659778    
   9.00000036E-02  -2.24359107    
   9.10000056E-02  -2.25057364    
   9.20000076E-02  -2.25754523    
   9.30000097E-02  -2.26450586    
   9.40000117E-02  -2.27145553    
   9.50000137E-02  -2.27839422    
   9.60000157E-02  -2.28532195    
   9.70000178E-02  -2.29223871    
   9.80000198E-02  -2.29914451    
   9.90000218E-02  -2.30603909    
  0.100000024      -2.31292272    
  0.101000026      -2.31979513    
  0.102000028      -2.32665658    
  0.103000030      -2.33350682    
  0.104000032      -2.34034586    
  0.105000034      -2.34717369    
  0.106000036      -2.35399032    
  0.107000038      -2.36079550    
  0.108000040      -2.36758947    
  0.109000042      -2.37437224    
  0.110000044      -2.38114357    
  0.111000046      -2.38790345    
  0.112000048      -2.39465189    
  0.113000050      -2.40138912    
  0.114000052      -2.40811491    
  0.115000054      -2.41482902    
  0.116000056      -2.42153168    
  0.117000058      -2.42822289    
  0.118000060      -2.43490243    
  0.119000062      -2.44157052    
  0.120000064      -2.44822693    
  0.121000066      -2.45487165    
  0.122000068      -2.46150494    
  0.123000070      -2.46812654    
  0.124000072      -2.47473645    
  0.125000075      -2.48133445    
  0.126000077      -2.48792076    
  0.127000079      -2.49449539    
  0.128000081      -2.50105810    
  0.129000083      -2.50760913    
  0.130000085      -2.51414824    
  0.131000087      -2.52067542    
  0.132000089      -2.52719069    
  0.133000091      -2.53369403    
  0.134000093      -2.54018545    
  0.135000095      -2.54666495    
  0.136000097      -2.55313230    
  0.137000099      -2.55958772    
  0.138000101      -2.56603098    
  0.139000103      -2.57246232    
  0.140000105      -2.57888150    
  0.141000107      -2.58528852    
  0.142000109      -2.59168339    
  0.143000111      -2.59806609    
  0.144000113      -2.60443664    
  0.145000115      -2.61079478    
  0.146000117      -2.61714077    
  0.147000119      -2.62347460    
  0.148000121      -2.62979603    
  0.149000123      -2.63610506    
  0.150000125      -2.64240170    
  0.151000127      -2.64868593    
  0.152000129      -2.65495777    
  0.153000131      -2.66121721    
  0.154000133      -2.66746426    
  0.155000135      -2.67369890    
  0.156000137      -2.67992091    
  0.157000139      -2.68613052    
  0.158000141      -2.69232750    
  0.159000143      -2.69851184    
  0.160000145      -2.70468354    
  0.161000147      -2.71084261    
  0.162000149      -2.71698904    
  0.163000152      -2.72312284    
  0.164000154      -2.72924399    
  0.165000156      -2.73535228    
  0.166000158      -2.74144793    
  0.167000160      -2.74753070    
  0.168000162      -2.75360084    
  0.169000164      -2.75965810    
  0.170000166      -2.76570249    
  0.171000168      -2.77173400    
  0.172000170      -2.77775264    
  0.173000172      -2.78375816    
  0.174000174      -2.78975081    
  0.175000176      -2.79573059    
  0.176000178      -2.80169725    
  0.177000180      -2.80765080    
  0.178000182      -2.81359148    
  0.179000184      -2.81951904    
  0.180000186      -2.82543349    
  0.181000188      -2.83133483    
  0.182000190      -2.83722305    
  0.183000192      -2.84309793    
  0.184000194      -2.84895968    
  0.185000196      -2.85480809    
  0.186000198      -2.86064339    
  0.187000200      -2.86646533    
  0.188000202      -2.87227392    
  0.189000204      -2.87806916    
  0.190000206      -2.88385105    
  0.191000208      -2.88961959    
  0.192000210      -2.89537477    
  0.193000212      -2.90111661    
  0.194000214      -2.90684485    
  0.195000216      -2.91255975    
  0.196000218      -2.91826105    
  0.197000220      -2.92394876    
  0.198000222      -2.92962313    
  0.199000224      -2.93528390    
  0.200000226      -2.94093108    
  0.201000229      -2.94656444    
  0.202000231      -2.95218420    
  0.203000233      -2.95779037    
  0.204000235      -2.96338272    
  0.205000237      -2.96896148    
  0.206000239      -2.97452641    
  0.207000241      -2.98007751    
  0.208000243      -2.98561502    
  0.209000245      -2.99113870    
  0.210000247      -2.99664831    
  0.211000249      -3.00214410    
  0.212000251      -3.00762606    
  0.213000253      -3.01309419    
  0.214000255      -3.01854825    
  0.215000257      -3.02398849    
  0.216000259      -3.02941465    
  0.217000261      -3.03482676    
  0.218000263      -3.04022479    
  0.219000265      -3.04560876    
  0.220000267      -3.05097866    
  0.221000269      -3.05633450    
  0.222000271      -3.06167626    
  0.223000273      -3.06700373    
  0.224000275      -3.07231712    
  0.225000277      -3.07761621    
  0.226000279      -3.08290100    
  0.227000281      -3.08817148    
  0.228000283      -3.09342790    
  0.229000285      -3.09867001    
  0.230000287      -3.10389757    
  0.231000289      -3.10911083    
  0.232000291      -3.11430979    
  0.233000293      -3.11949420    
  0.234000295      -3.12466431    
  0.235000297      -3.12981987    
  0.236000299      -3.13496113    
  0.237000301      -3.14008784    
  0.238000304      -3.14520001    
  0.239000306      -3.15029764    
  0.240000308      -3.15538073    
  0.241000310      -3.16044903    
  0.242000312      -3.16550279    
  0.243000314      -3.17054176    
  0.244000316      -3.17556620    
  0.245000318      -3.18057585    
  0.246000320      -3.18557096    
  0.247000322      -3.19055128    
  0.248000324      -3.19551682    
  0.249000326      -3.20046759    
  0.250000328      -3.20540333    
  0.251000315      -3.21032429    
  0.252000302      -3.21523046    
  0.253000289      -3.22012162    
  0.254000276      -3.22499800    
  0.255000263      -3.22985935    
  0.256000251      -3.23470569    
  0.257000238      -3.23953724    
  0.258000225      -3.24435377    
  0.259000212      -3.24915504    
  0.260000199      -3.25394130    
  0.261000186      -3.25871253    
  0.262000173      -3.26346874    
  0.263000160      -3.26820970    
  0.264000148      -3.27293563    
  0.265000135      -3.27764630    
  0.266000122      -3.28234172    
  0.267000109      -3.28702188    
  0.268000096      -3.29168677    
  0.269000083      -3.29633641    
  0.270000070      -3.30097079    
  0.271000057      -3.30558991    
  0.272000045      -3.31019354    
  0.273000032      -3.31478190    
  0.274000019      -3.31935477    
  0.275000006      -3.32391238    
  0.275999993      -3.32845449    
  0.276999980      -3.33298111    
  0.277999967      -3.33749223    
  0.278999954      -3.34198785    
  0.279999942      -3.34646797    
  0.280999929      -3.35093236    
  0.281999916      -3.35538125    
  0.282999903      -3.35981441    
  0.283999890      -3.36423206    
  0.284999877      -3.36863399    
  0.285999864      -3.37302017    
  0.286999851      -3.37739062    
  0.287999839      -3.38174534    
  0.288999826      -3.38608432    
  0.289999813      -3.39040756    
  0.290999800      -3.39471507    
  0.291999787      -3.39900661    
  0.292999774      -3.40328240    
  0.293999761      -3.40754223    
  0.294999748      -3.41178632    
  0.295999736      -3.41601443    
  0.296999723      -3.42022657    
  0.297999710      -3.42442274    
  0.298999697      -3.42860293    
  0.299999684      -3.43276715    
  0.300999671      -3.43691516    
  0.301999658      -3.44104719    
  0.302999645      -3.44516325    
  0.303999633      -3.44926310    
  0.304999620      -3.45334673    
  0.305999607      -3.45741439    
  0.306999594      -3.46146584    
  0.307999581      -3.46550107    
  0.308999568      -3.46952009    
  0.309999555      -3.47352266    
  0.310999542      -3.47750902    
  0.311999530      -3.48147917    
  0.312999517      -3.48543286    
  0.313999504      -3.48937035    
  0.314999491      -3.49329138    
  0.315999478      -3.49719596    
  0.316999465      -3.50108409    
  0.317999452      -3.50495577    
  0.318999439      -3.50881100    
  0.319999427      -3.51264977    
  0.320999414      -3.51647210    
  0.321999401      -3.52027774    
  0.322999388      -3.52406693    
  0.323999375      -3.52783942    
  0.324999362      -3.53159547    
  0.325999349      -3.53533483    
  0.326999336      -3.53905749    
  0.327999324      -3.54276347    
  0.328999311      -3.54645276    
  0.329999298      -3.55012536    
  0.330999285      -3.55378127    
  0.331999272      -3.55742025    
  0.332999259      -3.56104255    
  0.333999246      -3.56464791    
  0.334999233      -3.56823659    
  0.335999221      -3.57180834    
  0.336999208      -3.57536316    
  0.337999195      -3.57890105    
  0.338999182      -3.58242202    
  0.339999169      -3.58592606    
  0.340999156      -3.58941317    
  0.341999143      -3.59288311    
  0.342999130      -3.59633613    
  0.343999118      -3.59977198    
  0.344999105      -3.60319090    
  0.345999092      -3.60659266    
  0.346999079      -3.60997725    
  0.347999066      -3.61334467    
  0.348999053      -3.61669493    
  0.349999040      -3.62002802    
  0.350999027      -3.62334394    
  0.351999015      -3.62664247    
  0.352999002      -3.62992382    
  0.353998989      -3.63318777    
  0.354998976      -3.63643456    
  0.355998963      -3.63966393    
  0.356998950      -3.64287591    
  0.357998937      -3.64607048    
  0.358998924      -3.64924765    
  0.359998912      -3.65240741    
  0.360998899      -3.65554976    
  0.361998886      -3.65867472    
  0.362998873      -3.66178203    
  0.363998860      -3.66487193    
  0.364998847      -3.66794419    
  0.365998834      -3.67099881    
  0.366998821      -3.67403603    
  0.367998809      -3.67705560    
  0.368998796      -3.68005753    
  0.369998783      -3.68304181    
  0.370998770      -3.68600845    
  0.371998757      -3.68895721    
  0.372998744      -3.69188833    
  0.373998731      -3.69480157    
  0.374998719      -3.69769716    
  0.375998706      -3.70057487    
  0.376998693      -3.70343471    
  0.377998680      -3.70627666    
  0.378998667      -3.70910096    
  0.379998654      -3.71190715    
  0.380998641      -3.71469545    
  0.381998628      -3.71746588    
  0.382998616      -3.72021842    
  0.383998603      -3.72295284    
  0.384998590      -3.72566938    
  0.385998577      -3.72836781    
  0.386998564      -3.73104811    
  0.387998551      -3.73371053    
  0.388998538      -3.73635483    
  0.389998525      -3.73898101    
  0.390998513      -3.74158883    
  0.391998500      -3.74417853    
  0.392998487      -3.74675012    
  0.393998474      -3.74930334    
  0.394998461      -3.75183845    
  0.395998448      -3.75435519    
  0.396998435      -3.75685382    
  0.397998422      -3.75933409    
  0.398998410      -3.76179600    
  0.399998397      -3.76423955    
  0.400998384      -3.76666474    
  0.401998371      -3.76907158    
  0.402998358      -3.77145982    
  0.403998345      -3.77382970    
  0.404998332      -3.77618122    
  0.405998319      -3.77851415    
  0.406998307      -3.78082848    
  0.407998294      -3.78312445    
  0.408998281      -3.78540182    
  0.409998268      -3.78766060    
  0.410998255      -3.78990078    
  0.411998242      -3.79212236    
  0.412998229      -3.79432511    
  0.413998216      -3.79650927    
  0.414998204      -3.79867482    
  0.415998191      -3.80082154    
  0.416998178      -3.80294943    
  0.417998165      -3.80505872    
  0.418998152      -3.80714917    
  0.419998139      -3.80922079    
  0.420998126      -3.81127357    
  0.421998113      -3.81330752    
  0.422998101      -3.81532264    
  0.423998088      -3.81731868    
  0.424998075      -3.81929588    
  0.425998062      -3.82125401    
  0.426998049      -3.82319331    
  0.427998036      -3.82511353    
  0.428998023      -3.82701468    
  0.429998010      -3.82889700    
  0.430997998      -3.83076024    
  0.431997985      -3.83260417    
  0.432997972      -3.83442903    
  0.433997959      -3.83623481    
  0.434997946      -3.83802152    
  0.435997933      -3.83978891    
  0.436997920      -3.84153724    
  0.437997907      -3.84326625    
  0.438997895      -3.84497595    
  0.439997882      -3.84666657    
  0.440997869      -3.84833789    
  0.441997856      -3.84998989    
  0.442997843      -3.85162258    
  0.443997830      -3.85323572    
  0.444997817      -3.85482955    
  0.445997804      -3.85640407    
  0.446997792      -3.85795903    
  0.447997779      -3.85949469    
  0.448997766      -3.86101079    
  0.449997753      -3.86250734    
  0.450997740      -3.86398435    
  0.451997727      -3.86544180    
  0.452997714      -3.86687970    
  0.453997701      -3.86829805    
  0.454997689      -3.86969686    
  0.455997676      -3.87107587    
  0.456997663      -3.87243533    
  0.457997650      -3.87377501    
  0.458997637      -3.87509513    
  0.459997624      -3.87639546    
  0.460997611      -3.87767601    
  0.461997598      -3.87893677    
  0.462997586      -3.88017774    
  0.463997573      -3.88139892    
  0.464997560      -3.88260031    
  0.465997547      -3.88378191    
  0.466997534      -3.88494349    
  0.467997521      -3.88608527    
  0.468997508      -3.88720703    
  0.469997495      -3.88830900    
  0.470997483      -3.88939095    
  0.471997470      -3.89045286    
  0.472997457      -3.89149475    
  0.473997444      -3.89251661    
  0.474997431      -3.89351845    
  0.475997418      -3.89450026    
  0.476997405      -3.89546180    
  0.477997392      -3.89640331    
  0.478997380      -3.89732456    
  0.479997367      -3.89822578    
  0.480997354      -3.89910674    
  0.481997341      -3.89996743    
  0.482997328      -3.90080786    
  0.483997315      -3.90162802    
  0.484997302      -3.90242791    
  0.485997289      -3.90320754    
  0.486997277      -3.90396690    
  0.487997264      -3.90470600    
  0.488997251      -3.90542459    
  0.489997238      -3.90612292    
  0.490997225      -3.90680075    
  0.491997212      -3.90745807    
  0.492997199      -3.90809488    
  0.493997186      -3.90871119    
  0.494997174      -3.90930700    
  0.495997161      -3.90988231    
  0.496997148      -3.91043711    
  0.497997135      -3.91097140    
  0.498997122      -3.91148496    
  0.499997109      -3.91197801    
  0.500997126      -3.91245031    
  0.501997113      -3.91290212    
  0.502997100      -3.91333318    
  0.503997087      -3.91374350    
  0.504997075      -3.91413307    
  0.505997062      -3.91450191    
  0.506997049      -3.91485000    
  0.507997036      -3.91517735    
  0.508997023      -3.91548371    
  0.509997010      -3.91576934    
  0.510996997      -3.91603398    
  0.511996984      -3.91627789    
  0.512996972      -3.91650081    
  0.513996959      -3.91670275    
  0.514996946      -3.91688371    
  0.515996933      -3.91704369    
  0.516996920      -3.91718268    
  0.517996907      -3.91730070    
  0.518996894      -3.91739774    
  0.519996881      -3.91747379    
  0.520996869      -3.91752863    
  0.521996856      -3.91756248    
  0.522996843      -3.91757512    
  0.523996830      -3.91756654    
  0.524996817      -3.91753674    
  0.525996804      -3.91748595    
  0.526996791      -3.91741395    
  0.527996778      -3.91732049    
  0.528996766      -3.91720581    
  0.529996753      -3.91706991    
  0.530996740      -3.91691279    
  0.531996727      -3.91673422    
  0.532996714      -3.91653442    
  0.533996701      -3.91631317    
  0.534996688      -3.91607046    
  0.535996675      -3.91580629    
  0.536996663      -3.91552067    
  0.537996650      -3.91521358    
  0.538996637      -3.91488504    
  0.539996624      -3.91453505    
  0.540996611      -3.91416359    
  0.541996598      -3.91377044    
  0.542996585      -3.91335583    
  0.543996572      -3.91291952    
  0.544996560      -3.91246176    
  0.545996547      -3.91198230    
  0.546996534      -3.91148114    
  0.547996521      -3.91095829    
  0.548996508      -3.91041374    
  0.549996495      -3.90984750    
  0.550996482      -3.90925956    
  0.551996469      -3.90864992    
  0.552996457      -3.90801835    
  0.553996444      -3.90736508    
  0.554996431      -3.90668988    
  0.555996418      -3.90599275    
  0.556996405      -3.90527391    
  0.557996392      -3.90453315    
  0.558996379      -3.90377045    
  0.559996367      -3.90298581    
  0.560996354      -3.90217924    
  0.561996341      -3.90135050    
  0.562996328      -3.90049982    
  0.563996315      -3.89962721    
  0.564996302      -3.89873242    
  0.565996289      -3.89781570    
  0.566996276      -3.89687681    
  0.567996264      -3.89591575    
  0.568996251      -3.89493251    
  0.569996238      -3.89392710    
  0.570996225      -3.89289951    
  0.571996212      -3.89184976    
  0.572996199      -3.89077783    
  0.573996186      -3.88968349    
  0.574996173      -3.88856697    
  0.575996161      -3.88742828    
  0.576996148      -3.88626719    
  0.577996135      -3.88508368    
  0.578996122      -3.88387775    
  0.579996109      -3.88264966    
  0.580996096      -3.88139915    
  0.581996083      -3.88012624    
  0.582996070      -3.87883067    
  0.583996058      -3.87751269    
  0.584996045      -3.87617230    
  0.585996032      -3.87480927    
  0.586996019      -3.87342381    
  0.587996006      -3.87201571    
  0.588995993      -3.87058520    
  0.589995980      -3.86913204    
  0.590995967      -3.86765623    
  0.591995955      -3.86615777    
  0.592995942      -3.86463666    
  0.593995929      -3.86309290    
  0.594995916      -3.86152625    
  0.595995903      -3.85993695    
  0.596995890      -3.85832500    
  0.597995877      -3.85669017    
  0.598995864      -3.85503268    
  0.599995852      -3.85335231    
  0.600995839      -3.85164905    
  0.601995826      -3.84992290    
  0.602995813      -3.84817386    
  0.603995800      -3.84640193    
  0.604995787      -3.84460711    
  0.605995774      -3.84278941    
  0.606995761      -3.84094858    
  0.607995749      -3.83908486    
  0.608995736      -3.83719802    
  0.609995723      -3.83528829    
  0.610995710      -3.83335543    
  0.611995697      -3.83139944    
  0.612995684      -3.82942057    
  0.613995671      -3.82741857    
  0.614995658      -3.82539320    
  0.615995646      -3.82334471    
  0.616995633      -3.82127309    
  0.617995620      -3.81917834    
  0.618995607      -3.81706023    
  0.619995594      -3.81491899    
  0.620995581      -3.81275439    
  0.621995568      -3.81056666    
  0.622995555      -3.80835557    
  0.623995543      -3.80612111    
  0.624995530      -3.80386329    
  0.625995517      -3.80158210    
  0.626995504      -3.79927754    
  0.627995491      -3.79694939    
  0.628995478      -3.79459786    
  0.629995465      -3.79222298    
  0.630995452      -3.78982449    
  0.631995440      -3.78740263    
  0.632995427      -3.78495717    
  0.633995414      -3.78248811    
  0.634995401      -3.77999544    
  0.635995388      -3.77747917    
  0.636995375      -3.77493930    
  0.637995362      -3.77237582    
  0.638995349      -3.76978874    
  0.639995337      -3.76717806    
  0.640995324      -3.76454353    
  0.641995311      -3.76188540    
  0.642995298      -3.75920343    
  0.643995285      -3.75649762    
  0.644995272      -3.75376821    
  0.645995259      -3.75101495    
  0.646995246      -3.74823785    
  0.647995234      -3.74543691    
  0.648995221      -3.74261212    
  0.649995208      -3.73976350    
  0.650995195      -3.73689079    
  0.651995182      -3.73399425    
  0.652995169      -3.73107362    
  0.653995156      -3.72812915    
  0.654995143      -3.72516060    
  0.655995131      -3.72216797    
  0.656995118      -3.71915150    
  0.657995105      -3.71611094    
  0.658995092      -3.71304631    
  0.659995079      -3.70995760    
  0.660995066      -3.70684457    
  0.661995053      -3.70370746    
  0.662995040      -3.70054626    
  0.663995028      -3.69736075    
  0.664995015      -3.69415116    
  0.665995002      -3.69091725    
  0.666994989      -3.68765903    
  0.667994976      -3.68437648    
  0.668994963      -3.68106985    
  0.669994950      -3.67773890    
  0.670994937      -3.67438340    
  0.671994925      -3.67100358    
  0.672994912      -3.66759944    
  0.673994899      -3.66417098    
  0.674994886      -3.66071796    
  0.675994873      -3.65724063    
  0.676994860      -3.65373874    
  0.677994847      -3.65021229    
  0.678994834      -3.64666152    
  0.679994822      -3.64308619    
  0.680994809      -3.63948631    
  0.681994796      -3.63586187    
  0.682994783      -3.63221264    
  0.683994770      -3.62853885    
  0.684994757      -3.62484050    
  0.685994744      -3.62111735    
  0.686994731      -3.61736965    
  0.687994719      -3.61359715    
  0.688994706      -3.60980010    
  0.689994693      -3.60597825    
  0.690994680      -3.60213161    
  0.691994667      -3.59826016    
  0.692994654      -3.59436393    
  0.693994641      -3.59044290    
  0.694994628      -3.58649707    
  0.695994616      -3.58252621    
  0.696994603      -3.57853055    
  0.697994590      -3.57450986    
  0.698994577      -3.57046437    
  0.699994564      -3.56639385    
  0.700994551      -3.56229830    
  0.701994538      -3.55817795    
  0.702994525      -3.55403256    
  0.703994513      -3.54986215    
  0.704994500      -3.54566669    
  0.705994487      -3.54144597    
  0.706994474      -3.53720021    
  0.707994461      -3.53292942    
  0.708994448      -3.52863336    
  0.709994435      -3.52431226    
  0.710994422      -3.51996589    
  0.711994410      -3.51559424    
  0.712994397      -3.51119757    
  0.713994384      -3.50677562    
  0.714994371      -3.50232840    
  0.715994358      -3.49785590    
  0.716994345      -3.49335790    
  0.717994332      -3.48883462    
  0.718994319      -3.48428607    
  0.719994307      -3.47971201    
  0.720994294      -3.47511268    
  0.721994281      -3.47048783    
  0.722994268      -3.46583772    
  0.723994255      -3.46116209    
  0.724994242      -3.45646095    
  0.725994229      -3.45173430    
  0.726994216      -3.44698215    
  0.727994204      -3.44220448    
  0.728994191      -3.43740129    
  0.729994178      -3.43257236    
  0.730994165      -3.42771792    
  0.731994152      -3.42283773    
  0.732994139      -3.41793203    
  0.733994126      -3.41300058    
  0.734994113      -3.40804362    
  0.735994101      -3.40306091    
  0.736994088      -3.39805245    
  0.737994075      -3.39301825    
  0.738994062      -3.38795829    
  0.739994049      -3.38287234    
  0.740994036      -3.37776065    
  0.741994023      -3.37262321    
  0.742994010      -3.36745977    
  0.743993998      -3.36227059    
  0.744993985      -3.35705543    
  0.745993972      -3.35181451    
  0.746993959      -3.34654760    
  0.747993946      -3.34125471    
  0.748993933      -3.33593583    
  0.749993920      -3.33059096    
  0.750993907      -3.32522011    
  0.751993895      -3.31982303    
  0.752993882      -3.31439996    
  0.753993869      -3.30895090    
  0.754993856      -3.30347562    
  0.755993843      -3.29797435    
  0.756993830      -3.29244685    
  0.757993817      -3.28689313    
  0.758993804      -3.28131318    
  0.759993792      -3.27570701    
  0.760993779      -3.27007461    
  0.761993766      -3.26441598    
  0.762993753      -3.25873113    
  0.763993740      -3.25302005    
  0.764993727      -3.24728274    
  0.765993714      -3.24151897    
  0.766993701      -3.23572898    
  0.767993689      -3.22991252    
  0.768993676      -3.22406960    
  0.769993663      -3.21820021    
  0.770993650      -3.21230459    
  0.771993637      -3.20638251    
  0.772993624      -3.20043373    
  0.773993611      -3.19445848    
  0.774993598      -3.18845677    
  0.775993586      -3.18242860    
  0.776993573      -3.17637372    
  0.777993560      -3.17029238    
  0.778993547      -3.16418433    
  0.779993534      -3.15804982    
  0.780993521      -3.15188861    
  0.781993508      -3.14570069    
  0.782993495      -3.13948607    
  0.783993483      -3.13324475    
  0.784993470      -3.12697673    
  0.785993457      -3.12068200    
  0.786993444      -3.11436057    
  0.787993431      -3.10801220    
  0.788993418      -3.10163713    
  0.789993405      -3.09523511    
  0.790993392      -3.08880639    
  0.791993380      -3.08235073    
  0.792993367      -3.07586813    
  0.793993354      -3.06935859    
  0.794993341      -3.06282210    
  0.795993328      -3.05625868    
  0.796993315      -3.04966831    
  0.797993302      -3.04305100    
  0.798993289      -3.03640676    
  0.799993277      -3.02973533    
  0.800993264      -3.02303696    
  0.801993251      -3.01631141    
  0.802993238      -3.00955868    
  0.803993225      -3.00277901    
  0.804993212      -2.99597216    
  0.805993199      -2.98913813    
  0.806993186      -2.98227692    
  0.807993174      -2.97538853    
  0.808993161      -2.96847296    
  0.809993148      -2.96152997    
  0.810993135      -2.95455980    
  0.811993122      -2.94756246    
  0.812993109      -2.94053769    
  0.813993096      -2.93348575    
  0.814993083      -2.92640638    
  0.815993071      -2.91929960    
  0.816993058      -2.91216540    
  0.817993045      -2.90500379    
  0.818993032      -2.89781475    
  0.819993019      -2.89059830    
  0.820993006      -2.88335443    
  0.821992993      -2.87608314    
  0.822992980      -2.86878419    
  0.823992968      -2.86145782    
  0.824992955      -2.85410380    
  0.825992942      -2.84672236    
  0.826992929      -2.83931327    
  0.827992916      -2.83187652    
  0.828992903      -2.82441211    
  0.829992890      -2.81692004    
  0.830992877      -2.80940032    
  0.831992865      -2.80185294    
  0.832992852      -2.79427791    
  0.833992839      -2.78667498    
  0.834992826      -2.77904439    
  0.835992813      -2.77138615    
  0.836992800      -2.76370001    
  0.837992787      -2.75598598    
  0.838992774      -2.74824429    
  0.839992762      -2.74047470    
  0.840992749      -2.73267722    
  0.841992736      -2.72485185    
  0.842992723      -2.71699858    
  0.843992710      -2.70911741    
  0.844992697      -2.70120811    
  0.845992684      -2.69327092    
  0.846992671      -2.68530583    
  0.847992659      -2.67731261    
  0.848992646      -2.66929126    
  0.849992633      -2.66124201    
  0.850992620      -2.65316463    
  0.851992607      -2.64505911    
  0.852992594      -2.63692546    
  0.853992581      -2.62876368    
  0.854992568      -2.62057376    
  0.855992556      -2.61235571    
  0.856992543      -2.60410953    
  0.857992530      -2.59583497    
  0.858992517      -2.58753228    
  0.859992504      -2.57920122    
  0.860992491      -2.57084203    
  0.861992478      -2.56245446    
  0.862992465      -2.55403852    
  0.863992453      -2.54559422    
  0.864992440      -2.53712153    
  0.865992427      -2.52862048    
  0.866992414      -2.52009106    
  0.867992401      -2.51153326    
  0.868992388      -2.50294709    
  0.869992375      -2.49433231    
  0.870992362      -2.48568916    
  0.871992350      -2.47701740    
  0.872992337      -2.46831727    
  0.873992324      -2.45958853    
  0.874992311      -2.45083117    
  0.875992298      -2.44204521    
  0.876992285      -2.43323064    
  0.877992272      -2.42438745    
  0.878992260      -2.41551566    
  0.879992247      -2.40661526    
  0.880992234      -2.39768600    
  0.881992221      -2.38872814    
  0.882992208      -2.37974167    
  0.883992195      -2.37072635    
  0.884992182      -2.36168218    
  0.885992169      -2.35260940    
  0.886992157      -2.34350777    
  0.887992144      -2.33437729    
  0.888992131      -2.32521796    
  0.889992118      -2.31602979    
  0.890992105      -2.30681276    
  0.891992092      -2.29756665    
  0.892992079      -2.28829169    
  0.893992066      -2.27898788    
  0.894992054      -2.26965499    
  0.895992041      -2.26029325    
  0.896992028      -2.25090241    
  0.897992015      -2.24148250    
  0.898992002      -2.23203349    
  0.899991989      -2.22255540    
  0.900991976      -2.21304822    
  0.901991963      -2.20351195    
  0.902991951      -2.19394660    
  0.903991938      -2.18435216    
  0.904991925      -2.17472839    
  0.905991912      -2.16507554    
  0.906991899      -2.15539360    
  0.907991886      -2.14568233    
  0.908991873      -2.13594174    
  0.909991860      -2.12617207    
  0.910991848      -2.11637306    
  0.911991835      -2.10654473    
  0.912991822      -2.09668708    
  0.913991809      -2.08680010    
  0.914991796      -2.07688355    
  0.915991783      -2.06693769    
  0.916991770      -2.05696249    
  0.917991757      -2.04695773    
  0.918991745      -2.03692365    
  0.919991732      -2.02686000    
  0.920991719      -2.01676702    
  0.921991706      -2.00664449    
  0.922991693      -1.99649239    
  0.923991680      -1.98631072    
  0.924991667      -1.97609949    
  0.925991654      -1.96585870    
  0.926991642      -1.95558822    
  0.927991629      -1.94528818    
  0.928991616      -1.93495846    
  0.929991603      -1.92459905    
  0.930991590      -1.91420996    
  0.931991577      -1.90379119    
  0.932991564      -1.89334273    
  0.933991551      -1.88286448    
  0.934991539      -1.87235641    
  0.935991526      -1.86181855    
  0.936991513      -1.85125089    
  0.937991500      -1.84065342    
  0.938991487      -1.83002615    
  0.939991474      -1.81936896    
  0.940991461      -1.80868196    
  0.941991448      -1.79796505    
  0.942991436      -1.78721821    
  0.943991423      -1.77644134    
  0.944991410      -1.76563454    
  0.945991397      -1.75479770    
  0.946991384      -1.74393094    
  0.947991371      -1.73303413    
  0.948991358      -1.72210729    
  0.949991345      -1.71115041    
  0.950991333      -1.70016336    
  0.951991320      -1.68914628    
  0.952991307      -1.67809904    
  0.953991294      -1.66702163    
  0.954991281      -1.65591407    
  0.955991268      -1.64477634    
  0.956991255      -1.63360834    
  0.957991242      -1.62241018    
  0.958991230      -1.61118174    
  0.959991217      -1.59992301    
  0.960991204      -1.58863401    
  0.961991191      -1.57731473    
  0.962991178      -1.56596518    
  0.963991165      -1.55458522    
  0.964991152      -1.54317486    
  0.965991139      -1.53173411    
  0.966991127      -1.52026296    
  0.967991114      -1.50876141    
  0.968991101      -1.49722946    
  0.969991088      -1.48566699    
  0.970991075      -1.47407413    
  0.971991062      -1.46245074    
  0.972991049      -1.45079684    
  0.973991036      -1.43911231    
  0.974991024      -1.42739725    
  0.975991011      -1.41565156    
  0.976990998      -1.40387535    
  0.977990985      -1.39206851    
  0.978990972      -1.38023102    
  0.979990959      -1.36836290    
  0.980990946      -1.35646403    
  0.981990933      -1.34453452    
  0.982990921      -1.33257425    
  0.983990908      -1.32058322    
  0.984990895      -1.30856144    
  0.985990882      -1.29650891    
  0.986990869      -1.28442562    
  0.987990856      -1.27231145    
  0.988990843      -1.26016641    
  0.989990830      -1.24799061    
  0.990990818      -1.23578393    
  0.991990805      -1.22354627    
  0.992990792      -1.21127772    
  0.993990779      -1.19897819    
  0.994990766      -1.18664777    
  0.995990753      -1.17428637    
  0.996990740      -1.16189396    
  0.997990727      -1.14947057    
  0.998990715      -1.13701606    
  0.999990702      -1.12453055    
   1.00099075      -1.11201394    
   1.00199080      -1.09946620    
   1.00299084      -1.08688736    
   1.00399089      -1.07427740    
   1.00499094      -1.06163633    
   1.00599098      -1.04896402    
   1.00699103      -1.03626060    
   1.00799108      -1.02352595    
   1.00899112      -1.01076007    
   1.00999117     -0.997962952    
   1.01099122     -0.985134542    
   1.01199126     -0.972274840    
   1.01299131     -0.959383845    
   1.01399136     -0.946461499    
   1.01499140     -0.933507800    
   1.01599145     -0.920522749    
   1.01699150     -0.907506287    
   1.01799154     -0.894458413    
   1.01899159     -0.881379128    
   1.01999164     -0.868268430    
   1.02099168     -0.855126262    
   1.02199173     -0.841952562    
   1.02299178     -0.828747392    
   1.02399182     -0.815510690    
   1.02499187     -0.802242458    
   1.02599192     -0.788942635    
   1.02699196     -0.775611222    
   1.02799201     -0.762248218    
   1.02899206     -0.748853564    
   1.02999210     -0.735427320    
   1.03099215     -0.721969366    
   1.03199220     -0.708479762    
   1.03299224     -0.694958448    
   1.03399229     -0.681405425    
   1.03499234     -0.667820632    
   1.03599238     -0.654204071    
   1.03699243     -0.640555739    
   1.03799248     -0.626875639    
   1.03899252     -0.613163710    
   1.03999257     -0.599419951    
   1.04099262     -0.585644305    
   1.04199266     -0.571836829    
   1.04299271     -0.557997406    
   1.04399276     -0.544126093    
   1.04499280     -0.530222833    
   1.04599285     -0.516287625    
   1.04699290     -0.502320468    
   1.04799294     -0.488321304    
   1.04899299     -0.474290133    
   1.04999304     -0.460226923    
   1.05099308     -0.446131647    
   1.05199313     -0.432004303    
   1.05299318     -0.417844892    
   1.05399323     -0.403653353    
   1.05499327     -0.389429688    
   1.05599332     -0.375173867    
   1.05699337     -0.360885888    
   1.05799341     -0.346565723    
   1.05899346     -0.332213342    
   1.05999351     -0.317828745    
   1.06099355     -0.303411901    
   1.06199360     -0.288962781    
   1.06299365     -0.274481386    
   1.06399369     -0.259967685    
   1.06499374     -0.245421663    
   1.06599379     -0.230843306    
   1.06699383     -0.216232583    
   1.06799388     -0.201589480    
   1.06899393     -0.186913967    
   1.06999397     -0.172206044    
   1.07099402     -0.157465681    
   1.07199407     -0.142692864    
   1.07299411     -0.127887562    
   1.07399416     -0.113049760    
   1.07499421      -9.81794447E-02
   1.07599425      -8.32765922E-02
   1.07699430      -6.83411807E-02
   1.07799435      -5.33731990E-02
   1.07899439      -3.83726247E-02
   1.07999444      -2.33394317E-02
   1.08099449      -8.27360898E-03
   1.08199453       6.82486687E-03
   1.08299458       2.19560135E-02
   1.08399463       3.71198505E-02
   1.08499467       5.23163974E-02
   1.08599472       6.75456747E-02
   1.08699477       8.28077048E-02
   1.08799481       9.81025025E-02
   1.08899486      0.113430083    
   1.08999491      0.128790468    
   1.09099495      0.144183680    
   1.09199500      0.159609735    
   1.09299505      0.175068662    
   1.09399509      0.190560475    
   1.09499514      0.206085190    
   1.09599519      0.221642822    
   1.09699523      0.237233400    
   1.09799528      0.252856940    
   1.09899533      0.268513441    
   1.09999537      0.284202963    
   1.10099542      0.299925506    
   1.10199547      0.315681070    
   1.10299551      0.331469685    
   1.10399556      0.347291380    
   1.10499561      0.363146186    
   1.10599566      0.379034102    
   1.10699570      0.394955158    
   1.10799575      0.410909355    
   1.10899580      0.426896721    
   1.10999584      0.442917287    
   1.11099589      0.458971053    
   1.11199594      0.475058049    
   1.11299598      0.491178304    
   1.11399603      0.507331848    
   1.11499608      0.523518682    
   1.11599612      0.539738774    
   1.11699617      0.555992186    
   1.11799622      0.572278976    
   1.11899626      0.588599145    
   1.11999631      0.604952693    
   1.12099636      0.621339619    
   1.12199640      0.637759984    
   1.12299645      0.654213786    
   1.12399650      0.670701027    
   1.12499654      0.687221766    
   1.12599659      0.703776002    
   1.12699664      0.720363736    
   1.12799668      0.736985028    
   1.12899673      0.753639877    
   1.12999678      0.770328283    
   1.13099682      0.787050307    
   1.13199687      0.803805947    
   1.13299692      0.820595205    
   1.13399696      0.837418139    
   1.13499701      0.854274690    
   1.13599706      0.871164978    
   1.13699710      0.888088942    
   1.13799715      0.905046642    
   1.13899720      0.922038078    
   1.13999724      0.939063311    
   1.14099729      0.956122339    
   1.14199734      0.973215163    
   1.14299738      0.990341783    
   1.14399743       1.00750220    
   1.14499748       1.02469659    
   1.14599752       1.04192483    
   1.14699757       1.05918694    
   1.14799762       1.07648301    
   1.14899766       1.09381294    
   1.14999771       1.11117685    
   1.15099776       1.12857473    
   1.15199780       1.14600658    
   1.15299785       1.16347253    
   1.15399790       1.18097246    
   1.15499794       1.19850647    
   1.15599799       1.21607459    
   1.15699804       1.23367679    
   1.15799809       1.25131309    
   1.15899813       1.26898348    
   1.15999818       1.28668797    
   1.16099823       1.30442667    
   1.16199827       1.32219958    
   1.16299832       1.34000671    
   1.16399837       1.35784805    
   1.16499841       1.37572360    
   1.16599846       1.39363337    
   1.16699851       1.41157746    
   1.16799855       1.42955589    
   1.16899860       1.44756866    
   1.16999865       1.46561575    
   1.17099869       1.48369718    
   1.17199874       1.50181293    
   1.17299879       1.51996315    
   1.17399883       1.53814769    
   1.17499888       1.55636668    
   1.17599893       1.57462013    
   1.17699897       1.59290802    
   1.17799902       1.61123049    
   1.17899907       1.62958741    
   1.17999911       1.64797890    
   1.18099916       1.66640496    
   1.18199921       1.68486559    
   1.18299925       1.70336080    
   1.18399930       1.72189057    
   1.18499935       1.74045491    
   1.18599939       1.75905395    
   1.18699944       1.77768767    
   1.18799949       1.79635608    
   1.18899953       1.81505919    
   1.18999958       1.83379698    
   1.19099963       1.85256946    
   1.19199967       1.87137675    
   1.19299972       1.89021873    
   1.19399977       1.90909553    
   1.19499981       1.92800713    
   1.19599986       1.94695354    
   1.19699991       1.96593487    
   1.19799995       1.98495102    
   1.19900000       2.00400209    
   1.20000005       2.02308798    
   1.20100009       2.04220891    
   1.20200014       2.06136465    
   1.20300019       2.08055544    
   1.20400023       2.09978127    
   1.20500028       2.11904216    
   1.20600033       2.13833785    
   1.20700037       2.15766859    
   1.20800042       2.17703438    
   1.20900047       2.19643545    
   1.21000051       2.21587157    
   1.21100056       2.23534274    
   1.21200061       2.25484896    
   1.21300066       2.27439046    
   1.21400070       2.29396701    
   1.21500075       2.31357884    
   1.21600080       2.33322597    
   1.21700084       2.35290813    
   1.21800089       2.37262559    
   1.21900094       2.39237833    
   1.22000098       2.41216636    
   1.22100103       2.43198967    
   1.22200108       2.45184827    
   1.22300112       2.47174215    
   1.22400117       2.49167156    
   1.22500122       2.51163626    
   1.22600126       2.53163648    
   1.22700131       2.55167198    
   1.22800136       2.57174301    
   1.22900140       2.59184933    
   1.23000145       2.61199117    
   1.23100150       2.63216853    
   1.23200154       2.65238142    
   1.23300159       2.67262983    
   1.23400164       2.69291377    
   1.23500168       2.71323323    
   1.23600173       2.73358822    
   1.23700178       2.75397897    
   1.23800182       2.77440524    
   1.23900187       2.79486728    
   1.24000192       2.81536484    
   1.24100196       2.83589816    
   1.24200201       2.85646701    
   1.24300206       2.87707162    
   1.24400210       2.89771199    
   1.24500215       2.91838813    
   1.24600220       2.93910003    
   1.24700224       2.95984769    
   1.24800229       2.98063111    
   1.24900234       3.00145054    
   1.25000238       3.02230573    
   1.25100243       3.04319668    
   1.25200248       3.06412363    
   1.25300252       3.08508635    
   1.25400257       3.10608506    
   1.25500262       3.12711978    
   1.25600266       3.14819050    
   1.25700271       3.16929722    
   1.25800276       3.19043994    
   1.25900280       3.21161866    
   1.26000285       3.23283339    
   1.26100290       3.25408411    
   1.26200294       3.27537084    
   1.26300299       3.29669380    
   1.26400304       3.31805277    
   1.26500309       3.33944774    
   1.26600313       3.36087894    
   1.26700318       3.38234639    
   1.26800323       3.40385008    
   1.26900327       3.42538977    
   1.27000332       3.44696569    
   1.27100337       3.46857786    
   1.27200341       3.49022627    
   1.27300346       3.51191092    
   1.27400351       3.53363204    
   1.27500355       3.55538940    
   1.27600360       3.57718301    
   1.27700365       3.59901309    
   1.27800369       3.62087941    
   1.27900374       3.64278221    
   1.28000379       3.66472149    
   1.28100383       3.68669701    
   1.28200388       3.70870900    
   1.28300393       3.73075747    
   1.28400397       3.75284243    
   1.28500402       3.77496386    
   1.28600407       3.79712176    
   1.28700411       3.81931639    
   1.28800416       3.84154749    
   1.28900421       3.86381507    
   1.29000425       3.88611937    
   1.29100430       3.90846014    
   1.29200435       3.93083763    
   1.29300439       3.95325184    
   1.29400444       3.97570252    
   1.29500449       3.99818993    
   1.29600453       4.02071428    
   1.29700458       4.04327536    
   1.29800463       4.06587315    
   1.29900467       4.08850765    
   1.30000472       4.11117887    
   1.30100477       4.13388681    
   1.30200481       4.15663147    
   1.30300486       4.17941284    
   1.30400491       4.20223141    
   1.30500495       4.22508669    
   1.30600500       4.24797869    
   1.30700505       4.27090788    
   1.30800509       4.29387379    
   1.30900514       4.31687689    
   1.31000519       4.33991671    
   1.31100523       4.36299372    
   1.31200528       4.38610744    
   1.31300533       4.40925837    
   1.31400537       4.43244648    
   1.31500542       4.45567131    
   1.31600547       4.47893333    
   1.31700552       4.50223255    
   1.31800556       4.52556896    
   1.31900561       4.54894209    
   1.32000566       4.57235241    
   1.32100570       4.59579992    
   1.32200575       4.61928463    
   1.32300580       4.64280653    
   1.32400584       4.66636562    
   1.32500589       4.68996191    
   1.32600594       4.71359587    
   1.32700598       4.73726702    
   1.32800603       4.76097536    
   1.32900608       4.78472090    
   1.33000612       4.80850363    
   1.33100617       4.83232403    
   1.33200622       4.85618162    
   1.33300626       4.88007689    
   1.33400631       4.90400934    
   1.33500636       4.92797899    
   1.33600640       4.95198631    
   1.33700645       4.97603130    
   1.33800650       5.00011349    
   1.33900654       5.02423334    
   1.34000659       5.04839039    
   1.34100664       5.07258511    
   1.34200668       5.09681749    
   1.34300673       5.12108755    
   1.34400678       5.14539480    
   1.34500682       5.16973972    
   1.34600687       5.19412231    
   1.34700692       5.21854258    
   1.34800696       5.24300051    
   1.34900701       5.26749611    
   1.35000706       5.29202938    
   1.35100710       5.31660032    
   1.35200715       5.34120893    
   1.35300720       5.36585569    
   1.35400724       5.39054012    
   1.35500729       5.41526222    
   1.35600734       5.44002199    
   1.35700738       5.46481991    
   1.35800743       5.48965549    
   1.35900748       5.51452875    
   1.36000752       5.53944016    
   1.36100757       5.56438923    
   1.36200762       5.58937645    
   1.36300766       5.61440134    
   1.36400771       5.63946438    
   1.36500776       5.66456556    
   1.36600780       5.68970442    
   1.36700785       5.71488142    
   1.36800790       5.74009657    
   1.36900795       5.76534986    
   1.37000799       5.79064083    
   1.37100804       5.81596994    
   1.37200809       5.84133720    
   1.37300813       5.86674261    
   1.37400818       5.89218616    
   1.37500823       5.91766787    
   1.37600827       5.94318771    
   1.37700832       5.96874571    
   1.37800837       5.99434185    
   1.37900841       6.01997662    
   1.38000846       6.04564953    
   1.38100851       6.07136059    
   1.38200855       6.09710979    
   1.38300860       6.12289762    
   1.38400865       6.14872360    
   1.38500869       6.17458773    
   1.38600874       6.20049047    
   1.38700879       6.22643137    
   1.38800883       6.25241089    
   1.38900888       6.27842855    
   1.39000893       6.30448484    
   1.39100897       6.33057976    
   1.39200902       6.35671282    
   1.39300907       6.38288450    
   1.39400911       6.40909481    
   1.39500916       6.43534327    
   1.39600921       6.46163034    
   1.39700925       6.48795605    
   1.39800930       6.51432037    
   1.39900935       6.54072332    
   1.40000939       6.56716490    
   1.40100944       6.59364510    
   1.40200949       6.62016392    
   1.40300953       6.64672136    
   1.40400958       6.67331743    
   1.40500963       6.69995213    
   1.40600967       6.72662592    
   1.40700972       6.75333834    
   1.40800977       6.78008938    
   1.40900981       6.80687904    
   1.41000986       6.83370781    
   1.41100991       6.86057520    
   1.41200995       6.88748169    
   1.41301000       6.91442680    
   1.41401005       6.94141102    
   1.41501009       6.96843386    
   1.41601014       6.99549580    
   1.41701019       7.02259636    
   1.41801023       7.04973602    
   1.41901028       7.07691479    
   1.42001033       7.10413218    
   1.42101038       7.13138866    
   1.42201042       7.15868425    
   1.42301047       7.18601894    
   1.42401052       7.21339273    
   1.42501056       7.24080563    
   1.42601061       7.26825762    
   1.42701066       7.29574871    
   1.42801070       7.32327890    
   1.42901075       7.35084820    
   1.43001080       7.37845659    
   1.43101084       7.40610409    
   1.43201089       7.43379068    
   1.43301094       7.46151638    
   1.43401098       7.48928165    
   1.43501103       7.51708603    
   1.43601108       7.54492950    
   1.43701112       7.57281256    
   1.43801117       7.60073471    
   1.43901122       7.62869596    
   1.44001126       7.65669680    
   1.44101131       7.68473673    
   1.44201136       7.71281624    
   1.44301140       7.74093533    
   1.44401145       7.76909351    
   1.44501150       7.79729128    
   1.44601154       7.82552862    
   1.44701159       7.85380507    
   1.44801164       7.88212109    
   1.44901168       7.91047668    
   1.45001173       7.93887186    
   1.45101178       7.96730661    
   1.45201182       7.99578094    
   1.45301187       8.02429485    
   1.45401192       8.05284786    
   1.45501196       8.08144093    
   1.45601201       8.11007309    
   1.45701206       8.13874531    
   1.45801210       8.16745758    
   1.45901215       8.19620895    
   1.46001220       8.22500038    
   1.46101224       8.25383186    
   1.46201229       8.28270245    
   1.46301234       8.31161308    
   1.46401238       8.34056377    
   1.46501243       8.36955357    
   1.46601248       8.39858341    
   1.46701252       8.42765331    
   1.46801257       8.45676327    
   1.46901262       8.48591232    
   1.47001266       8.51510143    
   1.47101271       8.54433060    
   1.47201276       8.57359982    
   1.47301280       8.60290909    
   1.47401285       8.63225842    
   1.47501290       8.66164780    
   1.47601295       8.69107628    
   1.47701299       8.72054482    
   1.47801304       8.75005341    
   1.47901309       8.77960205    
   1.48001313       8.80919075    
   1.48101318       8.83881950    
   1.48201323       8.86848831    
   1.48301327       8.89819717    
   1.48401332       8.92794704    
   1.48501337       8.95773697    
   1.48601341       8.98756695    
   1.48701346       9.01743698    
   1.48801351       9.04734707    
   1.48901355       9.07729721    
   1.49001360       9.10728741    
   1.49101365       9.13731861    
   1.49201369       9.16738987    
   1.49301374       9.19750118    
   1.49401379       9.22765255    
   1.49501383       9.25784492    
   1.49601388       9.28807735    
   1.49701393       9.31834984    
   1.49801397       9.34866333    
   1.49901402       9.37901688    
   1.50001407       9.40941048    
   1.50101411       9.43984509    
   1.50201416       9.47031975    
   1.50301421       9.50083542    
   1.50401425       9.53139114    
   1.50501430       9.56198692    
   1.50601435       9.59262371    
   1.50701439       9.62330055    
   1.50801444       9.65401840    
   1.50901449       9.68477726    
   1.51001453       9.71557617    
   1.51101458       9.74641609    
   1.51201463       9.77729607    
   1.51301467       9.80821705    
   1.51401472       9.83917904    
   1.51501477       9.87018108    
   1.51601481       9.90122414    
   1.51701486       9.93230820    
   1.51801491       9.96343231    
   1.51901495       9.99459743    
   1.52001500       10.0258036    
   1.52101505       10.0570507    
   1.52201509       10.0883379    
   1.52301514       10.1196661    
   1.52401519       10.1510353    
   1.52501523       10.1824455    
   1.52601528       10.2138968    
   1.52701533       10.2453890    
   1.52801538       10.2769222    
   1.52901542       10.3084955    
   1.53001547       10.3401098    
   1.53101552       10.3717651    
   1.53201556       10.4034615    
   1.53301561       10.4351988    
   1.53401566       10.4669771    
   1.53501570       10.4987965    
   1.53601575       10.5306568    
   1.53701580       10.5625582    
   1.53801584       10.5945015    
   1.53901589       10.6264858    
   1.54001594       10.6585112    
   1.54101598       10.6905775    
   1.54201603       10.7226849    
   1.54301608       10.7548332    
   1.54401612       10.7870226    
   1.54501617       10.8192539    
   1.54601622       10.8515263    
   1.54701626       10.8838396    
   1.54801631       10.9161940    
   1.54901636       10.9485903    
   1.55001640       10.9810276    
   1.55101645       11.0135059    
   1.55201650       11.0460262    
   1.55301654       11.0785875    
   1.55401659       11.1111898    
   1.55501664       11.1438341    
   1.55601668       11.1765194    
   1.55701673       11.2092466    
   1.55801678       11.2420149    
   1.55901682       11.2748251    
   1.56001687       11.3076763    
   1.56101692       11.3405695    
   1.56201696       11.3735037    
   1.56301701       11.4064798    
   1.56401706       11.4394970    
   1.56501710       11.4725561    
   1.56601715       11.5056572    
   1.56701720       11.5387993    
   1.56801724       11.5719833    
   1.56901729       11.6052094    
   1.57001734       11.6384764    
   1.57101738       11.6717854    
   1.57201743       11.7051363    
   1.57301748       11.7385283    
   1.57401752       11.7719622    
   1.57501757       11.8054380    
   1.57601762       11.8389559    
   1.57701766       11.8725157    
   1.57801771       11.9061165    
   1.57901776       11.9397593    
   1.58001781       11.9734440    
   1.58101785       12.0071707    
   1.58201790       12.0409393    
   1.58301795       12.0747499    
   1.58401799       12.1086025    
   1.58501804       12.1424971    
   1.58601809       12.1764336    
   1.58701813       12.2104120    
   1.58801818       12.2444324    
   1.58901823       12.2784948    
   1.59001827       12.3125992    
   1.59101832       12.3467455    
   1.59201837       12.3809338    
   1.59301841       12.4151640    
   1.59401846       12.4494362    
   1.59501851       12.4837503    
   1.59601855       12.5181065    
   1.59701860       12.5525055    
   1.59801865       12.5869465    
   1.59901869       12.6214294    
   1.60001874       12.6559544    
   1.60101879       12.6905222    
   1.60201883       12.7251320    
   1.60301888       12.7597837    
   1.60401893       12.7944775    
   1.60501897       12.8292141    
   1.60601902       12.8639927    
   1.60701907       12.8988142    
   1.60801911       12.9336777    
   1.60901916       12.9685831    
   1.61001921       13.0035315    
   1.61101925       13.0385218    
   1.61201930       13.0735550    
   1.61301935       13.1086302    
   1.61401939       13.1437483    
   1.61501944       13.1789083    
   1.61601949       13.2141113    
   1.61701953       13.2493563    
   1.61801958       13.2846441    
   1.61901963       13.3199739    
   1.62001967       13.3553467    
   1.62101972       13.3907623    
   1.62201977       13.4262199    
   1.62301981       13.4617205    
   1.62401986       13.4972639    
   1.62501991       13.5328493    
   1.62601995       13.5684776    
   1.62702000       13.6041489    
   1.62802005       13.6398630    
   1.62902009       13.6756191    
   1.63002014       13.7114182    
   1.63102019       13.7472601    
   1.63202024       13.7831450    
   1.63302028       13.8190727    
   1.63402033       13.8550425    
   1.63502038       13.8910551    
   1.63602042       13.9271107    
   1.63702047       13.9632092    
   1.63802052       13.9993505    
   1.63902056       14.0355349    
   1.64002061       14.0717621    
   1.64102066       14.1080322    
   1.64202070       14.1443453    
   1.64302075       14.1807013    
   1.64402080       14.2171001    
   1.64502084       14.2535419    
   1.64602089       14.2900267    
   1.64702094       14.3265543    
   1.64802098       14.3631248    
   1.64902103       14.3997393    
   1.65002108       14.4363966    
   1.65102112       14.4730968    
   1.65202117       14.5098400    
   1.65302122       14.5466261    
   1.65402126       14.5834560    
   1.65502131       14.6203289    
   1.65602136       14.6572447    
   1.65702140       14.6942034    
   1.65802145       14.7312059    
   1.65902150       14.7682514    
   1.66002154       14.8053398    
   1.66102159       14.8424721    
   1.66202164       14.8796473    
   1.66302168       14.9168663    
   1.66402173       14.9541283    
   1.66502178       14.9914331    
   1.66602182       15.0287819    
   1.66702187       15.0661736    
   1.66802192       15.1036091    
   1.66902196       15.1410875    
   1.67002201       15.1786098    
   1.67102206       15.2161751    
   1.67202210       15.2537842    
   1.67302215       15.2914371    
   1.67402220       15.3291330    
   1.67502224       15.3668728    
   1.67602229       15.4046555    
   1.67702234       15.4424820    
   1.67802238       15.4803524    
   1.67902243       15.5182657    
   1.68002248       15.5562229    
   1.68102252       15.5942240    
   1.68202257       15.6322689    
   1.68302262       15.6703568    
   1.68402267       15.7084885    
   1.68502271       15.7466640    
   1.68602276       15.7848835    
   1.68702281       15.8231468    
   1.68802285       15.8614531    
   1.68902290       15.8998032    
   1.69002295       15.9381971    
   1.69102299       15.9766350    
   1.69202304       16.0151176    
   1.69302309       16.0536423    
   1.69402313       16.0922108    
   1.69502318       16.1308231    
   1.69602323       16.1694794    
   1.69702327       16.2081795    
   1.69802332       16.2469234    
   1.69902337       16.2857132    
   1.70002341       16.3245468    
   1.70102346       16.3634243    
   1.70202351       16.4023457    
   1.70302355       16.4413109    
   1.70402360       16.4803200    
   1.70502365       16.5193729    
   1.70602369       16.5584698    
   1.70702374       16.5976105    
   1.70802379       16.6367950    
   1.70902383       16.6760235    
   1.71002388       16.7152958    
   1.71102393       16.7546139    
   1.71202397       16.7939758    
   1.71302402       16.8333817    
   1.71402407       16.8728313    
   1.71502411       16.9123249    
   1.71602416       16.9518623    
   1.71702421       16.9914455    
   1.71802425       17.0310726    
   1.71902430       17.0707436    
   1.72002435       17.1104584    
   1.72102439       17.1502171    
   1.72202444       17.1900215    
   1.72302449       17.2298698    
   1.72402453       17.2697620    
   1.72502458       17.3096981    
   1.72602463       17.3496799    
   1.72702467       17.3897057    
   1.72802472       17.4297752    
   1.72902477       17.4698906    
   1.73002481       17.5100498    
   1.73102486       17.5502529    
   1.73202491       17.5904999    
   1.73302495       17.6307926    
   1.73402500       17.6711292    
   1.73502505       17.7115116    
   1.73602509       17.7519379    
   1.73702514       17.7924080    
   1.73802519       17.8329239    
   1.73902524       17.8734837    
   1.74002528       17.9140873    
   1.74102533       17.9547367    
   1.74202538       17.9954300    
   1.74302542       18.0361691    
   1.74402547       18.0769520    
   1.74502552       18.1177807    
   1.74602556       18.1586533    
   1.74702561       18.1995697    
   1.74802566       18.2405319    
   1.74902570       18.2815380    
   1.75002575       18.3225899    
   1.75102580       18.3636856    
   1.75202584       18.4048271    
   1.75302589       18.4460125    
   1.75402594       18.4872437    
   1.75502598       18.5285187    
   1.75602603       18.5698395    
   1.75702608       18.6112061    
   1.75802612       18.6526165    
   1.75902617       18.6940727    
   1.76002622       18.7355728    
   1.76102626       18.7771187    
   1.76202631       18.8187084    
   1.76302636       18.8603439    
   1.76402640       18.9020252    
   1.76502645       18.9437504    
   1.76602650       18.9855213    
   1.76702654       19.0273380    
   1.76802659       19.0691986    
   1.76902664       19.1111050    
   1.77002668       19.1530571    
   1.77102673       19.1950531    
   1.77202678       19.2370949    
   1.77302682       19.2791824    
   1.77402687       19.3213139    
   1.77502692       19.3634911    
   1.77602696       19.4057140    
   1.77702701       19.4479828    
   1.77802706       19.4902954    
   1.77902710       19.5326538    
   1.78002715       19.5750580    
   1.78102720       19.6175079    
   1.78202724       19.6600018    
   1.78302729       19.7025414    
   1.78402734       19.7451267    
   1.78502738       19.7877579    
   1.78602743       19.8304348    
   1.78702748       19.8731556    
   1.78802752       19.9159222    
   1.78902757       19.9587345    
   1.79002762       20.0015926    
   1.79102767       20.0444965    
   1.79202771       20.0874462    
   1.79302776       20.1304398    
   1.79402781       20.1734791    
   1.79502785       20.2165642    
   1.79602790       20.2596951    
   1.79702795       20.3028717    
   1.79802799       20.3460941    
   1.79902804       20.3893623    
   1.80002809       20.4326763    
   1.80102813       20.4760361    
   1.80202818       20.5194416    
   1.80302823       20.5628929    
   1.80402827       20.6063900    
   1.80502832       20.6499329    
   1.80602837       20.6935215    
   1.80702841       20.7371559    
   1.80802846       20.7808361    
   1.80902851       20.8245621    
   1.81002855       20.8683338    
   1.81102860       20.9121513    
   1.81202865       20.9560146    
   1.81302869       20.9999237    
   1.81402874       21.0438786    
   1.81502879       21.0878792    
   1.81602883       21.1319256    
   1.81702888       21.1760178    
   1.81802893       21.2201557    
   1.81902897       21.2643394    
   1.82002902       21.3085709    
   1.82102907       21.3528481    
   1.82202911       21.3971710    
   1.82302916       21.4415398    
   1.82402921       21.4859543    
   1.82502925       21.5304146    
   1.82602930       21.5749207    
   1.82702935       21.6194744    
   1.82802939       21.6640739    
   1.82902944       21.7087193    
   1.83002949       21.7534103    
   1.83102953       21.7981472    
   1.83202958       21.8429317    
   1.83302963       21.8877621    
   1.83402967       21.9326382    
   1.83502972       21.9775600    
   1.83602977       22.0225296    
   1.83702981       22.0675449    
   1.83802986       22.1126060    
   1.83902991       22.1577129    
   1.84002995       22.2028675    
   1.84103000       22.2480679    
   1.84203005       22.2933140    
   1.84303010       22.3386078    
   1.84403014       22.3839474    
   1.84503019       22.4293327    
   1.84603024       22.4747658    
   1.84703028       22.5202446    
   1.84803033       22.5657692    
   1.84903038       22.6113415    
   1.85003042       22.6569595    
   1.85103047       22.7026253    
   1.85203052       22.7483368    
   1.85303056       22.7940941    
   1.85403061       22.8398991    
   1.85503066       22.8857498    
   1.85603070       22.9316483    
   1.85703075       22.9775925    
   1.85803080       23.0235844    
   1.85903084       23.0696220    
   1.86003089       23.1157074    
   1.86103094       23.1618385    
   1.86203098       23.2080173    
   1.86303103       23.2542419    
   1.86403108       23.3005142    
   1.86503112       23.3468323    
   1.86603117       23.3931980    
   1.86703122       23.4396095    
   1.86803126       23.4860687    
   1.86903131       23.5325737    
   1.87003136       23.5791264    
   1.87103140       23.6257248    
   1.87203145       23.6723709    
   1.87303150       23.7190647    
   1.87403154       23.7658043    
   1.87503159       23.8125916    
   1.87603164       23.8594246    
   1.87703168       23.9063053    
   1.87803173       23.9532337    
   1.87903178       24.0002079    
   1.88003182       24.0472298    
   1.88103187       24.0942993    
   1.88203192       24.1414146    
   1.88303196       24.1885777    
   1.88403201       24.2357883    
   1.88503206       24.2830448    
   1.88603210       24.3303490    
   1.88703215       24.3777008    
   1.88803220       24.4250984    
   1.88903224       24.4725437    
   1.89003229       24.5200367    
   1.89103234       24.5675774    
   1.89203238       24.6151638    
   1.89303243       24.6627979    
   1.89403248       24.7104797    
   1.89503253       24.7582092    
   1.89603257       24.8059864    
   1.89703262       24.8538094    
   1.89803267       24.9016800    
   1.89903271       24.9495983    
   1.90003276       24.9975643    
   1.90103281       25.0455780    
   1.90203285       25.0936394    
   1.90303290       25.1417465    
   1.90403295       25.1899014    
   1.90503299       25.2381039    
   1.90603304       25.2863541    
   1.90703309       25.3346519    
   1.90803313       25.3829975    
   1.90903318       25.4313908    
   1.91003323       25.4798317    
   1.91103327       25.5283203    
   1.91203332       25.5768566    
   1.91303337       25.6254387    
   1.91403341       25.6740685    
   1.91503346       25.7227459    
   1.91603351       25.7714710    
   1.91703355       25.8202438    
   1.91803360       25.8690643    
   1.91903365       25.9179325    
   1.92003369       25.9668484    
   1.92103374       26.0158119    
   1.92203379       26.0648232    
   1.92303383       26.1138821    
   1.92403388       26.1629887    
   1.92503393       26.2121429    
   1.92603397       26.2613468    
   1.92703402       26.3105984    
   1.92803407       26.3598976    
   1.92903411       26.4092445    
   1.93003416       26.4586391    
   1.93103421       26.5080814    
   1.93203425       26.5575714    
   1.93303430       26.6071091    
   1.93403435       26.6566944    
   1.93503439       26.7063274    
   1.93603444       26.7560101    
   1.93703449       26.8057404    
   1.93803453       26.8555183    
   1.93903458       26.9053440    
   1.94003463       26.9552174    
   1.94103467       27.0051403    
   1.94203472       27.0551109    
   1.94303477       27.1051292    
   1.94403481       27.1551952    
   1.94503486       27.2053089    
   1.94603491       27.2554722    
   1.94703496       27.3056831    
   1.94803500       27.3559418    
   1.94903505       27.4062481    
   1.95003510       27.4566040    
   1.95103514       27.5070076    
   1.95203519       27.5574589    
   1.95303524       27.6079578    
   1.95403528       27.6585064    
   1.95503533       27.7091026    
   1.95603538       27.7597466    
   1.95703542       27.8104401    
   1.95803547       27.8611813    
   1.95903552       27.9119701    
   1.96003556       27.9628086    
   1.96103561       28.0136948    
   1.96203566       28.0646305    
   1.96303570       28.1156139    
   1.96403575       28.1666451    
   1.96503580       28.2177258    
   1.96603584       28.2688541    
   1.96703589       28.3200321    
   1.96803594       28.3712578    
   1.96903598       28.4225311    
   1.97003603       28.4738541    
   1.97103608       28.5252247    
   1.97203612       28.5766449    
   1.97303617       28.6281128    
   1.97403622       28.6796303    
   1.97503626       28.7311954    
   1.97603631       28.7828102    
   1.97703636       28.8344727    
   1.97803640       28.8861847    
   1.97903645       28.9379444    
   1.98003650       28.9897537    
   1.98103654       29.0416107    
   1.98203659       29.0935173    
   1.98303664       29.1454716    
   1.98403668       29.1974754    
   1.98503673       29.2495289    
   1.98603678       29.3016300    
   1.98703682       29.3537807    
   1.98803687       29.4059792    
   1.98903692       29.4582272    
   1.99003696       29.5105247    
   1.99103701       29.5628700    
   1.99203706       29.6152649    
   1.99303710       29.6677094    
   1.99403715       29.7202015    
   1.99503720       29.7727432    
   1.99603724       29.8253345    
   1.99703729       29.8779736    
   1.99803734       29.9306622    
   1.99903738       29.9834003    
   2.00003743       30.0361862    
   2.00103736       30.0890217    
   2.00203729       30.1419067    
   2.00303721       30.1948414    
   2.00403714       30.2478237    
   2.00503707       30.3008556    
   2.00603700       30.3539371    
   2.00703692       30.4070683    
   2.00803685       30.4602470    
   2.00903678       30.5134754    
   2.01003671       30.5667534    
   2.01103663       30.6200809    
   2.01203656       30.6734581    
   2.01303649       30.7268829    
   2.01403642       30.7803574    
   2.01503634       30.8338814    
   2.01603627       30.8874550    
   2.01703620       30.9410782    
   2.01803613       30.9947510    
   2.01903605       31.0484715    
   2.02003598       31.1022415    
   2.02103591       31.1560612    
   2.02203584       31.2099304    
   2.02303576       31.2638493    
   2.02403569       31.3178177    
   2.02503562       31.3718357    
   2.02603555       31.4259033    
   2.02703547       31.4800205    
   2.02803540       31.5341873    
   2.02903533       31.5884037    
   2.03003526       31.6426697    
   2.03103518       31.6969852    
   2.03203511       31.7513504    
   2.03303504       31.8057652    
   2.03403497       31.8602295    
   2.03503489       31.9147434    
   2.03603482       31.9693069    
   2.03703475       32.0239182    
   2.03803468       32.0785789    
   2.03903461       32.1332893    
   2.04003453       32.1880493    
   2.04103446       32.2428589    
   2.04203439       32.2977219    
   2.04303432       32.3526344    
   2.04403424       32.4075966    
   2.04503417       32.4626083    
   2.04603410       32.5176697    
   2.04703403       32.5727806    
   2.04803395       32.6279411    
   2.04903388       32.6831512    
   2.05003381       32.7384109    
   2.05103374       32.7937202    
   2.05203366       32.8490791    
   2.05303359       32.9044876    
   2.05403352       32.9599457    
   2.05503345       33.0154533    
   2.05603337       33.0710106    
   2.05703330       33.1266212    
   2.05803323       33.1822815    
   2.05903316       33.2379913    
   2.06003308       33.2937508    
   2.06103301       33.3495598    
   2.06203294       33.4054184    
   2.06303287       33.4613266    
   2.06403279       33.5172844    
   2.06503272       33.5732956    
   2.06603265       33.6293564    
   2.06703258       33.6854668    
   2.06803250       33.7416267    
   2.06903243       33.7978363    
   2.07003236       33.8540955    
   2.07103229       33.9104042    
   2.07203221       33.9667664    
   2.07303214       34.0231781    
   2.07403207       34.0796394    
   2.07503200       34.1361504    
   2.07603192       34.1927109    
   2.07703185       34.2493248    
   2.07803178       34.3059883    
   2.07903171       34.3627014    
   2.08003163       34.4194641    
   2.08103156       34.4762764    
   2.08203149       34.5331421    
   2.08303142       34.5900574    
   2.08403134       34.6470222    
   2.08503127       34.7040367    
   2.08603120       34.7611008    
   2.08703113       34.8182182    
   2.08803105       34.8753853    
   2.08903098       34.9326019    
   2.09003091       34.9898682    
   2.09103084       35.0471878    
   2.09203076       35.1045570    
   2.09303069       35.1619759    
   2.09403062       35.2194443    
   2.09503055       35.2769661    
   2.09603047       35.3345375    
   2.09703040       35.3921585    
   2.09803033       35.4498329    
   2.09903026       35.5075569    
   2.10003018       35.5653305    
   2.10103011       35.6231537    
   2.10203004       35.6810303    
   2.10302997       35.7389565    
   2.10402989       35.7969322    
   2.10502982       35.8549614    
   2.10602975       35.9130402    
   2.10702968       35.9711685    
   2.10802960       36.0293503    
   2.10902953       36.0875816    
   2.11002946       36.1458626    
   2.11102939       36.2041969    
   2.11202931       36.2625809    
   2.11302924       36.3210144    
   2.11402917       36.3795013    
   2.11502910       36.4380379    
   2.11602902       36.4966240    
   2.11702895       36.5552635    
   2.11802888       36.6139526    
   2.11902881       36.6726913    
   2.12002873       36.7314835    
   2.12102866       36.7903252    
   2.12202859       36.8492203    
   2.12302852       36.9081650    
   2.12402844       36.9671593    
   2.12502837       37.0262070    
   2.12602830       37.0853043    
   2.12702823       37.1444511    
   2.12802815       37.2036514    
   2.12902808       37.2629013    
   2.13002801       37.3222046    
   2.13102794       37.3815575    
   2.13202786       37.4409637    
   2.13302779       37.5004196    
   2.13402772       37.5599251    
   2.13502765       37.6194839    
   2.13602757       37.6790924    
   2.13702750       37.7387543    
   2.13802743       37.7984657    
   2.13902736       37.8582306    
   2.14002728       37.9180450    
   2.14102721       37.9779129    
   2.14202714       38.0378304    
   2.14302707       38.0978012    
   2.14402699       38.1578217    
   2.14502692       38.2178955    
   2.14602685       38.2780190    
   2.14702678       38.3381920    
   2.14802670       38.3984184    
   2.14902663       38.4586945    
   2.15002656       38.5190239    
   2.15102649       38.5794029    
   2.15202641       38.6398354    
   2.15302634       38.7003212    
   2.15402627       38.7608566    
   2.15502620       38.8214455    
   2.15602612       38.8820839    
   2.15702605       38.9427757    
   2.15802598       39.0035172    
   2.15902591       39.0643120    
   2.16002584       39.1251564    
   2.16102576       39.1860542    
   2.16202569       39.2470016    
   2.16302562       39.3080025    
   2.16402555       39.3690529    
   2.16502547       39.4301567    
   2.16602540       39.4913139    
   2.16702533       39.5525208    
   2.16802526       39.6137810    
   2.16902518       39.6750908    
   2.17002511       39.7364540    
   2.17102504       39.7978706    
   2.17202497       39.8593369    
   2.17302489       39.9208565    
   2.17402482       39.9824257    
   2.17502475       40.0440483    
   2.17602468       40.1057243    
   2.17702460       40.1674500    
   2.17802453       40.2292290    
   2.17902446       40.2910576    
   2.18002439       40.3529396    
   2.18102431       40.4148750    
   2.18202424       40.4768600    
   2.18302417       40.5388985    
   2.18402410       40.6009903    
   2.18502402       40.6631317    
   2.18602395       40.7253265    
   2.18702388       40.7875748    
   2.18802381       40.8498726    
   2.18902373       40.9122238    
   2.19002366       40.9746284    
   2.19102359       41.0370827    
   2.19202352       41.0995903    
   2.19302344       41.1621513    
   2.19402337       41.2247620    
   2.19502330       41.2874260    
   2.19602323       41.3501434    
   2.19702315       41.4129105    
   2.19802308       41.4757309    
   2.19902301       41.5386047    
   2.20002294       41.6015320    
   2.20102286       41.6645088    
   2.20202279       41.7275391    
   2.20302272       41.7906227    
   2.20402265       41.8537598    
   2.20502257       41.9169464    
   2.20602250       41.9801865    
   2.20702243       42.0434799    
   2.20802236       42.1068268    
   2.20902228       42.1702232    
   2.21002221       42.2336731    
   2.21102214       42.2971764    
   2.21202207       42.3607330    
   2.21302199       42.4243393    
   2.21402192       42.4879990    
   2.21502185       42.5517120    
   2.21602178       42.6154785    
   2.21702170       42.6792946    
   2.21802163       42.7431641    
   2.21902156       42.8070869    
   2.22002149       42.8710632    
   2.22102141       42.9350929    
   2.22202134       42.9991722    
   2.22302127       43.0633049    
   2.22402120       43.1274910    
   2.22502112       43.1917305    
   2.22602105       43.2560234    
   2.22702098       43.3203697    
   2.22802091       43.3847656    
   2.22902083       43.4492149    
   2.23002076       43.5137177    
   2.23102069       43.5782738    
   2.23202062       43.6428833    
   2.23302054       43.7075462    
   2.23402047       43.7722626    
   2.23502040       43.8370285    
   2.23602033       43.9018478    
   2.23702025       43.9667206    
   2.23802018       44.0316467    
   2.23902011       44.0966263    
   2.24002004       44.1616592    
   2.24101996       44.2267456    
   2.24201989       44.2918854    
   2.24301982       44.3570747    
   2.24401975       44.4223175    
   2.24501967       44.4876137    
   2.24601960       44.5529633    
   2.24701953       44.6183662    
   2.24801946       44.6838226    
   2.24901938       44.7493324    
   2.25001931       44.8148956    
   2.25101924       44.8805122    
   2.25201917       44.9461823    
   2.25301909       45.0119057    
   2.25401902       45.0776825    
   2.25501895       45.1435127    
   2.25601888       45.2093964    
   2.25701880       45.2753334    
   2.25801873       45.3413200    
   2.25901866       45.4073601    
   2.26001859       45.4734535    
   2.26101851       45.5396004    
   2.26201844       45.6058006    
   2.26301837       45.6720543    
   2.26401830       45.7383614    
   2.26501822       45.8047218    
   2.26601815       45.8711357    
   2.26701808       45.9376030    
   2.26801801       46.0041237    
   2.26901793       46.0706978    
   2.27001786       46.1373253    
   2.27101779       46.2040062    
   2.27201772       46.2707405    
   2.27301764       46.3375282    
   2.27401757       46.4043694    
   2.27501750       46.4712677    
   2.27601743       46.5382195    
   2.27701735       46.6052246    
   2.27801728       46.6722832    
   2.27901721       46.7393951    
   2.28001714       46.8065605    
   2.28101707       46.8737793    
   2.28201699       46.9410515    
   2.28301692       47.0083771    
   2.28401685       47.0757561    
   2.28501678       47.1431885    
   2.28601670       47.2106743    
   2.28701663       47.2782135    
   2.28801656       47.3458061    
   2.28901649       47.4134521    
   2.29001641       47.4811554    
   2.29101634       47.5489120    
   2.29201627       47.6167221    
   2.29301620       47.6845856    
   2.29401612       47.7525024    
   2.29501605       47.8204727    
   2.29601598       47.8884964    
   2.29701591       47.9565735    
   2.29801583       48.0247078    
   2.29901576       48.0928955    
   2.30001569       48.1611366    
   2.30101562       48.2294312    
   2.30201554       48.2977791    
   2.30301547       48.3661804    
   2.30401540       48.4346352    
   2.30501533       48.5031471    
   2.30601525       48.5717125    
   2.30701518       48.6403313    
   2.30801511       48.7090034    
   2.30901504       48.7777290    
   2.31001496       48.8465080    
   2.31101489       48.9153442    
   2.31201482       48.9842339    
   2.31301475       49.0531769    
   2.31401467       49.1221733    
   2.31501460       49.1912231    
   2.31601453       49.2603302    
   2.31701446       49.3294907    
   2.31801438       49.3987045    
   2.31901431       49.4679718    
   2.32001424       49.5372963    
   2.32101417       49.6066742    
   2.32201409       49.6761055    
   2.32301402       49.7455902    
   2.32401395       49.8151283    
   2.32501388       49.8847237    
   2.32601380       49.9543724    
   2.32701373       50.0240746    
   2.32801366       50.0938301    
   2.32901359       50.1636429    
   2.33001351       50.2335091    
   2.33101344       50.3034286    
   2.33201337       50.3734055    
   2.33301330       50.4434357    
   2.33401322       50.5135193    
   2.33501315       50.5836563    
   2.33601308       50.6538506    
   2.33701301       50.7240982    
   2.33801293       50.7943993    
   2.33901286       50.8647575    
   2.34001279       50.9351692    
   2.34101272       51.0056343    
   2.34201264       51.0761566    
   2.34301257       51.1467323    
   2.34401250       51.2173615    
   2.34501243       51.2880478    
   2.34601235       51.3587875    
   2.34701228       51.4295807    
   2.34801221       51.5004311    
   2.34901214       51.5713348    
   2.35001206       51.6422920    
   2.35101199       51.7133064    
   2.35201192       51.7843742    
   2.35301185       51.8554955    
   2.35401177       51.9266739    
   2.35501170       51.9979057    
   2.35601163       52.0691910    
   2.35701156       52.1405334    
   2.35801148       52.2119293    
   2.35901141       52.2833824    
   2.36001134       52.3548889    
   2.36101127       52.4264488    
   2.36201119       52.4980659    
   2.36301112       52.5697365    
   2.36401105       52.6414642    
   2.36501098       52.7132454    
   2.36601090       52.7850800    
   2.36701083       52.8569717    
   2.36801076       52.9289169    
   2.36901069       53.0009193    
   2.37001061       53.0729752    
   2.37101054       53.1450882    
   2.37201047       53.2172546    
   2.37301040       53.2894783    
   2.37401032       53.3617554    
   2.37501025       53.4340858    
   2.37601018       53.5064735    
   2.37701011       53.5789146    
   2.37801003       53.6514130    
   2.37900996       53.7239647    
   2.38000989       53.7965736    
   2.38100982       53.8692360    
   2.38200974       53.9419556    
   2.38300967       54.0147285    
   2.38400960       54.0875587    
   2.38500953       54.1604424    
   2.38600945       54.2333832    
   2.38700938       54.3063774    
   2.38800931       54.3794289    
   2.38900924       54.4525337    
   2.39000916       54.5256958    
   2.39100909       54.5989113    
   2.39200902       54.6721840    
   2.39300895       54.7455101    
   2.39400887       54.8188934    
   2.39500880       54.8923302    
   2.39600873       54.9658241    
   2.39700866       55.0393753    
   2.39800858       55.1129799    
   2.39900851       55.1866417    
   2.40000844       55.2603569    
   2.40100837       55.3341293    
   2.40200830       55.4079552    
   2.40300822       55.4818382    
   2.40400815       55.5557785    
   2.40500808       55.6297722    
   2.40600801       55.7038231    
   2.40700793       55.7779274    
   2.40800786       55.8520889    
   2.40900779       55.9263039    
   2.41000772       56.0005760    
   2.41100764       56.0749054    
   2.41200757       56.1492882    
   2.41300750       56.2237282    
   2.41400743       56.2982254    
   2.41500735       56.3727760    
   2.41600728       56.4473839    
   2.41700721       56.5220451    
   2.41800714       56.5967636    
   2.41900706       56.6715393    
   2.42000699       56.7463684    
   2.42100692       56.8212547    
   2.42200685       56.8961983    
   2.42300677       56.9711952    
   2.42400670       57.0462494    
   2.42500663       57.1213608    
   2.42600656       57.1965256    
   2.42700648       57.2717476    
   2.42800641       57.3470268    
   2.42900634       57.4223595    
   2.43000627       57.4977493    
   2.43100619       57.5731964    
   2.43200612       57.6486969    
   2.43300605       57.7242546    
   2.43400598       57.7998695    
   2.43500590       57.8755417    
   2.43600583       57.9512672    
   2.43700576       58.0270500    
   2.43800569       58.1028900    
   2.43900561       58.1787834    
   2.44000554       58.2547340    
   2.44100547       58.3307419    
   2.44200540       58.4068069    
   2.44300532       58.4829254    
   2.44400525       58.5591011    
   2.44500518       58.6353340    
   2.44600511       58.7116241    
   2.44700503       58.7879677    
   2.44800496       58.8643684    
   2.44900489       58.9408264    
   2.45000482       59.0173416    
   2.45100474       59.0939102    
   2.45200467       59.1705360    
   2.45300460       59.2472191    
   2.45400453       59.3239594    
   2.45500445       59.4007568    
   2.45600438       59.4776077    
   2.45700431       59.5545158    
   2.45800424       59.6314812    
   2.45900416       59.7085037    
   2.46000409       59.7855835    
   2.46100402       59.8627167    
   2.46200395       59.9399071    
   2.46300387       60.0171547    
   2.46400380       60.0944595    
   2.46500373       60.1718216    
   2.46600366       60.2492409    
   2.46700358       60.3267136    
   2.46800351       60.4042435    
   2.46900344       60.4818306    
   2.47000337       60.5594749    
   2.47100329       60.6371765    
   2.47200322       60.7149353    
   2.47300315       60.7927513    
   2.47400308       60.8706207    
   2.47500300       60.9485474    
   2.47600293       61.0265312    
   2.47700286       61.1045723    
   2.47800279       61.1826706    
   2.47900271       61.2608261    
   2.48000264       61.3390388    
   2.48100257       61.4173088    
   2.48200250       61.4956360    
   2.48300242       61.5740166    
   2.48400235       61.6524544    
   2.48500228       61.7309494    
   2.48600221       61.8095016    
   2.48700213       61.8881111    
   2.48800206       61.9667778    
   2.48900199       62.0455017    
   2.49000192       62.1242828    
   2.49100184       62.2031212    
   2.49200177       62.2820168    
   2.49300170       62.3609695    
   2.49400163       62.4399796    
   2.49500155       62.5190468    
   2.49600148       62.5981712    
   2.49700141       62.6773529    
   2.49800134       62.7565918    
   2.49900126       62.8358879    
