   0.00000000      -21332.9004    
   1.00000005E-03  -21301.2129    
   2.00000009E-03  -21269.1074    
   3.00000003E-03  -21236.5859    
   4.00000019E-03  -21203.6484    
   5.00000035E-03  -21170.2949    
   6.00000052E-03  -21136.5254    
   7.00000068E-03  -21102.3418    
   8.00000038E-03  -21067.7441    
   9.00000054E-03  -21032.7324    
   1.00000007E-02  -20997.3086    
   1.10000009E-02  -20961.4727    
   1.20000010E-02  -20925.2246    
   1.30000012E-02  -20888.5645    
   1.40000014E-02  -20851.4941    
   1.50000015E-02  -20814.0137    
   1.60000008E-02  -20776.1250    
   1.70000009E-02  -20737.8281    
   1.80000011E-02  -20699.1230    
   1.90000013E-02  -20660.0117    
   2.00000014E-02  -20620.4941    
   2.10000016E-02  -20580.5703    
   2.20000017E-02  -20540.2402    
   2.30000019E-02  -20499.5059    
   2.40000021E-02  -20458.3691    
   2.50000022E-02  -20416.8281    
   2.60000024E-02  -20374.8848    
   2.70000026E-02  -20332.5410    
   2.80000027E-02  -20289.7969    
   2.90000029E-02  -20246.6523    
   3.00000031E-02  -20203.1074    
   3.10000032E-02  -20159.1641    
   3.20000015E-02  -20114.8242    
   3.29999998E-02  -20070.0859    
   3.39999981E-02  -20024.9512    
   3.49999964E-02  -19979.4219    
   3.59999947E-02  -19933.4980    
   3.69999930E-02  -19887.1797    
   3.79999913E-02  -19840.4688    
   3.89999896E-02  -19793.3652    
   3.99999879E-02  -19745.8691    
   4.09999862E-02  -19697.9824    
   4.19999845E-02  -19649.7051    
   4.29999828E-02  -19601.0391    
   4.39999811E-02  -19551.9844    
   4.49999794E-02  -19502.5430    
   4.59999777E-02  -19452.7148    
   4.69999760E-02  -19402.5000    
   4.79999743E-02  -19351.9004    
   4.89999726E-02  -19300.9160    
   4.99999709E-02  -19249.5488    
   5.09999692E-02  -19197.7988    
   5.19999675E-02  -19145.6680    
   5.29999658E-02  -19093.1562    
   5.39999641E-02  -19040.2656    
   5.49999624E-02  -18986.9961    
   5.59999608E-02  -18933.3477    
   5.69999591E-02  -18879.3223    
   5.79999574E-02  -18824.9199    
   5.89999557E-02  -18770.1426    
   5.99999540E-02  -18714.9902    
   6.09999523E-02  -18659.4648    
   6.19999506E-02  -18603.5664    
   6.29999489E-02  -18547.2969    
   6.39999509E-02  -18490.6562    
   6.49999529E-02  -18433.6465    
   6.59999549E-02  -18376.2676    
   6.69999570E-02  -18318.5215    
   6.79999590E-02  -18260.4082    
   6.89999610E-02  -18201.9297    
   6.99999630E-02  -18143.0859    
   7.09999651E-02  -18083.8789    
   7.19999671E-02  -18024.3086    
   7.29999691E-02  -17964.3770    
   7.39999712E-02  -17904.0840    
   7.49999732E-02  -17843.4316    
   7.59999752E-02  -17782.4199    
   7.69999772E-02  -17721.0508    
   7.79999793E-02  -17659.3242    
   7.89999813E-02  -17597.2422    
   7.99999833E-02  -17534.8047    
   8.09999853E-02  -17472.0137    
   8.19999874E-02  -17408.8711    
   8.29999894E-02  -17345.3770    
   8.39999914E-02  -17281.5312    
   8.49999934E-02  -17217.3359    
   8.59999955E-02  -17152.7930    
   8.69999975E-02  -17087.9023    
   8.79999995E-02  -17022.6660    
   8.90000015E-02  -16957.0840    
   9.00000036E-02  -16891.1582    
   9.10000056E-02  -16824.8887    
   9.20000076E-02  -16758.2773    
   9.30000097E-02  -16691.3262    
   9.40000117E-02  -16624.0352    
   9.50000137E-02  -16556.4062    
   9.60000157E-02  -16488.4395    
   9.70000178E-02  -16420.1367    
   9.80000198E-02  -16351.4980    
   9.90000218E-02  -16282.5254    
  0.100000024      -16213.2197    
  0.101000026      -16143.5830    
  0.102000028      -16073.6152    
  0.103000030      -16003.3184    
  0.104000032      -15932.6934    
  0.105000034      -15861.7412    
  0.106000036      -15790.4639    
  0.107000038      -15718.8613    
  0.108000040      -15646.9355    
  0.109000042      -15574.6875    
  0.110000044      -15502.1182    
  0.111000046      -15429.2295    
  0.112000048      -15356.0215    
  0.113000050      -15282.4961    
  0.114000052      -15208.6553    
  0.115000054      -15134.4990    
  0.116000056      -15060.0293    
  0.117000058      -14985.2471    
  0.118000060      -14910.1533    
  0.119000062      -14834.7500    
  0.120000064      -14759.0381    
  0.121000066      -14683.0186    
  0.122000068      -14606.6924    
  0.123000070      -14530.0615    
  0.124000072      -14453.1270    
  0.125000075      -14375.8896    
  0.126000077      -14298.3516    
  0.127000079      -14220.5137    
  0.128000081      -14142.3770    
  0.129000083      -14063.9434    
  0.130000085      -13985.2139    
  0.131000087      -13906.1895    
  0.132000089      -13826.8721    
  0.133000091      -13747.2627    
  0.134000093      -13667.3623    
  0.135000095      -13587.1729    
  0.136000097      -13506.6953    
  0.137000099      -13425.9307    
  0.138000101      -13344.8809    
  0.139000103      -13263.5469    
  0.140000105      -13181.9307    
  0.141000107      -13100.0332    
  0.142000109      -13017.8555    
  0.143000111      -12935.3994    
  0.144000113      -12852.6660    
  0.145000115      -12769.6572    
  0.146000117      -12686.3740    
  0.147000119      -12602.8174    
  0.148000121      -12518.9893    
  0.149000123      -12434.8916    
  0.150000125      -12350.5244    
  0.151000127      -12265.8896    
  0.152000129      -12180.9893    
  0.153000131      -12095.8242    
  0.154000133      -12010.3965    
  0.155000135      -11924.7070    
  0.156000137      -11838.7568    
  0.157000139      -11752.5479    
  0.158000141      -11666.0811    
  0.159000143      -11579.3584    
  0.160000145      -11492.3809    
  0.161000147      -11405.1504    
  0.162000149      -11317.6680    
  0.163000152      -11229.9355    
  0.164000154      -11141.9551    
  0.165000156      -11053.7266    
  0.166000158      -10965.2529    
  0.167000160      -10876.5342    
  0.168000162      -10787.5732    
  0.169000164      -10698.3711    
  0.170000166      -10608.9287    
  0.171000168      -10519.2480    
  0.172000170      -10429.3301    
  0.173000172      -10339.1768    
  0.174000174      -10248.7900    
  0.175000176      -10158.1709    
  0.176000178      -10067.3203    
  0.177000180      -9976.24121    
  0.178000182      -9884.93359    
  0.179000184      -9793.40039    
  0.180000186      -9701.64160    
  0.181000188      -9609.66016    
  0.182000190      -9517.45703    
  0.183000192      -9425.03320    
  0.184000194      -9332.39160    
  0.185000196      -9239.53223    
  0.186000198      -9146.45801    
  0.187000200      -9053.16992    
  0.188000202      -8959.66895    
  0.189000204      -8865.95703    
  0.190000206      -8772.03613    
  0.191000208      -8677.90723    
  0.192000210      -8583.57227    
  0.193000212      -8489.03320    
  0.194000214      -8394.29102    
  0.195000216      -8299.34766    
  0.196000218      -8204.20410    
  0.197000220      -8108.86279    
  0.198000222      -8013.32520    
  0.199000224      -7917.59229    
  0.200000226      -7821.66602    
  0.201000229      -7725.54834    
  0.202000231      -7629.24023    
  0.203000233      -7532.74365    
  0.204000235      -7436.06055    
  0.205000237      -7339.19189    
  0.206000239      -7242.13965    
  0.207000241      -7144.90576    
  0.208000243      -7047.49121    
  0.209000245      -6949.89795    
  0.210000247      -6852.12793    
  0.211000249      -6754.18262    
  0.212000251      -6656.06348    
  0.213000253      -6557.77197    
  0.214000255      -6459.31006    
  0.215000257      -6360.67969    
  0.216000259      -6261.88184    
  0.217000261      -6162.91846    
  0.218000263      -6063.79150    
  0.219000265      -5964.50244    
  0.220000267      -5865.05273    
  0.221000269      -5765.44434    
  0.222000271      -5665.67920    
  0.223000273      -5565.75879    
  0.224000275      -5465.68457    
  0.225000277      -5365.45801    
  0.226000279      -5265.08154    
  0.227000281      -5164.55615    
  0.228000283      -5063.88379    
  0.229000285      -4963.06641    
  0.230000287      -4862.10547    
  0.231000289      -4761.00293    
  0.232000291      -4659.76025    
  0.233000293      -4558.37939    
  0.234000295      -4456.86182    
  0.235000297      -4355.20947    
  0.236000299      -4253.42383    
  0.237000301      -4151.50684    
  0.238000304      -4049.45996    
  0.239000306      -3947.28516    
  0.240000308      -3844.98413    
  0.241000310      -3742.55859    
  0.242000312      -3640.01025    
  0.243000314      -3537.34106    
  0.244000316      -3434.55249    
  0.245000318      -3331.64648    
  0.246000320      -3228.62476    
  0.247000322      -3125.48901    
  0.248000324      -3022.24097    
  0.249000326      -2918.88257    
  0.250000328      -2815.41528    
  0.251000315      -2711.84106    
  0.252000302      -2608.16162    
  0.253000289      -2504.37891    
  0.254000276      -2400.49463    
  0.255000263      -2296.51050    
  0.256000251      -2192.42822    
  0.257000238      -2088.24976    
  0.258000225      -1983.97668    
  0.259000212      -1879.61084    
  0.260000199      -1775.15417    
  0.261000186      -1670.60840    
  0.262000173      -1565.97522    
  0.263000160      -1461.25647    
  0.264000148      -1356.45398    
  0.265000135      -1251.56958    
  0.266000122      -1146.60498    
  0.267000109      -1041.56213    
  0.268000096      -936.442749    
  0.269000083      -831.248596    
  0.270000070      -725.981567    
  0.271000057      -620.643433    
  0.272000045      -515.236023    
  0.273000032      -409.761139    
  0.274000019      -304.220642    
  0.275000006      -198.616333    
  0.275999993      -92.9500198    
  0.276999980       12.7764511    
  0.277999967       118.561272    
  0.278999954       224.402588    
  0.279999942       330.298584    
  0.280999929       436.247437    
  0.281999916       542.247314    
  0.282999903       648.296326    
  0.283999890       754.392639    
  0.284999877       860.534485    
  0.285999864       966.719971    
  0.286999851       1072.94727    
  0.287999839       1179.21448    
  0.288999826       1285.51978    
  0.289999813       1391.86133    
  0.290999800       1498.23730    
  0.291999787       1604.64587    
  0.292999774       1711.08521    
  0.293999761       1817.55334    
  0.294999748       1924.04846    
  0.295999736       2030.56873    
  0.296999723       2137.11230    
  0.297999710       2243.67725    
  0.298999697       2350.26172    
  0.299999684       2456.86377    
  0.300999671       2563.48169    
  0.301999658       2670.11353    
  0.302999645       2776.75757    
  0.303999633       2883.41162    
  0.304999620       2990.07422    
  0.305999607       3096.74316    
  0.306999594       3203.41675    
  0.307999581       3310.09302    
  0.308999568       3416.77002    
  0.309999555       3523.44604    
  0.310999542       3630.11914    
  0.311999530       3736.78735    
  0.312999517       3843.44897    
  0.313999504       3950.10205    
  0.314999491       4056.74463    
  0.315999478       4163.37500    
  0.316999465       4269.99121    
  0.317999452       4376.59131    
  0.318999439       4483.17334    
  0.319999427       4589.73535    
  0.320999414       4696.27588    
  0.321999401       4802.79248    
  0.322999388       4909.28369    
  0.323999375       5015.74756    
  0.324999362       5122.18213    
  0.325999349       5228.58545    
  0.326999336       5334.95557    
  0.327999324       5441.29053    
  0.328999311       5547.58887    
  0.329999298       5653.84814    
  0.330999285       5760.06689    
  0.331999272       5866.24268    
  0.332999259       5972.37402    
  0.333999246       6078.45898    
  0.334999233       6184.49561    
  0.335999221       6290.48242    
  0.336999208       6396.41699    
  0.337999195       6502.29736    
  0.338999182       6608.12207    
  0.339999169       6713.88916    
  0.340999156       6819.59619    
  0.341999143       6925.24170    
  0.342999130       7030.82373    
  0.343999118       7136.34033    
  0.344999105       7241.78955    
  0.345999092       7347.16992    
  0.346999079       7452.47900    
  0.347999066       7557.71533    
  0.348999053       7662.87646    
  0.349999040       7767.96094    
  0.350999027       7872.96680    
  0.351999015       7977.89160    
  0.352999002       8082.73389    
  0.353998989       8187.49219    
  0.354998976       8292.16406    
  0.355998963       8396.74805    
  0.356998950       8501.24121    
  0.357998937       8605.64258    
  0.358998924       8709.95020    
  0.359998912       8814.16211    
  0.360998899       8918.27539    
  0.361998886       9022.28906    
  0.362998873       9126.20117    
  0.363998860       9230.00977    
  0.364998847       9333.71387    
  0.365998834       9437.31055    
  0.366998821       9540.79785    
  0.367998809       9644.17383    
  0.368998796       9747.43652    
  0.369998783       9850.58496    
  0.370998770       9953.61621    
  0.371998757       10056.5293    
  0.372998744       10159.3213    
  0.373998731       10261.9912    
  0.374998719       10364.5361    
  0.375998706       10466.9551    
  0.376998693       10569.2461    
  0.377998680       10671.4072    
  0.378998667       10773.4355    
  0.379998654       10875.3301    
  0.380998641       10977.0889    
  0.381998628       11078.7100    
  0.382998616       11180.1914    
  0.383998603       11281.5322    
  0.384998590       11382.7295    
  0.385998577       11483.7812    
  0.386998564       11584.6855    
  0.387998551       11685.4414    
  0.388998538       11786.0459    
  0.389998525       11886.4980    
  0.390998513       11986.7959    
  0.391998500       12086.9365    
  0.392998487       12186.9189    
  0.393998474       12286.7412    
  0.394998461       12386.4014    
  0.395998448       12485.8975    
  0.396998435       12585.2275    
  0.397998422       12684.3896    
  0.398998410       12783.3818    
  0.399998397       12882.2021    
  0.400998384       12980.8486    
  0.401998371       13079.3203    
  0.402998358       13177.6143    
  0.403998345       13275.7295    
  0.404998332       13373.6641    
  0.405998319       13471.4150    
  0.406998307       13568.9814    
  0.407998294       13666.3613    
  0.408998281       13763.5527    
  0.409998268       13860.5537    
  0.410998255       13957.3623    
  0.411998242       14053.9775    
  0.412998229       14150.3965    
  0.413998216       14246.6172    
  0.414998204       14342.6387    
  0.415998191       14438.4590    
  0.416998178       14534.0752    
  0.417998165       14629.4863    
  0.418998152       14724.6904    
  0.419998139       14819.6855    
  0.420998126       14914.4707    
  0.421998113       15009.0430    
  0.422998101       15103.4004    
  0.423998088       15197.5420    
  0.424998075       15291.4648    
  0.425998062       15385.1680    
  0.426998049       15478.6494    
  0.427998036       15571.9072    
  0.428998023       15664.9395    
  0.429998010       15757.7441    
  0.430997998       15850.3203    
  0.431997985       15942.6650    
  0.432997972       16034.7773    
  0.433997959       16126.6553    
  0.434997946       16218.2959    
  0.435997933       16309.6992    
  0.436997920       16400.8613    
  0.437997907       16491.7812    
  0.438997895       16582.4590    
  0.439997882       16672.8906    
  0.440997869       16763.0742    
  0.441997856       16853.0098    
  0.442997843       16942.6934    
  0.443997830       17032.1250    
  0.444997817       17121.3027    
  0.445997804       17210.2227    
  0.446997792       17298.8848    
  0.447997779       17387.2871    
  0.448997766       17475.4277    
  0.449997753       17563.3047    
  0.450997740       17650.9160    
  0.451997727       17738.2617    
  0.452997714       17825.3379    
  0.453997701       17912.1445    
  0.454997689       17998.6777    
  0.455997676       18084.9375    
  0.456997663       18170.9199    
  0.457997650       18256.6250    
  0.458997637       18342.0508    
  0.459997624       18427.1953    
  0.460997611       18512.0566    
  0.461997598       18596.6348    
  0.462997586       18680.9258    
  0.463997573       18764.9277    
  0.464997560       18848.6406    
  0.465997547       18932.0605    
  0.466997534       19015.1875    
  0.467997521       19098.0195    
  0.468997508       19180.5547    
  0.469997495       19262.7910    
  0.470997483       19344.7266    
  0.471997470       19426.3613    
  0.472997457       19507.6914    
  0.473997444       19588.7168    
  0.474997431       19669.4336    
  0.475997418       19749.8418    
  0.476997405       19829.9395    
  0.477997392       19909.7246    
  0.478997380       19989.1953    
  0.479997367       20068.3516    
  0.480997354       20147.1895    
  0.481997341       20225.7090    
  0.482997328       20303.9062    
  0.483997315       20381.7812    
  0.484997302       20459.3320    
  0.485997289       20536.5566    
  0.486997277       20613.4551    
  0.487997264       20690.0234    
  0.488997251       20766.2598    
  0.489997238       20842.1641    
  0.490997225       20917.7344    
  0.491997212       20992.9688    
  0.492997199       21067.8652    
  0.493997186       21142.4219    
  0.494997174       21216.6387    
  0.495997161       21290.5137    
  0.496997148       21364.0430    
  0.497997135       21437.2266    
  0.498997122       21510.0625    
  0.499997109       21582.5508    
  0.500997126       21654.6875    
  0.501997113       21726.4727    
  0.502997100       21797.9023    
  0.503997087       21868.9766    
  0.504997075       21939.6953    
  0.505997062       22010.0547    
  0.506997049       22080.0527    
  0.507997036       22149.6895    
  0.508997023       22218.9629    
  0.509997010       22287.8711    
  0.510996997       22356.4121    
  0.511996984       22424.5859    
  0.512996972       22492.3887    
  0.513996959       22559.8203    
  0.514996946       22626.8789    
  0.515996933       22693.5625    
  0.516996920       22759.8711    
  0.517996907       22825.8008    
  0.518996894       22891.3516    
  0.519996881       22956.5215    
  0.520996869       23021.3086    
  0.521996856       23085.7129    
  0.522996843       23149.7305    
  0.523996830       23213.3613    
  0.524996817       23276.6035    
  0.525996804       23339.4570    
  0.526996791       23401.9180    
  0.527996778       23463.9863    
  0.528996766       23525.6602    
  0.529996753       23586.9375    
  0.530996740       23647.8184    
  0.531996727       23708.2988    
  0.532996714       23768.3789    
  0.533996701       23828.0566    
  0.534996688       23887.3320    
  0.535996675       23946.2012    
  0.536996663       24004.6641    
  0.537996650       24062.7188    
  0.538996637       24120.3652    
  0.539996624       24177.5996    
  0.540996611       24234.4219    
  0.541996598       24290.8320    
  0.542996585       24346.8262    
  0.543996572       24402.4043    
  0.544996560       24457.5645    
  0.545996547       24512.3047    
  0.546996534       24566.6230    
  0.547996521       24620.5195    
  0.548996508       24673.9922    
  0.549996495       24727.0391    
  0.550996482       24779.6602    
  0.551996469       24831.8535    
  0.552996457       24883.6172    
  0.553996444       24934.9512    
  0.554996431       24985.8516    
  0.555996418       25036.3203    
  0.556996405       25086.3535    
  0.557996392       25135.9512    
  0.558996379       25185.1113    
  0.559996367       25233.8320    
  0.560996354       25282.1113    
  0.561996341       25329.9492    
  0.562996328       25377.3438    
  0.563996315       25424.2949    
  0.564996302       25470.8008    
  0.565996289       25516.8594    
  0.566996276       25562.4707    
  0.567996264       25607.6309    
  0.568996251       25652.3418    
  0.569996238       25696.5996    
  0.570996225       25740.4043    
  0.571996212       25783.7539    
  0.572996199       25826.6484    
  0.573996186       25869.0840    
  0.574996173       25911.0625    
  0.575996161       25952.5801    
  0.576996148       25993.6367    
  0.577996135       26034.2305    
  0.578996122       26074.3613    
  0.579996109       26114.0273    
  0.580996096       26153.2266    
  0.581996083       26191.9590    
  0.582996070       26230.2227    
  0.583996058       26268.0176    
  0.584996045       26305.3398    
  0.585996032       26342.1914    
  0.586996019       26378.5684    
  0.587996006       26414.4707    
  0.588995993       26449.8984    
  0.589995980       26484.8496    
  0.590995967       26519.3223    
  0.591995955       26553.3145    
  0.592995942       26586.8262    
  0.593995929       26619.8574    
  0.594995916       26652.4062    
  0.595995903       26684.4707    
  0.596995890       26716.0488    
  0.597995877       26747.1406    
  0.598995864       26777.7461    
  0.599995852       26807.8633    
  0.600995839       26837.4902    
  0.601995826       26866.6270    
  0.602995813       26895.2715    
  0.603995800       26923.4238    
  0.604995787       26951.0820    
  0.605995774       26978.2441    
  0.606995761       27004.9102    
  0.607995749       27031.0801    
  0.608995736       27056.7520    
  0.609995723       27081.9238    
  0.610995710       27106.5957    
  0.611995697       27130.7656    
  0.612995684       27154.4336    
  0.613995671       27177.5977    
  0.614995658       27200.2578    
  0.615995646       27222.4121    
  0.616995633       27244.0586    
  0.617995620       27265.1992    
  0.618995607       27285.8301    
  0.619995594       27305.9512    
  0.620995581       27325.5625    
  0.621995568       27344.6621    
  0.622995555       27363.2500    
  0.623995543       27381.3242    
  0.624995530       27398.8828    
  0.625995517       27415.9258    
  0.626995504       27432.4531    
  0.627995491       27448.4629    
  0.628995478       27463.9551    
  0.629995465       27478.9277    
  0.630995452       27493.3809    
  0.631995440       27507.3125    
  0.632995427       27520.7227    
  0.633995414       27533.6094    
  0.634995401       27545.9727    
  0.635995388       27557.8105    
  0.636995375       27569.1230    
  0.637995362       27579.9102    
  0.638995349       27590.1699    
  0.639995337       27599.9023    
  0.640995324       27609.1055    
  0.641995311       27617.7793    
  0.642995298       27625.9219    
  0.643995285       27633.5332    
  0.644995272       27640.6133    
  0.645995259       27647.1602    
  0.646995246       27653.1738    
  0.647995234       27658.6523    
  0.648995221       27663.5957    
  0.649995208       27668.0020    
  0.650995195       27671.8711    
  0.651995182       27675.2031    
  0.652995169       27677.9961    
  0.653995156       27680.2500    
  0.654995143       27681.9648    
  0.655995131       27683.1387    
  0.656995118       27683.7715    
  0.657995105       27683.8613    
  0.658995092       27683.4082    
  0.659995079       27682.4121    
  0.660995066       27680.8711    
  0.661995053       27678.7852    
  0.662995040       27676.1543    
  0.663995028       27672.9766    
  0.664995015       27669.2520    
  0.665995002       27664.9805    
  0.666994989       27660.1602    
  0.667994976       27654.7910    
  0.668994963       27648.8730    
  0.669994950       27642.4043    
  0.670994937       27635.3848    
  0.671994925       27627.8145    
  0.672994912       27619.6914    
  0.673994899       27611.0156    
  0.674994886       27601.7871    
  0.675994873       27592.0039    
  0.676994860       27581.6660    
  0.677994847       27570.7734    
  0.678994834       27559.3262    
  0.679994822       27547.3223    
  0.680994809       27534.7617    
  0.681994796       27521.6445    
  0.682994783       27507.9688    
  0.683994770       27493.7344    
  0.684994757       27478.9414    
  0.685994744       27463.5898    
  0.686994731       27447.6777    
  0.687994719       27431.2070    
  0.688994706       27414.1758    
  0.689994693       27396.5820    
  0.690994680       27378.4277    
  0.691994667       27359.7109    
  0.692994654       27340.4316    
  0.693994641       27320.5898    
  0.694994628       27300.1836    
  0.695994616       27279.2129    
  0.696994603       27257.6797    
  0.697994590       27235.5801    
  0.698994577       27212.9160    
  0.699994564       27189.6875    
  0.700994551       27165.8926    
  0.701994538       27141.5312    
  0.702994525       27116.6035    
  0.703994513       27091.1094    
  0.704994500       27065.0469    
  0.705994487       27038.4180    
  0.706994474       27011.2207    
  0.707994461       26983.4551    
  0.708994448       26955.1211    
  0.709994435       26926.2168    
  0.710994422       26896.7441    
  0.711994410       26866.7012    
  0.712994397       26836.0898    
  0.713994384       26804.9082    
  0.714994371       26773.1562    
  0.715994358       26740.8340    
  0.716994345       26707.9395    
  0.717994332       26674.4746    
  0.718994319       26640.4395    
  0.719994307       26605.8320    
  0.720994294       26570.6523    
  0.721994281       26534.9004    
  0.722994268       26498.5781    
  0.723994255       26461.6816    
  0.724994242       26424.2129    
  0.725994229       26386.1719    
  0.726994216       26347.5586    
  0.727994204       26308.3730    
  0.728994191       26268.6133    
  0.729994178       26228.2812    
  0.730994165       26187.3750    
  0.731994152       26145.8945    
  0.732994139       26103.8418    
  0.733994126       26061.2148    
  0.734994113       26018.0137    
  0.735994101       25974.2383    
  0.736994088       25929.8887    
  0.737994075       25884.9668    
  0.738994062       25839.4707    
  0.739994049       25793.4004    
  0.740994036       25746.7559    
  0.741994023       25699.5371    
  0.742994010       25651.7441    
  0.743993998       25603.3770    
  0.744993985       25554.4355    
  0.745993972       25504.9199    
  0.746993959       25454.8301    
  0.747993946       25404.1660    
  0.748993933       25352.9277    
  0.749993920       25301.1152    
  0.750993907       25248.7285    
  0.751993895       25195.7676    
  0.752993882       25142.2324    
  0.753993869       25088.1230    
  0.754993856       25033.4414    
  0.755993843       24978.1855    
  0.756993830       24922.3555    
  0.757993817       24865.9531    
  0.758993804       24808.9766    
  0.759993792       24751.4277    
  0.760993779       24693.3047    
  0.761993766       24634.6094    
  0.762993753       24575.3418    
  0.763993740       24515.5020    
  0.764993727       24455.0898    
  0.765993714       24394.1055    
  0.766993701       24332.5488    
  0.767993689       24270.4199    
  0.768993676       24207.7188    
  0.769993663       24144.4473    
  0.770993650       24080.6035    
  0.771993637       24016.1895    
  0.772993624       23951.2051    
  0.773993611       23885.6504    
  0.774993598       23819.5254    
  0.775993586       23752.8301    
  0.776993573       23685.5664    
  0.777993560       23617.7324    
  0.778993547       23549.3301    
  0.779993534       23480.3594    
  0.780993521       23410.8203    
  0.781993508       23340.7129    
  0.782993495       23270.0391    
  0.783993483       23198.7969    
  0.784993470       23126.9883    
  0.785993457       23054.6133    
  0.786993444       22981.6719    
  0.787993431       22908.1641    
  0.788993418       22834.0918    
  0.789993405       22759.4551    
  0.790993392       22684.2539    
  0.791993380       22608.4883    
  0.792993367       22532.1582    
  0.793993354       22455.2656    
  0.794993341       22377.8105    
  0.795993328       22299.7930    
  0.796993315       22221.2148    
  0.797993302       22142.0742    
  0.798993289       22062.3730    
  0.799993277       21982.1113    
  0.800993264       21901.2910    
  0.801993251       21819.9102    
  0.802993238       21737.9707    
  0.803993225       21655.4746    
  0.804993212       21572.4199    
  0.805993199       21488.8086    
  0.806993186       21404.6406    
  0.807993174       21319.9180    
  0.808993161       21234.6387    
  0.809993148       21148.8047    
  0.810993135       21062.4180    
  0.811993122       20975.4766    
  0.812993109       20887.9824    
  0.813993096       20799.9375    
  0.814993083       20711.3398    
  0.815993071       20622.1914    
  0.816993058       20532.4941    
  0.817993045       20442.2461    
  0.818993032       20351.4492    
  0.819993019       20260.1055    
  0.820993006       20168.2129    
  0.821992993       20075.7754    
  0.822992980       19982.7910    
  0.823992968       19889.2617    
  0.824992955       19795.1875    
  0.825992942       19700.5703    
  0.826992929       19605.4102    
  0.827992916       19509.7070    
  0.828992903       19413.4629    
  0.829992890       19316.6777    
  0.830992877       19219.3535    
  0.831992865       19121.4902    
  0.832992852       19023.0898    
  0.833992839       18924.1523    
  0.834992826       18824.6777    
  0.835992813       18724.6680    
  0.836992800       18624.1230    
  0.837992787       18523.0449    
  0.838992774       18421.4336    
  0.839992762       18319.2910    
  0.840992749       18216.6172    
  0.841992736       18113.4121    
  0.842992723       18009.6777    
  0.843992710       17905.4160    
  0.844992697       17800.6270    
  0.845992684       17695.3105    
  0.846992671       17589.4688    
  0.847992659       17483.1035    
  0.848992646       17376.2148    
  0.849992633       17268.8027    
  0.850992620       17160.8691    
  0.851992607       17052.4141    
  0.852992594       16943.4414    
  0.853992581       16833.9492    
  0.854992568       16723.9395    
  0.855992556       16613.4141    
  0.856992543       16502.3730    
  0.857992530       16390.8184    
  0.858992517       16278.7500    
  0.859992504       16166.1699    
  0.860992491       16053.0781    
  0.861992478       15939.4766    
  0.862992465       15825.3662    
  0.863992453       15710.7490    
  0.864992440       15595.6250    
  0.865992427       15479.9961    
  0.866992414       15363.8633    
  0.867992401       15247.2275    
  0.868992388       15130.0898    
  0.869992375       15012.4512    
  0.870992362       14894.3135    
  0.871992350       14775.6777    
  0.872992337       14656.5449    
  0.873992324       14536.9160    
  0.874992311       14416.7930    
  0.875992298       14296.1768    
  0.876992285       14175.0684    
  0.877992272       14053.4697    
  0.878992260       13931.3809    
  0.879992247       13808.8047    
  0.880992234       13685.7412    
  0.881992221       13562.1924    
  0.882992208       13438.1592    
  0.883992195       13313.6436    
  0.884992182       13188.6465    
  0.885992169       13063.1689    
  0.886992157       12937.2129    
  0.887992144       12810.7793    
  0.888992131       12683.8691    
  0.889992118       12556.4844    
  0.890992105       12428.6270    
  0.891992092       12300.2969    
  0.892992079       12171.4971    
  0.893992066       12042.2275    
  0.894992054       11912.4912    
  0.895992041       11782.2881    
  0.896992028       11651.6201    
  0.897992015       11520.4893    
  0.898992002       11388.8965    
  0.899991989       11256.8438    
  0.900991976       11124.3320    
  0.901991963       10991.3633    
  0.902991951       10857.9385    
  0.903991938       10724.0596    
  0.904991925       10589.7285    
  0.905991912       10454.9463    
  0.906991899       10319.7148    
  0.907991886       10184.0352    
  0.908991873       10047.9092    
  0.909991860       9911.33789    
  0.910991848       9774.32324    
  0.911991835       9636.86719    
  0.912991822       9498.97168    
  0.913991809       9360.63770    
  0.914991796       9221.86719    
  0.915991783       9082.66113    
  0.916991770       8943.02148    
  0.917991757       8802.95020    
  0.918991745       8662.44922    
  0.919991732       8521.51953    
  0.920991719       8380.16309    
  0.921991706       8238.38184    
  0.922991693       8096.17676    
  0.923991680       7953.55029    
  0.924991667       7810.50391    
  0.925991654       7667.03955    
  0.926991642       7523.15869    
  0.927991629       7378.86328    
  0.928991616       7234.15527    
  0.929991603       7089.03613    
  0.930991590       6943.50781    
  0.931991577       6797.57178    
  0.932991564       6651.23047    
  0.933991551       6504.48535    
  0.934991539       6357.33789    
  0.935991526       6209.79053    
  0.936991513       6061.84473    
  0.937991500       5913.50244    
  0.938991487       5764.76562    
  0.939991474       5615.63623    
  0.940991461       5466.11621    
  0.941991448       5316.20703    
  0.942991436       5165.91113    
  0.943991423       5015.22998    
  0.944991410       4864.16553    
  0.945991397       4712.72021    
  0.946991384       4560.89551    
  0.947991371       4408.69336    
  0.948991358       4256.11621    
  0.949991345       4103.16553    
  0.950991333       3949.84351    
  0.951991320       3796.15210    
  0.952991307       3642.09326    
  0.953991294       3487.66895    
  0.954991281       3332.88135    
  0.955991268       3177.73242    
  0.956991255       3022.22412    
  0.957991242       2866.35864    
  0.958991230       2710.13794    
  0.959991217       2553.56421    
  0.960991204       2396.63965    
  0.961991191       2239.36597    
  0.962991178       2081.74561    
  0.963991165       1923.78052    
  0.964991152       1765.47278    
  0.965991139       1606.82458    
  0.966991127       1447.83801    
  0.967991114       1288.51538    
  0.968991101       1128.85864    
  0.969991088       968.870056    
  0.970991075       808.551819    
  0.971991062       647.906067    
  0.972991049       486.934998    
  0.973991036       325.640869    
  0.974991024       164.025818    
  0.975991011       2.09208679    
  0.976990998      -160.158081    
  0.977990985      -322.722473    
  0.978990972      -485.598816    
  0.979990959      -648.784851    
  0.980990946      -812.278320    
  0.981990933      -976.076904    
  0.982990921      -1140.17834    
  0.983990908      -1304.58044    
  0.984990895      -1469.28076    
  0.985990882      -1634.27698    
  0.986990869      -1799.56689    
  0.987990856      -1965.14807    
  0.988990843      -2131.01831    
  0.989990830      -2297.17505    
  0.990990818      -2463.61597    
  0.991990805      -2630.33887    
  0.992990792      -2797.34131    
  0.993990779      -2964.62085    
  0.994990766      -3132.17505    
  0.995990753      -3300.00146    
  0.996990740      -3468.09790    
  0.997990727      -3636.46191    
  0.998990715      -3805.09082    
  0.999990702      -3973.98242    
   1.00099075      -4143.13428    
   1.00199080      -4312.54346    
   1.00299084      -4482.20801    
   1.00399089      -4652.12549    
   1.00499094      -4822.29297    
   1.00599098      -4992.70850    
   1.00699103      -5163.36914    
   1.00799108      -5334.27246    
   1.00899112      -5505.41602    
   1.00999117      -5676.79736    
   1.01099122      -5848.41406    
   1.01199126      -6020.26318    
   1.01299131      -6192.34229    
   1.01399136      -6364.64893    
   1.01499140      -6537.18066    
   1.01599145      -6709.93457    
   1.01699150      -6882.90820    
   1.01799154      -7056.09912    
   1.01899159      -7229.50439    
   1.01999164      -7403.12158    
   1.02099168      -7576.94824    
   1.02199173      -7750.98145    
   1.02299178      -7925.21875    
   1.02399182      -8099.65723    
   1.02499187      -8274.29395    
   1.02599192      -8449.12695    
   1.02699196      -8624.15332    
   1.02799201      -8799.37012    
   1.02899206      -8974.77539    
   1.02999210      -9150.36621    
   1.03099215      -9326.13965    
   1.03199220      -9502.09277    
   1.03299224      -9678.22266    
   1.03399229      -9854.52734    
   1.03499234      -10031.0029    
   1.03599238      -10207.6475    
   1.03699243      -10384.4580    
   1.03799248      -10561.4326    
   1.03899252      -10738.5674    
   1.03999257      -10915.8604    
   1.04099262      -11093.3076    
   1.04199266      -11270.9072    
   1.04299271      -11448.6562    
   1.04399276      -11626.5518    
   1.04499280      -11804.5908    
   1.04599285      -11982.7715    
   1.04699290      -12161.0898    
   1.04799294      -12339.5430    
   1.04899299      -12518.1289    
   1.04999304      -12696.8438    
   1.05099308      -12875.6855    
   1.05199313      -13054.6514    
   1.05299318      -13233.7373    
   1.05399323      -13412.9414    
   1.05499327      -13592.2607    
   1.05599332      -13771.6924    
   1.05699337      -13951.2324    
   1.05799341      -14130.8789    
   1.05899346      -14310.6289    
   1.05999351      -14490.4795    
   1.06099355      -14670.4268    
   1.06199360      -14850.4688    
   1.06299365      -15030.6025    
   1.06399369      -15210.8242    
   1.06499374      -15391.1318    
   1.06599379      -15571.5215    
   1.06699383      -15751.9912    
   1.06799388      -15932.5371    
   1.06899393      -16113.1562    
   1.06999397      -16293.8457    
   1.07099402      -16474.6035    
   1.07199407      -16655.4258    
   1.07299411      -16836.3086    
   1.07399416      -17017.2500    
   1.07499421      -17198.2461    
   1.07599425      -17379.2949    
   1.07699430      -17560.3926    
   1.07799435      -17741.5352    
   1.07899439      -17922.7207    
   1.07999444      -18103.9473    
   1.08099449      -18285.2090    
   1.08199453      -18466.5059    
   1.08299458      -18647.8320    
   1.08399463      -18829.1855    
   1.08499467      -19010.5625    
   1.08599472      -19191.9609    
   1.08699477      -19373.3770    
   1.08799481      -19554.8086    
   1.08899486      -19736.2520    
   1.08999491      -19917.7031    
   1.09099495      -20099.1602    
   1.09199500      -20280.6191    
   1.09299505      -20462.0762    
   1.09399509      -20643.5293    
   1.09499514      -20824.9746    
   1.09599519      -21006.4082    
   1.09699523      -21187.8281    
   1.09799528      -21369.2305    
   1.09899533      -21550.6133    
   1.09999537      -21731.9727    
   1.10099542      -21913.3047    
   1.10199547      -22094.6055    
   1.10299551      -22275.8730    
   1.10399556      -22457.1035    
   1.10499561      -22638.2949    
   1.10599566      -22819.4434    
   1.10699570      -23000.5449    
   1.10799575      -23181.5957    
   1.10899580      -23362.5938    
   1.10999584      -23543.5352    
   1.11099589      -23724.4180    
   1.11199594      -23905.2363    
   1.11299598      -24085.9883    
   1.11399603      -24266.6699    
   1.11499608      -24447.2793    
   1.11599612      -24627.8125    
   1.11699617      -24808.2656    
   1.11799622      -24988.6348    
   1.11899626      -25168.9180    
   1.11999631      -25349.1113    
   1.12099636      -25529.2109    
   1.12199640      -25709.2148    
   1.12299645      -25889.1172    
   1.12399650      -26068.9160    
   1.12499654      -26248.6094    
   1.12599659      -26428.1914    
   1.12699664      -26607.6602    
   1.12799668      -26787.0117    
   1.12899673      -26966.2422    
   1.12999678      -27145.3496    
   1.13099682      -27324.3301    
   1.13199687      -27503.1797    
   1.13299692      -27681.8945    
   1.13399696      -27860.4707    
   1.13499701      -28038.9062    
   1.13599706      -28217.1973    
   1.13699710      -28395.3398    
   1.13799715      -28573.3320    
   1.13899720      -28751.1680    
   1.13999724      -28928.8457    
   1.14099729      -29106.3613    
   1.14199734      -29283.7109    
   1.14299738      -29460.8926    
   1.14399743      -29637.9004    
   1.14499748      -29814.7324    
   1.14599752      -29991.3848    
   1.14699757      -30167.8535    
   1.14799762      -30344.1367    
   1.14899766      -30520.2285    
   1.14999771      -30696.1270    
   1.15099776      -30871.8281    
   1.15199780      -31047.3281    
   1.15299785      -31222.6250    
   1.15399790      -31397.7129    
   1.15499794      -31572.5898    
   1.15599799      -31747.2520    
   1.15699804      -31921.6953    
   1.15799809      -32095.9160    
   1.15899813      -32269.9102    
   1.15999818      -32443.6758    
   1.16099823      -32617.2070    
   1.16199827      -32790.5039    
   1.16299832      -32963.5586    
   1.16399837      -33136.3711    
   1.16499841      -33308.9336    
   1.16599846      -33481.2461    
   1.16699851      -33653.3047    
   1.16799855      -33825.1055    
   1.16899860      -33996.6445    
   1.16999865      -34167.9180    
   1.17099869      -34338.9219    
   1.17199874      -34509.6523    
   1.17299879      -34680.1055    
   1.17399883      -34850.2773    
   1.17499888      -35020.1680    
   1.17599893      -35189.7695    
   1.17699897      -35359.0820    
   1.17799902      -35528.0977    
   1.17899907      -35696.8164    
   1.17999911      -35865.2305    
   1.18099916      -36033.3398    
   1.18199921      -36201.1406    
   1.18299925      -36368.6289    
   1.18399930      -36535.8008    
   1.18499935      -36702.6484    
   1.18599939      -36869.1719    
   1.18699944      -37035.3672    
   1.18799949      -37201.2344    
   1.18899953      -37366.7656    
   1.18999958      -37531.9570    
   1.19099963      -37696.8047    
   1.19199967      -37861.3047    
   1.19299972      -38025.4570    
   1.19399977      -38189.2539    
   1.19499981      -38352.6914    
   1.19599986      -38515.7695    
   1.19699991      -38678.4805    
   1.19799995      -38840.8242    
   1.19900000      -39002.7930    
   1.20000005      -39164.3867    
   1.20100009      -39325.6016    
   1.20200014      -39486.4297    
   1.20300019      -39646.8711    
   1.20400023      -39806.9219    
   1.20500028      -39966.5781    
   1.20600033      -40125.8359    
   1.20700037      -40284.6875    
   1.20800042      -40443.1328    
   1.20900047      -40601.1680    
   1.21000051      -40758.7891    
   1.21100056      -40915.9922    
   1.21200061      -41072.7734    
   1.21300066      -41229.1289    
   1.21400070      -41385.0586    
   1.21500075      -41540.5547    
   1.21600080      -41695.6133    
   1.21700084      -41850.2305    
   1.21800089      -42004.4023    
   1.21900094      -42158.1250    
   1.22000098      -42311.3984    
   1.22100103      -42464.2148    
   1.22200108      -42616.5703    
   1.22300112      -42768.4648    
   1.22400117      -42919.8906    
   1.22500122      -43070.8438    
   1.22600126      -43221.3242    
   1.22700131      -43371.3242    
   1.22800136      -43520.8438    
   1.22900140      -43669.8750    
   1.23000145      -43818.4180    
   1.23100150      -43966.4648    
   1.23200154      -44114.0156    
   1.23300159      -44261.0625    
   1.23400164      -44407.6055    
   1.23500168      -44553.6406    
   1.23600173      -44699.1602    
   1.23700178      -44844.1641    
   1.23800182      -44988.6484    
   1.23900187      -45132.6055    
   1.24000192      -45276.0352    
   1.24100196      -45418.9336    
   1.24200201      -45561.2930    
   1.24300206      -45703.1133    
   1.24400210      -45844.3906    
   1.24500215      -45985.1211    
   1.24600220      -46125.2969    
   1.24700224      -46264.9180    
   1.24800229      -46403.9805    
   1.24900234      -46542.4805    
   1.25000238      -46680.4141    
   1.25100243      -46817.7773    
   1.25200248      -46954.5664    
   1.25300252      -47090.7734    
   1.25400257      -47226.3984    
   1.25500262      -47361.4375    
   1.25600266      -47495.8867    
   1.25700271      -47629.7422    
   1.25800276      -47763.0000    
   1.25900280      -47895.6562    
   1.26000285      -48027.7070    
   1.26100290      -48159.1484    
   1.26200294      -48289.9766    
   1.26300299      -48420.1875    
   1.26400304      -48549.7773    
   1.26500309      -48678.7422    
   1.26600313      -48807.0781    
   1.26700318      -48934.7812    
   1.26800323      -49061.8516    
   1.26900327      -49188.2812    
   1.27000332      -49314.0664    
   1.27100337      -49439.2031    
   1.27200341      -49563.6875    
   1.27300346      -49687.5156    
   1.27400351      -49810.6836    
   1.27500355      -49933.1914    
   1.27600360      -50055.0312    
   1.27700365      -50176.1992    
   1.27800369      -50296.6914    
   1.27900374      -50416.5078    
   1.28000379      -50535.6406    
   1.28100383      -50654.0859    
   1.28200388      -50771.8398    
   1.28300393      -50888.9023    
   1.28400397      -51005.2656    
   1.28500402      -51120.9258    
   1.28600407      -51235.8828    
   1.28700411      -51350.1289    
   1.28800416      -51463.6641    
   1.28900421      -51576.4805    
   1.29000425      -51688.5742    
   1.29100430      -51799.9453    
   1.29200435      -51910.5859    
   1.29300439      -52020.4961    
   1.29400444      -52129.6680    
   1.29500449      -52238.1016    
   1.29600453      -52345.7891    
   1.29700458      -52452.7305    
   1.29800463      -52558.9219    
   1.29900467      -52664.3555    
   1.30000472      -52769.0312    
   1.30100477      -52872.9414    
   1.30200481      -52976.0859    
   1.30300486      -53078.4609    
   1.30400491      -53180.0586    
   1.30500495      -53280.8789    
   1.30600500      -53380.9180    
   1.30700505      -53480.1719    
   1.30800509      -53578.6367    
   1.30900514      -53676.3047    
   1.31000519      -53773.1758    
   1.31100523      -53869.2461    
   1.31200528      -53964.5117    
   1.31300533      -54058.9688    
   1.31400537      -54152.6133    
   1.31500542      -54245.4414    
   1.31600547      -54337.4492    
   1.31700552      -54428.6328    
   1.31800556      -54518.9883    
   1.31900561      -54608.5117    
   1.32000566      -54697.2031    
   1.32100570      -54785.0547    
   1.32200575      -54872.0625    
   1.32300580      -54958.2227    
   1.32400584      -55043.5352    
   1.32500589      -55127.9922    
   1.32600594      -55211.5898    
   1.32700598      -55294.3281    
   1.32800603      -55376.1992    
   1.32900608      -55457.2031    
   1.33000612      -55537.3320    
   1.33100617      -55616.5859    
   1.33200622      -55694.9609    
   1.33300626      -55772.4492    
   1.33400631      -55849.0508    
   1.33500636      -55924.7617    
   1.33600640      -55999.5781    
   1.33700645      -56073.4961    
   1.33800650      -56146.5078    
   1.33900654      -56218.6133    
   1.34000659      -56289.8086    
   1.34100664      -56360.0938    
   1.34200668      -56429.4609    
   1.34300673      -56497.9062    
   1.34400678      -56565.4258    
   1.34500682      -56632.0195    
   1.34600687      -56697.6797    
   1.34700692      -56762.4023    
   1.34800696      -56826.1875    
   1.34900701      -56889.0273    
   1.35000706      -56950.9219    
   1.35100710      -57011.8672    
   1.35200715      -57071.8594    
   1.35300720      -57130.8906    
   1.35400724      -57188.9609    
   1.35500729      -57246.0664    
   1.35600734      -57302.2031    
   1.35700738      -57357.3672    
   1.35800743      -57411.5586    
   1.35900748      -57464.7695    
   1.36000752      -57516.9961    
   1.36100757      -57568.2383    
   1.36200762      -57618.4883    
   1.36300766      -57667.7461    
   1.36400771      -57716.0039    
   1.36500776      -57763.2617    
   1.36600780      -57809.5156    
   1.36700785      -57854.7617    
   1.36800790      -57898.9961    
   1.36900795      -57942.2148    
   1.37000799      -57984.4141    
   1.37100804      -58025.5938    
   1.37200809      -58065.7461    
   1.37300813      -58104.8672    
   1.37400818      -58142.9570    
   1.37500823      -58180.0117    
   1.37600827      -58216.0273    
   1.37700832      -58250.9961    
   1.37800837      -58284.9180    
   1.37900841      -58317.7930    
   1.38000846      -58349.6133    
   1.38100851      -58380.3750    
   1.38200855      -58410.0781    
   1.38300860      -58438.7148    
   1.38400865      -58466.2852    
   1.38500869      -58492.7852    
   1.38600874      -58518.2109    
   1.38700879      -58542.5586    
   1.38800883      -58565.8242    
   1.38900888      -58588.0039    
   1.39000893      -58609.0938    
   1.39100897      -58629.0938    
   1.39200902      -58648.0000    
   1.39300907      -58665.8047    
   1.39400911      -58682.5078    
   1.39500916      -58698.1055    
   1.39600921      -58712.5977    
   1.39700925      -58725.9766    
   1.39800930      -58738.2422    
   1.39900935      -58749.3867    
   1.40000939      -58759.4102    
   1.40100944      -58768.3086    
   1.40200949      -58776.0781    
   1.40300953      -58782.7148    
   1.40400958      -58788.2188    
   1.40500963      -58792.5820    
   1.40600967      -58795.8047    
   1.40700972      -58797.8828    
   1.40800977      -58798.8125    
   1.40900981      -58798.5898    
   1.41000986      -58797.2148    
   1.41100991      -58794.6797    
   1.41200995      -58790.9844    
   1.41301000      -58786.1250    
   1.41401005      -58780.0977    
   1.41501009      -58772.8984    
   1.41601014      -58764.5273    
   1.41701019      -58754.9766    
   1.41801023      -58744.2461    
   1.41901028      -58732.3320    
   1.42001033      -58719.2305    
   1.42101038      -58704.9414    
   1.42201042      -58689.4570    
   1.42301047      -58672.7773    
   1.42401052      -58654.8984    
   1.42501056      -58635.8203    
   1.42601061      -58615.5352    
   1.42701066      -58594.0430    
   1.42801070      -58571.3359    
   1.42901075      -58547.4180    
   1.43001080      -58522.2812    
   1.43101084      -58495.9219    
   1.43201089      -58468.3398    
   1.43301094      -58439.5312    
   1.43401098      -58409.4922    
   1.43501103      -58378.2227    
   1.43601108      -58345.7148    
   1.43701112      -58311.9688    
   1.43801117      -58276.9805    
   1.43901122      -58240.7500    
   1.44001126      -58203.2695    
   1.44101131      -58164.5391    
   1.44201136      -58124.5547    
   1.44301140      -58083.3164    
   1.44401145      -58040.8164    
   1.44501150      -57997.0547    
   1.44601154      -57952.0273    
   1.44701159      -57905.7344    
   1.44801164      -57858.1680    
   1.44901168      -57809.3281    
   1.45001173      -57759.2148    
   1.45101178      -57707.8203    
   1.45201182      -57655.1445    
   1.45301187      -57601.1836    
   1.45401192      -57545.9336    
   1.45501196      -57489.3945    
   1.45601201      -57431.5625    
   1.45701206      -57372.4336    
   1.45801210      -57312.0078    
   1.45901215      -57250.2773    
   1.46001220      -57187.2461    
   1.46101224      -57122.9062    
   1.46201229      -57057.2578    
   1.46301234      -56990.2969    
   1.46401238      -56922.0195    
   1.46501243      -56852.4258    
   1.46601248      -56781.5117    
   1.46701252      -56709.2734    
   1.46801257      -56635.7109    
   1.46901262      -56560.8203    
   1.47001266      -56484.6016    
   1.47101271      -56407.0469    
   1.47201276      -56328.1562    
   1.47301280      -56247.9297    
   1.47401285      -56166.3594    
   1.47501290      -56083.4492    
   1.47601295      -55999.1914    
   1.47701299      -55913.5859    
   1.47801304      -55826.6289    
   1.47901309      -55738.3203    
   1.48001313      -55648.6562    
   1.48101318      -55557.6328    
   1.48201323      -55465.2500    
   1.48301327      -55371.5039    
   1.48401332      -55276.3906    
   1.48501337      -55179.9102    
   1.48601341      -55082.0586    
   1.48701346      -54982.8359    
   1.48801351      -54882.2383    
   1.48901355      -54780.2617    
   1.49001360      -54676.9062    
   1.49101365      -54572.1719    
   1.49201369      -54466.0508    
   1.49301374      -54358.5430    
   1.49401379      -54249.6484    
   1.49501383      -54139.3633    
   1.49601388      -54027.6836    
   1.49701393      -53914.6094    
   1.49801397      -53800.1367    
   1.49901402      -53684.2656    
   1.50001407      -53566.9922    
   1.50101411      -53448.3164    
   1.50201416      -53328.2344    
   1.50301421      -53206.7461    
   1.50401425      -53083.8477    
   1.50501430      -52959.5352    
   1.50601435      -52833.8086    
   1.50701439      -52706.6641    
   1.50801444      -52578.1016    
   1.50901449      -52448.1211    
   1.51001453      -52316.7148    
   1.51101458      -52183.8867    
   1.51201463      -52049.6328    
   1.51301467      -51913.9492    
   1.51401472      -51776.8359    
   1.51501477      -51638.2891    
   1.51601481      -51498.3086    
   1.51701486      -51356.8906    
   1.51801491      -51214.0352    
   1.51901495      -51069.7422    
   1.52001500      -50924.0078    
   1.52101505      -50776.8281    
   1.52201509      -50628.2031    
   1.52301514      -50478.1328    
   1.52401519      -50326.6133    
   1.52501523      -50173.6445    
   1.52601528      -50019.2227    
   1.52701533      -49863.3477    
   1.52801538      -49706.0156    
   1.52901542      -49547.2266    
   1.53001547      -49386.9805    
   1.53101552      -49225.2734    
   1.53201556      -49062.1016    
   1.53301561      -48897.4688    
   1.53401566      -48731.3711    
   1.53501570      -48563.8047    
   1.53601575      -48394.7695    
   1.53701580      -48224.2656    
   1.53801584      -48052.2891    
   1.53901589      -47878.8398    
   1.54001594      -47703.9141    
   1.54101598      -47527.5117    
   1.54201603      -47349.6328    
   1.54301608      -47170.2773    
   1.54401612      -46989.4414    
   1.54501617      -46807.1211    
   1.54601622      -46623.3203    
   1.54701626      -46438.0352    
   1.54801631      -46251.2617    
   1.54901636      -46063.0039    
   1.55001640      -45873.2578    
   1.55101645      -45682.0195    
   1.55201650      -45489.2930    
   1.55301654      -45295.0742    
   1.55401659      -45099.3594    
   1.55501664      -44902.1523    
   1.55601668      -44703.4492    
   1.55701673      -44503.2500    
   1.55801678      -44301.5508    
   1.55901682      -44098.3516    
   1.56001687      -43893.6523    
   1.56101692      -43687.4531    
   1.56201696      -43479.7500    
   1.56301701      -43270.5430    
   1.56401706      -43059.8320    
   1.56501710      -42847.6172    
   1.56601715      -42633.8945    
   1.56701720      -42418.6641    
   1.56801724      -42201.9258    
   1.56901729      -41983.6797    
   1.57001734      -41763.9219    
   1.57101738      -41542.6523    
   1.57201743      -41319.8711    
   1.57301748      -41095.5781    
   1.57401752      -40869.7734    
   1.57501757      -40642.4531    
   1.57601762      -40413.6172    
   1.57701766      -40183.2656    
   1.57801771      -39951.3984    
   1.57901776      -39718.0156    
   1.58001781      -39483.1133    
   1.58101785      -39246.6914    
   1.58201790      -39008.7500    
   1.58301795      -38769.2891    
   1.58401799      -38528.3086    
   1.58501804      -38285.8086    
   1.58601809      -38041.7852    
   1.58701813      -37796.2383    
   1.58801818      -37549.1719    
   1.58901823      -37300.5820    
   1.59001827      -37050.4688    
   1.59101832      -36798.8320    
   1.59201837      -36545.6680    
   1.59301841      -36290.9805    
   1.59401846      -36034.7695    
   1.59501851      -35777.0312    
   1.59601855      -35517.7656    
   1.59701860      -35256.9766    
   1.59801865      -34994.6602    
   1.59901869      -34730.8164    
   1.60001874      -34465.4453    
   1.60101879      -34198.5469    
   1.60201883      -33930.1211    
   1.60301888      -33660.1680    
   1.60401893      -33388.6875    
   1.60501897      -33115.6797    
   1.60601902      -32841.1445    
   1.60701907      -32565.0801    
   1.60801911      -32287.4883    
   1.60901916      -32008.3691    
   1.61001921      -31727.7207    
   1.61101925      -31445.5449    
   1.61201930      -31161.8418    
   1.61301935      -30876.6094    
   1.61401939      -30589.8496    
   1.61501944      -30301.5625    
   1.61601949      -30011.7480    
   1.61701953      -29720.4062    
   1.61801958      -29427.5371    
   1.61901963      -29133.1406    
   1.62001967      -28837.2168    
   1.62101972      -28539.7676    
   1.62201977      -28240.7910    
   1.62301981      -27940.2891    
   1.62401986      -27638.2617    
   1.62501991      -27334.7090    
   1.62601995      -27029.6328    
   1.62702000      -26723.0312    
   1.62802005      -26414.9062    
   1.62902009      -26105.2578    
   1.63002014      -25794.0859    
   1.63102019      -25481.3906    
   1.63202024      -25167.1738    
   1.63302028      -24851.4355    
   1.63402033      -24534.1777    
   1.63502038      -24215.3984    
   1.63602042      -23895.0996    
   1.63702047      -23573.2832    
   1.63802052      -23249.9473    
   1.63902056      -22925.0938    
   1.64002061      -22598.7246    
   1.64102066      -22270.8398    
   1.64202070      -21941.4395    
   1.64302075      -21610.5254    
   1.64402080      -21278.0977    
   1.64502084      -20944.1562    
   1.64602089      -20608.7031    
   1.64702094      -20271.7402    
   1.64802098      -19933.2676    
   1.64902103      -19593.2852    
   1.65002108      -19251.7949    
   1.65102112      -18908.7988    
   1.65202117      -18564.2969    
   1.65302122      -18218.2910    
   1.65402126      -17870.7812    
   1.65502131      -17521.7695    
   1.65602136      -17171.2559    
   1.65702140      -16819.2422    
   1.65802145      -16465.7305    
   1.65902150      -16110.7207    
   1.66002154      -15754.2148    
   1.66102159      -15396.2139    
   1.66202164      -15036.7197    
   1.66302168      -14675.7334    
   1.66402173      -14313.2559    
   1.66502178      -13949.2891    
   1.66602182      -13583.8350    
   1.66702187      -13216.8945    
   1.66802192      -12848.4688    
   1.66902196      -12478.5596    
   1.67002201      -12107.1689    
   1.67102206      -11734.2979    
   1.67202210      -11359.9482    
   1.67302215      -10984.1211    
   1.67402220      -10606.8193    
   1.67502224      -10228.0439    
   1.67602229      -9847.79688    
   1.67702234      -9466.07910    
   1.67802238      -9082.89355    
   1.67902243      -8698.24121    
   1.68002248      -8312.12402    
   1.68102252      -7924.54443    
   1.68202257      -7535.50391    
   1.68302262      -7145.00439    
   1.68402267      -6753.04834    
   1.68502271      -6359.63721    
   1.68602276      -5964.77295    
   1.68702281      -5568.45801    
   1.68802285      -5170.69434    
   1.68902290      -4771.48389    
   1.69002295      -4370.82910    
   1.69102299      -3968.73193    
   1.69202304      -3565.19458    
   1.69302309      -3160.21924    
   1.69402313      -2753.80835    
   1.69502318      -2345.96411    
   1.69602323      -1936.68884    
   1.69702327      -1525.98486    
   1.69802332      -1113.85461    
   1.69902337      -700.300537    
   1.70002341      -285.324982    
   1.70102346       131.069519    
   1.70202351       548.880493    
   1.70302355       968.105225    
   1.70402360       1388.74133    
   1.70502365       1810.78613    
   1.70602369       2234.23706    
   1.70702374       2659.09155    
   1.70802379       3085.34668    
   1.70902383       3512.99976    
   1.71002388       3942.04810    
   1.71102393       4372.48877    
   1.71202397       4804.31934    
   1.71302402       5237.53662    
   1.71402407       5672.13770    
   1.71502411       6108.12012    
   1.71602416       6545.48047    
   1.71702421       6984.21582    
   1.71802425       7424.32373    
   1.71902430       7865.80029    
   1.72002435       8308.64258    
   1.72102439       8752.84863    
   1.72202444       9198.41406    
   1.72302449       9645.33594    
   1.72402453       10093.6113    
   1.72502458       10543.2373    
   1.72602463       10994.2100    
   1.72702467       11446.5264    
   1.72802472       11900.1826    
   1.72902477       12355.1758    
   1.73002481       12811.5029    
   1.73102486       13269.1602    
   1.73202491       13728.1436    
   1.73302495       14188.4502    
   1.73402500       14650.0762    
   1.73502505       15113.0186    
   1.73602509       15577.2734    
   1.73702514       16042.8369    
   1.73802519       16509.7051    
   1.73902524       16977.8750    
   1.74002528       17447.3438    
   1.74102533       17918.1055    
   1.74202538       18390.1582    
   1.74302542       18863.4980    
   1.74402547       19338.1191    
   1.74502552       19814.0195    
   1.74602556       20291.1953    
   1.74702561       20769.6406    
   1.74802566       21249.3535    
   1.74902570       21730.3301    
   1.75002575       22212.5645    
   1.75102580       22696.0527    
   1.75202584       23180.7930    
   1.75302589       23666.7793    
   1.75402594       24154.0078    
   1.75502598       24642.4746    
   1.75602603       25132.1738    
   1.75702608       25623.1035    
   1.75802612       26115.2578    
   1.75902617       26608.6328    
   1.76002622       27103.2246    
   1.76102626       27599.0273    
   1.76202631       28096.0391    
   1.76302636       28594.2520    
   1.76402640       29093.6641    
   1.76502645       29594.2695    
   1.76602650       30096.0645    
   1.76702654       30599.0449    
   1.76802659       31103.2051    
   1.76902664       31608.5391    
   1.77002668       32115.0449    
   1.77102673       32622.7168    
   1.77202678       33131.5469    
   1.77302682       33641.5352    
   1.77402687       34152.6758    
   1.77502692       34664.9609    
   1.77602696       35178.3867    
   1.77702701       35692.9492    
   1.77802706       36208.6445    
   1.77902710       36725.4648    
   1.78002715       37243.4062    
   1.78102720       37762.4648    
   1.78202724       38282.6328    
   1.78302729       38803.9062    
   1.78402734       39326.2812    
   1.78502738       39849.7500    
   1.78602743       40374.3086    
   1.78702748       40899.9531    
   1.78802752       41426.6758    
   1.78902757       41954.4727    
   1.79002762       42483.3359    
   1.79102767       43013.2617    
   1.79202771       43544.2461    
   1.79302776       44076.2812    
   1.79402781       44609.3633    
   1.79502785       45143.4844    
   1.79602790       45678.6406    
   1.79702795       46214.8242    
   1.79802799       46752.0312    
   1.79902804       47290.2539    
   1.80002809       47829.4883    
   1.80102813       48369.7305    
   1.80202818       48910.9727    
   1.80302823       49453.2070    
   1.80402827       49996.4297    
   1.80502832       50540.6328    
   1.80602837       51085.8125    
   1.80702841       51631.9609    
   1.80802846       52179.0742    
   1.80902851       52727.1445    
   1.81002855       53276.1680    
   1.81102860       53826.1367    
   1.81202865       54377.0430    
   1.81302869       54928.8828    
   1.81402874       55481.6484    
   1.81502879       56035.3320    
   1.81602883       56589.9297    
   1.81702888       57145.4336    
   1.81802893       57701.8398    
   1.81902897       58259.1367    
   1.82002902       58817.3203    
   1.82102907       59376.3867    
   1.82202911       59936.3281    
   1.82302916       60497.1367    
   1.82402921       61058.8047    
   1.82502925       61621.3281    
   1.82602930       62184.6953    
   1.82702935       62748.9023    
   1.82802939       63313.9453    
   1.82902944       63879.8125    
   1.83002949       64446.5000    
   1.83102953       65014.0000    
   1.83202958       65582.3047    
   1.83302963       66151.4062    
   1.83402967       66721.3047    
   1.83502972       67291.9844    
   1.83602977       67863.4375    
   1.83702981       68435.6641    
   1.83802986       69008.6562    
   1.83902991       69582.3984    
   1.84002995       70156.8906    
   1.84103000       70732.1250    
   1.84203005       71308.0938    
   1.84303010       71884.7812    
   1.84403014       72462.1875    
   1.84503019       73040.3047    
   1.84603024       73619.1250    
   1.84703028       74198.6406    
   1.84803033       74778.8438    
   1.84903038       75359.7266    
   1.85003042       75941.2812    
   1.85103047       76523.5000    
   1.85203052       77106.3828    
   1.85303056       77689.9141    
   1.85403061       78274.0859    
   1.85503066       78858.8906    
   1.85603070       79444.3203    
   1.85703075       80030.3672    
   1.85803080       80617.0234    
   1.85903084       81204.2812    
   1.86003089       81792.1328    
   1.86103094       82380.5625    
   1.86203098       82969.5703    
   1.86303103       83559.1484    
   1.86403108       84149.2891    
   1.86503112       84739.9766    
   1.86603117       85331.2109    
   1.86703122       85922.9766    
   1.86803126       86515.2734    
   1.86903131       87108.0859    
   1.87003136       87701.4062    
   1.87103140       88295.2266    
   1.87203145       88889.5391    
   1.87303150       89484.3359    
   1.87403154       90079.6094    
   1.87503159       90675.3516    
   1.87603164       91271.5469    
   1.87703168       91868.1953    
   1.87803173       92465.2812    
   1.87903178       93062.7969    
   1.88003182       93660.7422    
   1.88103187       94259.0938    
   1.88203192       94857.8516    
   1.88303196       95457.0078    
   1.88403201       96056.5469    
   1.88503206       96656.4609    
   1.88603210       97256.7500    
   1.88703215       97857.3906    
   1.88803220       98458.3828    
   1.88903224       99059.7188    
   1.89003229       99661.3828    
   1.89103234       100263.367    
   1.89203238       100865.664    
   1.89303243       101468.266    
   1.89403248       102071.164    
   1.89503253       102674.344    
   1.89603257       103277.797    
   1.89703262       103881.516    
   1.89803267       104485.484    
   1.89903271       105089.703    
   1.90003276       105694.156    
   1.90103281       106298.836    
   1.90203285       106903.734    
   1.90303290       107508.836    
   1.90403295       108114.133    
   1.90503299       108719.617    
   1.90603304       109325.273    
   1.90703309       109931.102    
   1.90803313       110537.086    
   1.90903318       111143.219    
   1.91003323       111749.484    
   1.91103327       112355.875    
   1.91203332       112962.383    
   1.91303337       113568.992    
   1.91403341       114175.703    
   1.91503346       114782.492    
   1.91603351       115389.359    
   1.91703355       115996.289    
   1.91803360       116603.273    
   1.91903365       117210.305    
   1.92003369       117817.367    
   1.92103374       118424.445    
   1.92203379       119031.539    
   1.92303383       119638.633    
   1.92403388       120245.719    
   1.92503393       120852.781    
   1.92603397       121459.812    
   1.92703402       122066.805    
   1.92803407       122673.742    
   1.92903411       123280.617    
   1.93003416       123887.414    
   1.93103421       124494.125    
   1.93203425       125100.742    
   1.93303430       125707.250    
   1.93403435       126313.633    
   1.93503439       126919.891    
   1.93603444       127526.008    
   1.93703449       128131.969    
   1.93803453       128737.766    
   1.93903458       129343.391    
   1.94003463       129948.828    
   1.94103467       130554.062    
   1.94203472       131159.094    
   1.94303477       131763.906    
   1.94403481       132368.484    
   1.94503486       132972.812    
   1.94603491       133576.891    
   1.94703496       134180.703    
   1.94803500       134784.234    
   1.94903505       135387.469    
   1.95003510       135990.406    
   1.95103514       136593.031    
   1.95203519       137195.328    
   1.95303524       137797.281    
   1.95403528       138398.891    
   1.95503533       139000.125    
   1.95603538       139600.984    
   1.95703542       140201.469    
   1.95803547       140801.547    
   1.95903552       141401.219    
   1.96003556       142000.469    
   1.96103561       142599.281    
   1.96203566       143197.641    
   1.96303570       143795.547    
   1.96403575       144392.984    
   1.96503580       144989.938    
   1.96603584       145586.391    
   1.96703589       146182.328    
   1.96803594       146777.750    
   1.96903598       147372.641    
   1.97003603       147966.984    
   1.97103608       148560.766    
   1.97203612       149153.969    
   1.97303617       149746.594    
   1.97403622       150338.625    
   1.97503626       150930.047    
   1.97603631       151520.844    
   1.97703636       152111.000    
   1.97803640       152700.516    
   1.97903645       153289.359    
   1.98003650       153877.531    
   1.98103654       154465.016    
   1.98203659       155051.797    
   1.98303664       155637.859    
   1.98403668       156223.203    
   1.98503673       156807.797    
   1.98603678       157391.641    
   1.98703682       157974.719    
   1.98803687       158557.016    
   1.98903692       159138.516    
   1.99003696       159719.219    
   1.99103701       160299.094    
   1.99203706       160878.141    
   1.99303710       161456.328    
   1.99403715       162033.656    
   1.99503720       162610.109    
   1.99603724       163185.672    
   1.99703729       163760.344    
   1.99803734       164334.094    
   1.99903738       164906.906    
   2.00003743       165478.781    
   2.00103736       166049.703    
   2.00203729       166619.641    
   2.00303721       167188.594    
   2.00403714       167756.547    
   2.00503707       168323.500    
   2.00603700       168889.422    
   2.00703692       169454.297    
   2.00803685       170018.125    
   2.00903678       170580.875    
   2.01003671       171142.547    
   2.01103663       171703.109    
   2.01203656       172262.562    
   2.01303649       172820.891    
   2.01403642       173378.078    
   2.01503634       173934.109    
   2.01603627       174488.969    
   2.01703620       175042.641    
   2.01803613       175595.109    
   2.01903605       176146.375    
   2.02003598       176696.406    
   2.02103591       177245.188    
   2.02203584       177792.719    
   2.02303576       178338.969    
   2.02403569       178883.938    
   2.02503562       179427.609    
   2.02603555       179969.953    
   2.02703547       180510.969    
   2.02803540       181050.641    
   2.02903533       181588.953    
   2.03003526       182125.875    
   2.03103518       182661.406    
   2.03203511       183195.531    
   2.03303504       183728.234    
   2.03403497       184259.500    
   2.03503489       184789.312    
   2.03603482       185317.656    
   2.03703475       185844.516    
   2.03803468       186369.875    
   2.03903461       186893.719    
   2.04003453       187416.031    
   2.04103446       187936.797    
   2.04203439       188456.016    
   2.04303432       188973.656    
   2.04403424       189489.703    
   2.04503417       190004.141    
   2.04603410       190516.953    
   2.04703403       191028.125    
   2.04803395       191537.641    
   2.04903388       192045.484    
   2.05003381       192551.641    
   2.05103374       193056.094    
   2.05203366       193558.828    
   2.05303359       194059.828    
   2.05403352       194559.078    
   2.05503345       195056.562    
   2.05603337       195552.266    
   2.05703330       196046.172    
   2.05803323       196538.266    
   2.05903316       197028.531    
   2.06003308       197516.953    
   2.06103301       198003.516    
   2.06203294       198488.188    
   2.06303287       198970.969    
   2.06403279       199451.844    
   2.06503272       199930.781    
   2.06603265       200407.781    
   2.06703258       200882.812    
   2.06803250       201355.875    
   2.06903243       201826.938    
   2.07003236       202295.984    
   2.07103229       202763.016    
   2.07203221       203228.000    
   2.07303214       203690.922    
   2.07403207       204151.766    
   2.07503200       204610.516    
   2.07603192       205067.156    
   2.07703185       205521.672    
   2.07803178       205974.047    
   2.07903171       206424.250    
   2.08003163       206872.281    
   2.08103156       207318.109    
   2.08203149       207761.734    
   2.08303142       208203.125    
   2.08403134       208642.266    
   2.08503127       209079.141    
   2.08603120       209513.734    
   2.08703113       209946.031    
   2.08803105       210376.016    
   2.08903098       210803.672    
   2.09003091       211228.969    
   2.09103084       211651.906    
   2.09203076       212072.453    
   2.09303069       212490.609    
   2.09403062       212906.344    
   2.09503055       213319.641    
   2.09603047       213730.484    
   2.09703040       214138.844    
   2.09803033       214544.719    
   2.09903026       214948.094    
   2.10003018       215348.938    
   2.10103011       215747.234    
   2.10203004       216142.969    
   2.10302997       216536.125    
   2.10402989       216926.688    
   2.10502982       217314.641    
   2.10602975       217699.969    
   2.10702968       218082.641    
   2.10802960       218462.641    
   2.10902953       218839.969    
   2.11002946       219214.594    
   2.11102939       219586.484    
   2.11202931       219955.641    
   2.11302924       220322.047    
   2.11402917       220685.672    
   2.11502910       221046.500    
   2.11602902       221404.516    
   2.11702895       221759.703    
   2.11802888       222112.047    
   2.11902881       222461.516    
   2.12002873       222808.094    
   2.12102866       223151.781    
   2.12202859       223492.547    
   2.12302852       223830.359    
   2.12402844       224165.219    
   2.12502837       224497.109    
   2.12602830       224826.000    
   2.12702823       225151.875    
   2.12802815       225474.719    
   2.12902808       225794.500    
   2.13002801       226111.219    
   2.13102794       226424.844    
   2.13202786       226735.359    
   2.13302779       227042.750    
   2.13402772       227347.000    
   2.13502765       227648.078    
   2.13602757       227945.984    
   2.13702750       228240.688    
   2.13802743       228532.172    
   2.13902736       228820.406    
   2.14002728       229105.391    
   2.14102721       229387.094    
   2.14202714       229665.500    
   2.14302707       229940.594    
   2.14402699       230212.344    
   2.14502692       230480.750    
   2.14602685       230745.781    
   2.14702678       231007.422    
   2.14802670       231265.641    
   2.14902663       231520.438    
   2.15002656       231771.781    
   2.15102649       232019.656    
   2.15202641       232264.047    
   2.15302634       232504.922    
   2.15402627       232742.266    
   2.15502620       232976.062    
   2.15602612       233206.297    
   2.15702605       233432.953    
   2.15802598       233656.000    
   2.15902591       233875.422    
   2.16002584       234091.203    
   2.16102576       234303.312    
   2.16202569       234511.734    
   2.16302562       234716.453    
   2.16402555       234917.453    
   2.16502547       235114.719    
   2.16602540       235308.219    
   2.16702533       235497.938    
   2.16802526       235683.844    
   2.16902518       235865.938    
   2.17002511       236044.188    
   2.17102504       236218.578    
   2.17202497       236389.094    
   2.17302489       236555.703    
   2.17402482       236718.391    
   2.17502475       236877.141    
   2.17602468       237031.922    
   2.17702460       237182.719    
   2.17802453       237329.516    
   2.17902446       237472.297    
   2.18002439       237611.031    
   2.18102431       237745.719    
   2.18202424       237876.312    
   2.18302417       238002.812    
   2.18402410       238125.188    
   2.18502402       238243.422    
   2.18602395       238357.500    
   2.18702388       238467.391    
   2.18802381       238573.078    
   2.18902373       238674.547    
   2.19002366       238771.766    
   2.19102359       238864.719    
   2.19202352       238953.391    
   2.19302344       239037.766    
   2.19402337       239117.812    
   2.19502330       239193.516    
   2.19602323       239264.844    
   2.19702315       239331.797    
   2.19802308       239394.344    
   2.19902301       239452.453    
   2.20002294       239506.125    
   2.20102286       239555.328    
   2.20202279       239600.047    
   2.20302272       239640.250    
   2.20402265       239675.922    
   2.20502257       239707.047    
   2.20602250       239733.594    
   2.20702243       239755.547    
   2.20802236       239772.891    
   2.20902228       239785.609    
   2.21002221       239793.672    
   2.21102214       239797.062    
   2.21202207       239795.750    
   2.21302199       239789.719    
   2.21402192       239778.953    
   2.21502185       239763.438    
   2.21602178       239743.141    
   2.21702170       239718.047    
   2.21802163       239688.125    
   2.21902156       239653.359    
   2.22002149       239613.734    
   2.22102141       239569.234    
   2.22202134       239519.828    
   2.22302127       239465.500    
   2.22402120       239406.219    
   2.22502112       239341.969    
   2.22602105       239272.734    
   2.22702098       239198.484    
   2.22802091       239119.203    
   2.22902083       239034.875    
   2.23002076       238945.469    
   2.23102069       238850.969    
   2.23202062       238751.359    
   2.23302054       238646.609    
   2.23402047       238536.703    
   2.23502040       238421.625    
   2.23602033       238301.344    
   2.23702025       238175.844    
   2.23802018       238045.109    
   2.23902011       237909.109    
   2.24002004       237767.828    
   2.24101996       237621.234    
   2.24201989       237469.312    
   2.24301982       237312.047    
   2.24401975       237149.422    
   2.24501967       236981.406    
   2.24601960       236807.969    
   2.24701953       236629.109    
   2.24801946       236444.781    
   2.24901938       236254.984    
   2.25001931       236059.688    
   2.25101924       235858.875    
   2.25201917       235652.531    
   2.25301909       235440.625    
   2.25401902       235223.125    
   2.25501895       235000.031    
   2.25601888       234771.312    
   2.25701880       234536.938    
   2.25801873       234296.906    
   2.25901866       234051.188    
   2.26001859       233799.750    
   2.26101851       233542.578    
   2.26201844       233279.656    
   2.26301837       233010.969    
   2.26401830       232736.484    
   2.26501822       232456.172    
   2.26601815       232170.031    
   2.26701808       231878.016    
   2.26801801       231580.125    
   2.26901793       231276.328    
   2.27001786       230966.609    
   2.27101779       230650.938    
   2.27201772       230329.297    
   2.27301764       230001.672    
   2.27401757       229668.031    
   2.27501750       229328.359    
   2.27601743       228982.641    
   2.27701735       228630.844    
   2.27801728       228272.953    
   2.27901721       227908.938    
   2.28001714       227538.781    
   2.28101707       227162.469    
   2.28201699       226779.969    
   2.28301692       226391.266    
   2.28401685       225996.344    
   2.28501678       225595.172    
   2.28601670       225187.719    
   2.28701663       224773.984    
   2.28801656       224353.938    
   2.28901649       223927.547    
   2.29001641       223494.812    
   2.29101634       223055.703    
   2.29201627       222610.188    
   2.29301620       222158.250    
   2.29401612       221699.875    
   2.29501605       221235.031    
   2.29601598       220763.703    
   2.29701591       220285.875    
   2.29801583       219801.516    
   2.29901576       219310.609    
   2.30001569       218813.125    
   2.30101562       218309.047    
   2.30201554       217798.359    
   2.30301547       217281.047    
   2.30401540       216757.078    
   2.30501533       216226.422    
   2.30601525       215689.062    
   2.30701518       215144.984    
   2.30801511       214594.172    
   2.30901504       214036.594    
   2.31001496       213472.219    
   2.31101489       212901.047    
   2.31201482       212323.047    
   2.31301475       211738.188    
   2.31401467       211146.469    
   2.31501460       210547.844    
   2.31601453       209942.312    
   2.31701446       209329.844    
   2.31801438       208710.422    
   2.31901431       208084.016    
   2.32001424       207450.609    
   2.32101417       206810.188    
   2.32201409       206162.719    
   2.32301402       205508.188    
   2.32401395       204846.562    
   2.32501388       204177.844    
   2.32601380       203501.984    
   2.32701373       202818.984    
   2.32801366       202128.812    
   2.32901359       201431.453    
   2.33001351       200726.875    
   2.33101344       200015.062    
   2.33201337       199296.000    
   2.33301330       198569.656    
   2.33401322       197836.016    
   2.33501315       197095.047    
   2.33601308       196346.750    
   2.33701301       195591.078    
   2.33801293       194828.031    
   2.33901286       194057.578    
   2.34001279       193279.703    
   2.34101272       192494.375    
   2.34201264       191701.578    
   2.34301257       190901.297    
   2.34401250       190093.516    
   2.34501243       189278.203    
   2.34601235       188455.328    
   2.34701228       187624.891    
   2.34801221       186786.859    
   2.34901214       185941.203    
   2.35001206       185087.922    
   2.35101199       184226.984    
   2.35201192       183358.359    
   2.35301185       182482.047    
   2.35401177       181598.016    
   2.35501170       180706.234    
   2.35601163       179806.703    
   2.35701156       178899.391    
   2.35801148       177984.281    
   2.35901141       177061.344    
   2.36001134       176130.562    
   2.36101127       175191.922    
   2.36201119       174245.391    
   2.36301112       173290.953    
   2.36401105       172328.594    
   2.36501098       171358.281    
   2.36601090       170380.000    
   2.36701083       169393.734    
   2.36801076       168399.469    
   2.36901069       167397.172    
   2.37001061       166386.828    
   2.37101054       165368.406    
   2.37201047       164341.891    
   2.37301040       163307.266    
   2.37401032       162264.516    
   2.37501025       161213.609    
   2.37601018       160154.531    
   2.37701011       159087.266    
   2.37801003       158011.797    
   2.37900996       156928.094    
   2.38000989       155836.141    
   2.38100982       154735.906    
   2.38200974       153627.391    
   2.38300967       152510.562    
   2.38400960       151385.391    
   2.38500953       150251.875    
   2.38600945       149109.984    
   2.38700938       147959.703    
   2.38800931       146801.016    
   2.38900924       145633.891    
   2.39000916       144458.312    
   2.39100909       143274.266    
   2.39200902       142081.734    
   2.39300895       140880.688    
   2.39400887       139671.109    
   2.39500880       138452.984    
   2.39600873       137226.297    
   2.39700866       135991.016    
   2.39800858       134747.125    
   2.39900851       133494.609    
   2.40000844       132233.438    
   2.40100837       130963.609    
   2.40200830       129685.094    
   2.40300822       128397.875    
   2.40400815       127101.930    
   2.40500808       125797.242    
   2.40600801       124483.789    
   2.40700793       123161.555    
   2.40800786       121830.523    
   2.40900779       120490.672    
   2.41000772       119141.984    
   2.41100764       117784.438    
   2.41200757       116418.016    
   2.41300750       115042.695    
   2.41400743       113658.461    
   2.41500735       112265.297    
   2.41600728       110863.180    
   2.41700721       109452.094    
   2.41800714       108032.023    
   2.41900706       106602.945    
   2.42000699       105164.844    
   2.42100692       103717.695    
   2.42200685       102261.484    
   2.42300677       100796.195    
   2.42400670       99321.8047    
   2.42500663       97838.2969    
   2.42600656       96345.6562    
   2.42700648       94843.8672    
   2.42800641       93332.9062    
   2.42900634       91812.7500    
   2.43000627       90283.3906    
   2.43100619       88744.8047    
   2.43200612       87196.9766    
   2.43300605       85639.8906    
   2.43400598       84073.5234    
   2.43500590       82497.8672    
   2.43600583       80912.8906    
   2.43700576       79318.5859    
   2.43800569       77714.9375    
   2.43900561       76101.9219    
   2.44000554       74479.5234    
   2.44100547       72847.7266    
   2.44200540       71206.5078    
   2.44300532       69555.8594    
   2.44400525       67895.7578    
   2.44500518       66226.1875    
   2.44600511       64547.1289    
   2.44700503       62858.5703    
   2.44800496       61160.4922    
   2.44900489       59452.8789    
   2.45000482       57735.7109    
   2.45100474       56008.9727    
   2.45200467       54272.6523    
   2.45300460       52526.7266    
   2.45400453       50771.1836    
   2.45500445       49006.0039    
   2.45600438       47231.1758    
   2.45700431       45446.6797    
   2.45800424       43652.5000    
   2.45900416       41848.6211    
   2.46000409       40035.0273    
   2.46100402       38211.6992    
   2.46200395       36378.6250    
   2.46300387       34535.7891    
   2.46400380       32683.1719    
   2.46500373       30820.7617    
   2.46600366       28948.5410    
   2.46700358       27066.4941    
   2.46800351       25174.6074    
   2.46900344       23272.8633    
   2.47000337       21361.2480    
   2.47100329       19439.7461    
   2.47200322       17508.3438    
   2.47300315       15567.0254    
   2.47400308       13615.7754    
   2.47500300       11654.5781    
   2.47600293       9683.42090    
   2.47700286       7702.28760    
   2.47800279       5711.16406    
   2.47900271       3710.03564    
   2.48000264       1698.88806    
   2.48100257      -322.293091    
   2.48200250      -2353.52197    
   2.48300242      -4394.81250    
   2.48400235      -6446.17871    
   2.48500228      -8507.63477    
   2.48600221      -10579.1953    
   2.48700213      -12660.8730    
   2.48800206      -14752.6816    
   2.48900199      -16854.6367    
   2.49000192      -18966.7500    
   2.49100184      -21089.0352    
   2.49200177      -23221.5039    
   2.49300170      -25364.1719    
   2.49400163      -27517.0508    
   2.49500155      -29680.1562    
   2.49600148      -31853.4980    
   2.49700141      -34037.0898    
   2.49800134      -36230.9453    
   2.49900126      -38435.0781    
