   0.00000000      -132.770996    
   1.00000005E-03  -132.775101    
   2.00000009E-03  -132.777435    
   3.00000003E-03  -132.777985    
   4.00000019E-03  -132.776764    
   5.00000035E-03  -132.773758    
   6.00000052E-03  -132.768967    
   7.00000068E-03  -132.762405    
   8.00000038E-03  -132.754059    
   9.00000054E-03  -132.743942    
   1.00000007E-02  -132.732040    
   1.10000009E-02  -132.718353    
   1.20000010E-02  -132.702896    
   1.30000012E-02  -132.685654    
   1.40000014E-02  -132.666641    
   1.50000015E-02  -132.645844    
   1.60000008E-02  -132.623276    
   1.70000009E-02  -132.598923    
   1.80000011E-02  -132.572800    
   1.90000013E-02  -132.544891    
   2.00000014E-02  -132.515213    
   2.10000016E-02  -132.483749    
   2.20000017E-02  -132.450516    
   2.30000019E-02  -132.415497    
   2.40000021E-02  -132.378708    
   2.50000022E-02  -132.340149    
   2.60000024E-02  -132.299805    
   2.70000026E-02  -132.257690    
   2.80000027E-02  -132.213806    
   2.90000029E-02  -132.168137    
   3.00000031E-02  -132.120697    
   3.10000032E-02  -132.071487    
   3.20000015E-02  -132.020508    
   3.29999998E-02  -131.967758    
   3.39999981E-02  -131.913223    
   3.49999964E-02  -131.856918    
   3.59999947E-02  -131.798843    
   3.69999930E-02  -131.738998    
   3.79999913E-02  -131.677383    
   3.89999896E-02  -131.613998    
   3.99999879E-02  -131.548843    
   4.09999862E-02  -131.481934    
   4.19999845E-02  -131.413254    
   4.29999828E-02  -131.342804    
   4.39999811E-02  -131.270584    
   4.49999794E-02  -131.196594    
   4.59999777E-02  -131.120850    
   4.69999760E-02  -131.043335    
   4.79999743E-02  -130.964066    
   4.89999726E-02  -130.883026    
   4.99999709E-02  -130.800232    
   5.09999692E-02  -130.715668    
   5.19999675E-02  -130.629349    
   5.29999658E-02  -130.541275    
   5.39999641E-02  -130.451431    
   5.49999624E-02  -130.359833    
   5.59999608E-02  -130.266479    
   5.69999591E-02  -130.171371    
   5.79999574E-02  -130.074509    
   5.89999557E-02  -129.975891    
   5.99999540E-02  -129.875519    
   6.09999523E-02  -129.773392    
   6.19999506E-02  -129.669510    
   6.29999489E-02  -129.563889    
   6.39999509E-02  -129.456512    
   6.49999529E-02  -129.347382    
   6.59999549E-02  -129.236511    
   6.69999570E-02  -129.123886    
   6.79999590E-02  -129.009521    
   6.89999610E-02  -128.893417    
   6.99999630E-02  -128.775558    
   7.09999651E-02  -128.655960    
   7.19999671E-02  -128.534622    
   7.29999691E-02  -128.411545    
   7.39999712E-02  -128.286728    
   7.49999732E-02  -128.160172    
   7.59999752E-02  -128.031876    
   7.69999772E-02  -127.901848    
   7.79999793E-02  -127.770088    
   7.89999813E-02  -127.636597    
   7.99999833E-02  -127.501373    
   8.09999853E-02  -127.364418    
   8.19999874E-02  -127.225739    
   8.29999894E-02  -127.085327    
   8.39999914E-02  -126.943192    
   8.49999934E-02  -126.799332    
   8.59999955E-02  -126.653748    
   8.69999975E-02  -126.506439    
   8.79999995E-02  -126.357414    
   8.90000015E-02  -126.206665    
   9.00000036E-02  -126.054199    
   9.10000056E-02  -125.900017    
   9.20000076E-02  -125.744118    
   9.30000097E-02  -125.586502    
   9.40000117E-02  -125.427177    
   9.50000137E-02  -125.266144    
   9.60000157E-02  -125.103401    
   9.70000178E-02  -124.938950    
   9.80000198E-02  -124.772789    
   9.90000218E-02  -124.604927    
  0.100000024      -124.435364    
  0.101000026      -124.264099    
  0.102000028      -124.091133    
  0.103000030      -123.916466    
  0.104000032      -123.740105    
  0.105000034      -123.562050    
  0.106000036      -123.382301    
  0.107000038      -123.200859    
  0.108000040      -123.017723    
  0.109000042      -122.832901    
  0.110000044      -122.646393    
  0.111000046      -122.458199    
  0.112000048      -122.268326    
  0.113000050      -122.076767    
  0.114000052      -121.883530    
  0.115000054      -121.688614    
  0.116000056      -121.492027    
  0.117000058      -121.293762    
  0.118000060      -121.093826    
  0.119000062      -120.892220    
  0.120000064      -120.688950    
  0.121000066      -120.484009    
  0.122000068      -120.277405    
  0.123000070      -120.069138    
  0.124000072      -119.859215    
  0.125000075      -119.647629    
  0.126000077      -119.434387    
  0.127000079      -119.219490    
  0.128000081      -119.002945    
  0.129000083      -118.784744    
  0.130000085      -118.564896    
  0.131000087      -118.343407    
  0.132000089      -118.120270    
  0.133000091      -117.895493    
  0.134000093      -117.669075    
  0.135000095      -117.441017    
  0.136000097      -117.211327    
  0.137000099      -116.980003    
  0.138000101      -116.747047    
  0.139000103      -116.512466    
  0.140000105      -116.276253    
  0.141000107      -116.038414    
  0.142000109      -115.798958    
  0.143000111      -115.557884    
  0.144000113      -115.315186    
  0.145000115      -115.070877    
  0.146000117      -114.824951    
  0.147000119      -114.577415    
  0.148000121      -114.328270    
  0.149000123      -114.077522    
  0.150000125      -113.825172    
  0.151000127      -113.571220    
  0.152000129      -113.315666    
  0.153000131      -113.058517    
  0.154000133      -112.799774    
  0.155000135      -112.539444    
  0.156000137      -112.277519    
  0.157000139      -112.014008    
  0.158000141      -111.748917    
  0.159000143      -111.482239    
  0.160000145      -111.213982    
  0.161000147      -110.944153    
  0.162000149      -110.672752    
  0.163000152      -110.399780    
  0.164000154      -110.125237    
  0.165000156      -109.849129    
  0.166000158      -109.571457    
  0.167000160      -109.292221    
  0.168000162      -109.011429    
  0.169000164      -108.729080    
  0.170000166      -108.445183    
  0.171000168      -108.159737    
  0.172000170      -107.872742    
  0.173000172      -107.584198    
  0.174000174      -107.294113    
  0.175000176      -107.002495    
  0.176000178      -106.709335    
  0.177000180      -106.414642    
  0.178000182      -106.118423    
  0.179000184      -105.820671    
  0.180000186      -105.521393    
  0.181000188      -105.220596    
  0.182000190      -104.918282    
  0.183000192      -104.614449    
  0.184000194      -104.309105    
  0.185000196      -104.002251    
  0.186000198      -103.693886    
  0.187000200      -103.384018    
  0.188000202      -103.072647    
  0.189000204      -102.759781    
  0.190000206      -102.445419    
  0.191000208      -102.129562    
  0.192000210      -101.812218    
  0.193000212      -101.493385    
  0.194000214      -101.173073    
  0.195000216      -100.851280    
  0.196000218      -100.528008    
  0.197000220      -100.203262    
  0.198000222      -99.8770447    
  0.199000224      -99.5493622    
  0.200000226      -99.2202148    
  0.201000229      -98.8896027    
  0.202000231      -98.5575333    
  0.203000233      -98.2240067    
  0.204000235      -97.8890305    
  0.205000237      -97.5526047    
  0.206000239      -97.2147369    
  0.207000241      -96.8754272    
  0.208000243      -96.5346756    
  0.209000245      -96.1924896    
  0.210000247      -95.8488693    
  0.211000249      -95.5038223    
  0.212000251      -95.1573486    
  0.213000253      -94.8094482    
  0.214000255      -94.4601288    
  0.215000257      -94.1093979    
  0.216000259      -93.7572556    
  0.217000261      -93.4037018    
  0.218000263      -93.0487442    
  0.219000265      -92.6923828    
  0.220000267      -92.3346252    
  0.221000269      -91.9754715    
  0.222000271      -91.6149292    
  0.223000273      -91.2529984    
  0.224000275      -90.8896790    
  0.225000277      -90.5249786    
  0.226000279      -90.1589050    
  0.227000281      -89.7914581    
  0.228000283      -89.4226379    
  0.229000285      -89.0524521    
  0.230000287      -88.6809006    
  0.231000289      -88.3079910    
  0.232000291      -87.9337234    
  0.233000293      -87.5581055    
  0.234000295      -87.1811371    
  0.235000297      -86.8028259    
  0.236000299      -86.4231720    
  0.237000301      -86.0421829    
  0.238000304      -85.6598587    
  0.239000306      -85.2762070    
  0.240000308      -84.8912277    
  0.241000310      -84.5049210    
  0.242000312      -84.1173019    
  0.243000314      -83.7283630    
  0.244000316      -83.3381119    
  0.245000318      -82.9465561    
  0.246000320      -82.5536957    
  0.247000322      -82.1595383    
  0.248000324      -81.7640839    
  0.249000326      -81.3673401    
  0.250000328      -80.9693069    
  0.251000315      -80.5699844    
  0.252000302      -80.1693878    
  0.253000289      -79.7675095    
  0.254000276      -79.3643570    
  0.255000263      -78.9599380    
  0.256000251      -78.5542526    
  0.257000238      -78.1473083    
  0.258000225      -77.7391052    
  0.259000212      -77.3296509    
  0.260000199      -76.9189529    
  0.261000186      -76.5070038    
  0.262000173      -76.0938187    
  0.263000160      -75.6793976    
  0.264000148      -75.2637405    
  0.265000135      -74.8468552    
  0.266000122      -74.4287491    
  0.267000109      -74.0094223    
  0.268000096      -73.5888748    
  0.269000083      -73.1671219    
  0.270000070      -72.7441559    
  0.271000057      -72.3199921    
  0.272000045      -71.8946228    
  0.273000032      -71.4680634    
  0.274000019      -71.0403137    
  0.275000006      -70.6113739    
  0.275999993      -70.1812515    
  0.276999980      -69.7499542    
  0.277999967      -69.3174820    
  0.278999954      -68.8838425    
  0.279999942      -68.4490356    
  0.280999929      -68.0130692    
  0.281999916      -67.5759430    
  0.282999903      -67.1376648    
  0.283999890      -66.6982346    
  0.284999877      -66.2576675    
  0.285999864      -65.8159561    
  0.286999851      -65.3731079    
  0.287999839      -64.9291306    
  0.288999826      -64.4840317    
  0.289999813      -64.0378113    
  0.290999800      -63.5904694    
  0.291999787      -63.1420174    
  0.292999774      -62.6924553    
  0.293999761      -62.2417908    
  0.294999748      -61.7900276    
  0.295999736      -61.3371696    
  0.296999723      -60.8832207    
  0.297999710      -60.4281845    
  0.298999697      -59.9720688    
  0.299999684      -59.5148773    
  0.300999671      -59.0566101    
  0.301999658      -58.5972786    
  0.302999645      -58.1368828    
  0.303999633      -57.6754303    
  0.304999620      -57.2129211    
  0.305999607      -56.7493629    
  0.306999594      -56.2847595    
  0.307999581      -55.8191185    
  0.308999568      -55.3524437    
  0.309999555      -54.8847351    
  0.310999542      -54.4160042    
  0.311999530      -53.9462509    
  0.312999517      -53.4754791    
  0.313999504      -53.0036964    
  0.314999491      -52.5309067    
  0.315999478      -52.0571175    
  0.316999465      -51.5823288    
  0.317999452      -51.1065483    
  0.318999439      -50.6297798    
  0.319999427      -50.1520271    
  0.320999414      -49.6732979    
  0.321999401      -49.1935959    
  0.322999388      -48.7129250    
  0.323999375      -48.2312889    
  0.324999362      -47.7486954    
  0.325999349      -47.2651482    
  0.326999336      -46.7806511    
  0.327999324      -46.2952118    
  0.328999311      -45.8088341    
  0.329999298      -45.3215218    
  0.330999285      -44.8332787    
  0.331999272      -44.3441124    
  0.332999259      -43.8540268    
  0.333999246      -43.3630257    
  0.334999233      -42.8711166    
  0.335999221      -42.3783035    
  0.336999208      -41.8845901    
  0.337999195      -41.3899841    
  0.338999182      -40.8944855    
  0.339999169      -40.3981056    
  0.340999156      -39.9008446    
  0.341999143      -39.4027100    
  0.342999130      -38.9037056    
  0.343999118      -38.4038391    
  0.344999105      -37.9031143    
  0.345999092      -37.4015350    
  0.346999079      -36.8991051    
  0.347999066      -36.3958321    
  0.348999053      -35.8917198    
  0.349999040      -35.3867760    
  0.350999027      -34.8810043    
  0.351999015      -34.3744087    
  0.352999002      -33.8669968    
  0.353998989      -33.3587723    
  0.354998976      -32.8497429    
  0.355998963      -32.3399086    
  0.356998950      -31.8292789    
  0.357998937      -31.3178577    
  0.358998924      -30.8056507    
  0.359998912      -30.2926636    
  0.360998899      -29.7789001    
  0.361998886      -29.2643661    
  0.362998873      -28.7490673    
  0.363998860      -28.2330093    
  0.364998847      -27.7161961    
  0.365998834      -27.1986351    
  0.366998821      -26.6803303    
  0.367998809      -26.1612873    
  0.368998796      -25.6415119    
  0.369998783      -25.1210079    
  0.370998770      -24.5997829    
  0.371998757      -24.0778408    
  0.372998744      -23.5551872    
  0.373998731      -23.0318279    
  0.374998719      -22.5077686    
  0.375998706      -21.9830132    
  0.376998693      -21.4575691    
  0.377998680      -20.9314404    
  0.378998667      -20.4046345    
  0.379998654      -19.8771553    
  0.380998641      -19.3490086    
  0.381998628      -18.8202000    
  0.382998616      -18.2907352    
  0.383998603      -17.7606182    
  0.384998590      -17.2298565    
  0.385998577      -16.6984558    
  0.386998564      -16.1664200    
  0.387998551      -15.6337557    
  0.388998538      -15.1004686    
  0.389998525      -14.5665636    
  0.390998513      -14.0320463    
  0.391998500      -13.4969234    
  0.392998487      -12.9611998    
  0.393998474      -12.4248810    
  0.394998461      -11.8879728    
  0.395998448      -11.3504810    
  0.396998435      -10.8124113    
  0.397998422      -10.2737694    
  0.398998410      -9.73456097    
  0.399998397      -9.19479084    
  0.400998384      -8.65446568    
  0.401998371      -8.11359119    
  0.402998358      -7.57217264    
  0.403998345      -7.03021622    
  0.404998332      -6.48772717    
  0.405998319      -5.94471169    
  0.406998307      -5.40117550    
  0.407998294      -4.85712433    
  0.408998281      -4.31256390    
  0.409998268      -3.76750016    
  0.410998255      -3.22193861    
  0.411998242      -2.67588520    
  0.412998229      -2.12934589    
  0.413998216      -1.58232641    
  0.414998204      -1.03483260    
  0.415998191     -0.486870289    
  0.416998178       6.15546703E-02
  0.417998165      0.610436261    
  0.418998152       1.15976882    
  0.419998139       1.70954633    
  0.420998126       2.25976300    
  0.421998113       2.81041288    
  0.422998101       3.36148977    
  0.423998088       3.91298819    
  0.424998075       4.46490192    
  0.425998062       5.01722527    
  0.426998049       5.56995201    
  0.427998036       6.12307644    
  0.428998023       6.67659235    
  0.429998010       7.23049402    
  0.430997998       7.78477526    
  0.431997985       8.33942986    
  0.432997972       8.89445210    
  0.433997959       9.44983578    
  0.434997946       10.0055752    
  0.435997933       10.5616646    
  0.436997920       11.1180973    
  0.437997907       11.6748676    
  0.438997895       12.2319698    
  0.439997882       12.7893972    
  0.440997869       13.3471432    
  0.441997856       13.9052029    
  0.442997843       14.4635696    
  0.443997830       15.0222378    
  0.444997817       15.5812006    
  0.445997804       16.1404514    
  0.446997792       16.6999855    
  0.447997779       17.2597961    
  0.448997766       17.8198776    
  0.449997753       18.3802223    
  0.450997740       18.9408264    
  0.451997727       19.5016823    
  0.452997714       20.0627842    
  0.453997701       20.6241245    
  0.454997689       21.1856995    
  0.455997676       21.7475014    
  0.456997663       22.3095245    
  0.457997650       22.8717613    
  0.458997637       23.4342079    
  0.459997624       23.9968567    
  0.460997611       24.5597019    
  0.461997598       25.1227360    
  0.462997586       25.6859550    
  0.463997573       26.2493515    
  0.464997560       26.8129177    
  0.465997547       27.3766499    
  0.466997534       27.9405403    
  0.467997521       28.5045834    
  0.468997508       29.0687714    
  0.469997495       29.6331005    
  0.470997483       30.1975632    
  0.471997470       30.7621517    
  0.472997457       31.3268623    
  0.473997444       31.8916874    
  0.474997431       32.4566193    
  0.475997418       33.0216522    
  0.476997405       33.5867805    
  0.477997392       34.1520004    
  0.478997380       34.7173004    
  0.479997367       35.2826767    
  0.480997354       35.8481255    
  0.481997341       36.4136391    
  0.482997328       36.9792099    
  0.483997315       37.5448303    
  0.484997302       38.1104965    
  0.485997289       38.6761971    
  0.486997277       39.2419319    
  0.487997264       39.8076897    
  0.488997251       40.3734665    
  0.489997238       40.9392586    
  0.490997225       41.5050545    
  0.491997212       42.0708504    
  0.492997199       42.6366386    
  0.493997186       43.2024155    
  0.494997174       43.7681694    
  0.495997161       44.3338966    
  0.496997148       44.8995934    
  0.497997135       45.4652481    
  0.498997122       46.0308571    
  0.499997109       46.5964165    
  0.500997126       47.1619148    
  0.501997113       47.7273483    
  0.502997100       48.2927094    
  0.503997087       48.8579941    
  0.504997075       49.4231911    
  0.505997062       49.9882965    
  0.506997049       50.5533066    
  0.507997036       51.1182098    
  0.508997023       51.6830025    
  0.509997010       52.2476768    
  0.510996997       52.8122292    
  0.511996984       53.3766518    
  0.512996972       53.9409370    
  0.513996959       54.5050774    
  0.514996946       55.0690651    
  0.515996933       55.6328964    
  0.516996920       56.1965637    
  0.517996907       56.7600632    
  0.518996894       57.3233833    
  0.519996881       57.8865204    
  0.520996869       58.4494667    
  0.521996856       59.0122185    
  0.522996843       59.5747643    
  0.523996830       60.1371002    
  0.524996817       60.6992226    
  0.525996804       61.2611198    
  0.526996791       61.8227882    
  0.527996778       62.3842201    
  0.528996766       62.9454079    
  0.529996753       63.5063477    
  0.530996740       64.0670319    
  0.531996727       64.6274490    
  0.532996714       65.1875992    
  0.533996701       65.7474747    
  0.534996688       66.3070602    
  0.535996675       66.8663559    
  0.536996663       67.4253616    
  0.537996650       67.9840622    
  0.538996637       68.5424500    
  0.539996624       69.1005249    
  0.540996611       69.6582718    
  0.541996598       70.2156906    
  0.542996585       70.7727737    
  0.543996572       71.3295135    
  0.544996560       71.8859024    
  0.545996547       72.4419327    
  0.546996534       72.9975967    
  0.547996521       73.5528946    
  0.548996508       74.1078110    
  0.549996495       74.6623459    
  0.550996482       75.2164917    
  0.551996469       75.7702408    
  0.552996457       76.3235855    
  0.553996444       76.8765182    
  0.554996431       77.4290314    
  0.555996418       77.9811249    
  0.556996405       78.5327835    
  0.557996392       79.0840073    
  0.558996379       79.6347809    
  0.559996367       80.1851044    
  0.560996354       80.7349701    
  0.561996341       81.2843704    
  0.562996328       81.8332977    
  0.563996315       82.3817444    
  0.564996302       82.9297104    
  0.565996289       83.4771805    
  0.566996276       84.0241547    
  0.567996264       84.5706253    
  0.568996251       85.1165771    
  0.569996238       85.6620102    
  0.570996225       86.2069168    
  0.571996212       86.7512894    
  0.572996199       87.2951279    
  0.573996186       87.8384171    
  0.574996173       88.3811493    
  0.575996161       88.9233246    
  0.576996148       89.4649353    
  0.577996135       90.0059662    
  0.578996122       90.5464172    
  0.579996109       91.0862808    
  0.580996096       91.6255493    
  0.581996083       92.1642151    
  0.582996070       92.7022781    
  0.583996058       93.2397232    
  0.584996045       93.7765427    
  0.585996032       94.3127365    
  0.586996019       94.8482971    
  0.587996006       95.3832092    
  0.588995993       95.9174728    
  0.589995980       96.4510803    
  0.590995967       96.9840240    
  0.591995955       97.5162964    
  0.592995942       98.0478973    
  0.593995929       98.5788116    
  0.594995916       99.1090393    
  0.595995903       99.6385651    
  0.596995890       100.167389    
  0.597995877       100.695503    
  0.598995864       101.222900    
  0.599995852       101.749565    
  0.600995839       102.275505    
  0.601995826       102.800705    
  0.602995813       103.325157    
  0.603995800       103.848854    
  0.604995787       104.371796    
  0.605995774       104.893967    
  0.606995761       105.415367    
  0.607995749       105.935989    
  0.608995736       106.455826    
  0.609995723       106.974869    
  0.610995710       107.493111    
  0.611995697       108.010544    
  0.612995684       108.527161    
  0.613995671       109.042953    
  0.614995658       109.557922    
  0.615995646       110.072052    
  0.616995633       110.585342    
  0.617995620       111.097786    
  0.618995607       111.609375    
  0.619995594       112.120094    
  0.620995581       112.629944    
  0.621995568       113.138924    
  0.622995555       113.647018    
  0.623995543       114.154221    
  0.624995530       114.660522    
  0.625995517       115.165924    
  0.626995504       115.670418    
  0.627995491       116.173988    
  0.628995478       116.676636    
  0.629995465       117.178352    
  0.630995452       117.679131    
  0.631995440       118.178963    
  0.632995427       118.677841    
  0.633995414       119.175758    
  0.634995401       119.672714    
  0.635995388       120.168694    
  0.636995375       120.663696    
  0.637995362       121.157707    
  0.638995349       121.650726    
  0.639995337       122.142746    
  0.640995324       122.633759    
  0.641995311       123.123756    
  0.642995298       123.612732    
  0.643995285       124.100677    
  0.644995272       124.587593    
  0.645995259       125.073463    
  0.646995246       125.558281    
  0.647995234       126.042046    
  0.648995221       126.524750    
  0.649995208       127.006386    
  0.650995195       127.486946    
  0.651995182       127.966423    
  0.652995169       128.444809    
  0.653995156       128.922089    
  0.654995143       129.398270    
  0.655995131       129.873337    
  0.656995118       130.347290    
  0.657995105       130.820114    
  0.658995092       131.291809    
  0.659995079       131.762375    
  0.660995066       132.231781    
  0.661995053       132.700043    
  0.662995040       133.167145    
  0.663995028       133.633087    
  0.664995015       134.097855    
  0.665995002       134.561432    
  0.666994989       135.023834    
  0.667994976       135.485046    
  0.668994963       135.945053    
  0.669994950       136.403854    
  0.670994937       136.861435    
  0.671994925       137.317795    
  0.672994912       137.772934    
  0.673994899       138.226837    
  0.674994886       138.679504    
  0.675994873       139.130920    
  0.676994860       139.581070    
  0.677994847       140.029968    
  0.678994834       140.477600    
  0.679994822       140.923950    
  0.680994809       141.369019    
  0.681994796       141.812805    
  0.682994783       142.255295    
  0.683994770       142.696472    
  0.684994757       143.136337    
  0.685994744       143.574890    
  0.686994731       144.012115    
  0.687994719       144.448013    
  0.688994706       144.882584    
  0.689994693       145.315811    
  0.690994680       145.747681    
  0.691994667       146.178192    
  0.692994654       146.607346    
  0.693994641       147.035126    
  0.694994628       147.461533    
  0.695994616       147.886551    
  0.696994603       148.310181    
  0.697994590       148.732407    
  0.698994577       149.153229    
  0.699994564       149.572647    
  0.700994551       149.990646    
  0.701994538       150.407211    
  0.702994525       150.822357    
  0.703994513       151.236053    
  0.704994500       151.648315    
  0.705994487       152.059113    
  0.706994474       152.468460    
  0.707994461       152.876343    
  0.708994448       153.282745    
  0.709994435       153.687668    
  0.710994422       154.091110    
  0.711994410       154.493057    
  0.712994397       154.893509    
  0.713994384       155.292450    
  0.714994371       155.689880    
  0.715994358       156.085800    
  0.716994345       156.480194    
  0.717994332       156.873047    
  0.718994319       157.264359    
  0.719994307       157.654129    
  0.720994294       158.042343    
  0.721994281       158.429001    
  0.722994268       158.814102    
  0.723994255       159.197632    
  0.724994242       159.579575    
  0.725994229       159.959930    
  0.726994216       160.338699    
  0.727994204       160.715866    
  0.728994191       161.091431    
  0.729994178       161.465378    
  0.730994165       161.837708    
  0.731994152       162.208420    
  0.732994139       162.577499    
  0.733994126       162.944931    
  0.734994113       163.310715    
  0.735994101       163.674850    
  0.736994088       164.037323    
  0.737994075       164.398132    
  0.738994062       164.757278    
  0.739994049       165.114746    
  0.740994036       165.470520    
  0.741994023       165.824615    
  0.742994010       166.177002    
  0.743993998       166.527695    
  0.744993985       166.876663    
  0.745993972       167.223923    
  0.746993959       167.569458    
  0.747993946       167.913254    
  0.748993933       168.255325    
  0.749993920       168.595642    
  0.750993907       168.934219    
  0.751993895       169.271042    
  0.752993882       169.606094    
  0.753993869       169.939377    
  0.754993856       170.270889    
  0.755993843       170.600616    
  0.756993830       170.928558    
  0.757993817       171.254700    
  0.758993804       171.579041    
  0.759993792       171.901566    
  0.760993779       172.222275    
  0.761993766       172.541168    
  0.762993753       172.858231    
  0.763993740       173.173462    
  0.764993727       173.486862    
  0.765993714       173.798416    
  0.766993701       174.108109    
  0.767993689       174.415939    
  0.768993676       174.721909    
  0.769993663       175.026001    
  0.770993650       175.328217    
  0.771993637       175.628555    
  0.772993624       175.927002    
  0.773993611       176.223541    
  0.774993598       176.518188    
  0.775993586       176.810913    
  0.776993573       177.101730    
  0.777993560       177.390625    
  0.778993547       177.677582    
  0.779993534       177.962616    
  0.780993521       178.245697    
  0.781993508       178.526840    
  0.782993495       178.806030    
  0.783993483       179.083252    
  0.784993470       179.358505    
  0.785993457       179.631790    
  0.786993444       179.903091    
  0.787993431       180.172409    
  0.788993418       180.439743    
  0.789993405       180.705078    
  0.790993392       180.968399    
  0.791993380       181.229721    
  0.792993367       181.489029    
  0.793993354       181.746307    
  0.794993341       182.001556    
  0.795993328       182.254776    
  0.796993315       182.505951    
  0.797993302       182.755081    
  0.798993289       183.002151    
  0.799993277       183.247162    
  0.800993264       183.490112    
  0.801993251       183.730988    
  0.802993238       183.969788    
  0.803993225       184.206512    
  0.804993212       184.441147    
  0.805993199       184.673676    
  0.806993186       184.904114    
  0.807993174       185.132446    
  0.808993161       185.358658    
  0.809993148       185.582748    
  0.810993135       185.804718    
  0.811993122       186.024551    
  0.812993109       186.242249    
  0.813993096       186.457809    
  0.814993083       186.671219    
  0.815993071       186.882462    
  0.816993058       187.091553    
  0.817993045       187.298477    
  0.818993032       187.503220    
  0.819993019       187.705795    
  0.820993006       187.906174    
  0.821992993       188.104370    
  0.822992980       188.300369    
  0.823992968       188.494171    
  0.824992955       188.685760    
  0.825992942       188.875137    
  0.826992929       189.062286    
  0.827992916       189.247208    
  0.828992903       189.429901    
  0.829992890       189.610352    
  0.830992877       189.788559    
  0.831992865       189.964523    
  0.832992852       190.138229    
  0.833992839       190.309677    
  0.834992826       190.478867    
  0.835992813       190.645782    
  0.836992800       190.810425    
  0.837992787       190.972778    
  0.838992774       191.132843    
  0.839992762       191.290619    
  0.840992749       191.446091    
  0.841992736       191.599258    
  0.842992723       191.750107    
  0.843992710       191.898636    
  0.844992697       192.044846    
  0.845992684       192.188736    
  0.846992671       192.330292    
  0.847992659       192.469498    
  0.848992646       192.606369    
  0.849992633       192.740891    
  0.850992620       192.873047    
  0.851992607       193.002838    
  0.852992594       193.130264    
  0.853992581       193.255325    
  0.854992568       193.378006    
  0.855992556       193.498306    
  0.856992543       193.616211    
  0.857992530       193.731720    
  0.858992517       193.844833    
  0.859992504       193.955536    
  0.860992491       194.063828    
  0.861992478       194.169708    
  0.862992465       194.273163    
  0.863992453       194.374191    
  0.864992440       194.472794    
  0.865992427       194.568954    
  0.866992414       194.662674    
  0.867992401       194.753952    
  0.868992388       194.842773    
  0.869992375       194.929138    
  0.870992362       195.013031    
  0.871992350       195.094452    
  0.872992337       195.173401    
  0.873992324       195.249878    
  0.874992311       195.323868    
  0.875992298       195.395370    
  0.876992285       195.464371    
  0.877992272       195.530869    
  0.878992260       195.594864    
  0.879992247       195.656357    
  0.880992234       195.715332    
  0.881992221       195.771774    
  0.882992208       195.825699    
  0.883992195       195.877090    
  0.884992182       195.925949    
  0.885992169       195.972260    
  0.886992157       196.016022    
  0.887992144       196.057236    
  0.888992131       196.095901    
  0.889992118       196.132004    
  0.890992105       196.165543    
  0.891992092       196.196503    
  0.892992079       196.224884    
  0.893992066       196.250687    
  0.894992054       196.273911    
  0.895992041       196.294540    
  0.896992028       196.312576    
  0.897992015       196.328003    
  0.898992002       196.340836    
  0.899991989       196.351059    
  0.900991976       196.358658    
  0.901991963       196.363647    
  0.902991951       196.366013    
  0.903991938       196.365738    
  0.904991925       196.362839    
  0.905991912       196.357300    
  0.906991899       196.349106    
  0.907991886       196.338272    
  0.908991873       196.324783    
  0.909991860       196.308640    
  0.910991848       196.289825    
  0.911991835       196.268341    
  0.912991822       196.244186    
  0.913991809       196.217361    
  0.914991796       196.187851    
  0.915991783       196.155655    
  0.916991770       196.120773    
  0.917991757       196.083191    
  0.918991745       196.042923    
  0.919991732       195.999939    
  0.920991719       195.954254    
  0.921991706       195.905853    
  0.922991693       195.854736    
  0.923991680       195.800903    
  0.924991667       195.744339    
  0.925991654       195.685043    
  0.926991642       195.623016    
  0.927991629       195.558258    
  0.928991616       195.490753    
  0.929991603       195.420502    
  0.930991590       195.347488    
  0.931991577       195.271729    
  0.932991564       195.193207    
  0.933991551       195.111923    
  0.934991539       195.027863    
  0.935991526       194.941025    
  0.936991513       194.851410    
  0.937991500       194.759018    
  0.938991487       194.663849    
  0.939991474       194.565887    
  0.940991461       194.465134    
  0.941991448       194.361572    
  0.942991436       194.255219    
  0.943991423       194.146057    
  0.944991410       194.034073    
  0.945991397       193.919281    
  0.946991384       193.801666    
  0.947991371       193.681229    
  0.948991358       193.557968    
  0.949991345       193.431885    
  0.950991333       193.302963    
  0.951991320       193.171204    
  0.952991307       193.036606    
  0.953991294       192.899155    
  0.954991281       192.758850    
  0.955991268       192.615692    
  0.956991255       192.469681    
  0.957991242       192.320816    
  0.958991230       192.169083    
  0.959991217       192.014481    
  0.960991204       191.857010    
  0.961991191       191.696655    
  0.962991178       191.533417    
  0.963991165       191.367294    
  0.964991152       191.198288    
  0.965991139       191.026398    
  0.966991127       190.851608    
  0.967991114       190.673920    
  0.968991101       190.493332    
  0.969991088       190.309830    
  0.970991075       190.123428    
  0.971991062       189.934113    
  0.972991049       189.741882    
  0.973991036       189.546722    
  0.974991024       189.348648    
  0.975991011       189.147644    
  0.976990998       188.943710    
  0.977990985       188.736847    
  0.978990972       188.527039    
  0.979990959       188.314301    
  0.980990946       188.098618    
  0.981990933       187.879990    
  0.982990921       187.658401    
  0.983990908       187.433868    
  0.984990895       187.206375    
  0.985990882       186.975922    
  0.986990869       186.742508    
  0.987990856       186.506134    
  0.988990843       186.266785    
  0.989990830       186.024460    
  0.990990818       185.779160    
  0.991990805       185.530884    
  0.992990792       185.279633    
  0.993990779       185.025391    
  0.994990766       184.768158    
  0.995990753       184.507935    
  0.996990740       184.244720    
  0.997990727       183.978516    
  0.998990715       183.709305    
  0.999990702       183.437088    
   1.00099075       183.161865    
   1.00199080       182.883636    
   1.00299084       182.602402    
   1.00399089       182.318146    
   1.00499094       182.030884    
   1.00599098       181.740601    
   1.00699103       181.447296    
   1.00799108       181.150955    
   1.00899112       180.851593    
   1.00999117       180.549194    
   1.01099122       180.243759    
   1.01199126       179.935303    
   1.01299131       179.623795    
   1.01399136       179.309250    
   1.01499140       178.991669    
   1.01599145       178.671036    
   1.01699150       178.347351    
   1.01799154       178.020615    
   1.01899159       177.690826    
   1.01999164       177.357986    
   1.02099168       177.022079    
   1.02199173       176.683121    
   1.02299178       176.341095    
   1.02399182       175.996002    
   1.02499187       175.647842    
   1.02599192       175.296616    
   1.02699196       174.942307    
   1.02799201       174.584930    
   1.02899206       174.224472    
   1.02999210       173.860931    
   1.03099215       173.494308    
   1.03199220       173.124603    
   1.03299224       172.751816    
   1.03399229       172.375946    
   1.03499234       171.996979    
   1.03599238       171.614914    
   1.03699243       171.229767    
   1.03799248       170.841522    
   1.03899252       170.450180    
   1.03999257       170.055725    
   1.04099262       169.658173    
   1.04199266       169.257523    
   1.04299271       168.853760    
   1.04399276       168.446884    
   1.04499280       168.036911    
   1.04599285       167.623825    
   1.04699290       167.207626    
   1.04799294       166.788300    
   1.04899299       166.365860    
   1.04999304       165.940308    
   1.05099308       165.511627    
   1.05199313       165.079834    
   1.05299318       164.644913    
   1.05399323       164.206863    
   1.05499327       163.765686    
   1.05599332       163.321381    
   1.05699337       162.873947    
   1.05799341       162.423386    
   1.05899346       161.969681    
   1.05999351       161.512848    
   1.06099355       161.052872    
   1.06199360       160.589767    
   1.06299365       160.123520    
   1.06399369       159.654129    
   1.06499374       159.181595    
   1.06599379       158.705917    
   1.06699383       158.227097    
   1.06799388       157.745132    
   1.06899393       157.260025    
   1.06999397       156.771774    
   1.07099402       156.280365    
   1.07199407       155.785812    
   1.07299411       155.288101    
   1.07399416       154.787247    
   1.07499421       154.283234    
   1.07599425       153.776062    
   1.07699430       153.265747    
   1.07799435       152.752274    
   1.07899439       152.235641    
   1.07999444       151.715851    
   1.08099449       151.192902    
   1.08199453       150.666794    
   1.08299458       150.137527    
   1.08399463       149.605087    
   1.08499467       149.069489    
   1.08599472       148.530731    
   1.08699477       147.988800    
   1.08799481       147.443710    
   1.08899486       146.895462    
   1.08999491       146.344040    
   1.09099495       145.789459    
   1.09199500       145.231705    
   1.09299505       144.670776    
   1.09399509       144.106689    
   1.09499514       143.539429    
   1.09599519       142.968994    
   1.09699523       142.395401    
   1.09799528       141.818634    
   1.09899533       141.238693    
   1.09999537       140.655579    
   1.10099542       140.069305    
   1.10199547       139.479858    
   1.10299551       138.887238    
   1.10399556       138.291443    
   1.10499561       137.692474    
   1.10599566       137.090332    
   1.10699570       136.485016    
   1.10799575       135.876526    
   1.10899580       135.264862    
   1.10999584       134.650040    
   1.11099589       134.032043    
   1.11199594       133.410873    
   1.11299598       132.786530    
   1.11399603       132.159012    
   1.11499608       131.528320    
   1.11599612       130.894455    
   1.11699617       130.257416    
   1.11799622       129.617203    
   1.11899626       128.973816    
   1.11999631       128.327255    
   1.12099636       127.677528    
   1.12199640       127.024635    
   1.12299645       126.368568    
   1.12399650       125.709328    
   1.12499654       125.046921    
   1.12599659       124.381340    
   1.12699664       123.712593    
   1.12799668       123.040680    
   1.12899673       122.365601    
   1.12999678       121.687347    
   1.13099682       121.005928    
   1.13199687       120.321342    
   1.13299692       119.633591    
   1.13399696       118.942673    
   1.13499701       118.248596    
   1.13599706       117.551353    
   1.13699710       116.850945    
   1.13799715       116.147377    
   1.13899720       115.440651    
   1.13999724       114.730759    
   1.14099729       114.017708    
   1.14199734       113.301498    
   1.14299738       112.582130    
   1.14399743       111.859612    
   1.14499748       111.133934    
   1.14599752       110.405098    
   1.14699757       109.673111    
   1.14799762       108.937973    
   1.14899766       108.199684    
   1.14999771       107.458244    
   1.15099776       106.713654    
   1.15199780       105.965919    
   1.15299785       105.215034    
   1.15399790       104.461006    
   1.15499794       103.703835    
   1.15599799       102.943520    
   1.15699804       102.180061    
   1.15799809       101.413467    
   1.15899813       100.643738    
   1.15999818       99.8708725    
   1.16099823       99.0948715    
   1.16199827       98.3157349    
   1.16299832       97.5334625    
   1.16399837       96.7480621    
   1.16499841       95.9595337    
   1.16599846       95.1678772    
   1.16699851       94.3731003    
   1.16799855       93.5751953    
   1.16899860       92.7741699    
   1.16999865       91.9700241    
   1.17099869       91.1627655    
   1.17199874       90.3523865    
   1.17299879       89.5388947    
   1.17399883       88.7222900    
   1.17499888       87.9025803    
   1.17599893       87.0797577    
   1.17699897       86.2538300    
   1.17799902       85.4247971    
   1.17899907       84.5926666    
   1.17999911       83.7574387    
   1.18099916       82.9191132    
   1.18199921       82.0776901    
   1.18299925       81.2331772    
   1.18399930       80.3855743    
   1.18499935       79.5348816    
   1.18599939       78.6810989    
   1.18699944       77.8242340    
   1.18799949       76.9642944    
   1.18899953       76.1012726    
   1.18999958       75.2351761    
   1.19099963       74.3660049    
   1.19199967       73.4937668    
   1.19299972       72.6184616    
   1.19399977       71.7400894    
   1.19499981       70.8586502    
   1.19599986       69.9741516    
   1.19699991       69.0866013    
   1.19799995       68.1959915    
   1.19900000       67.3023300    
   1.20000005       66.4056244    
   1.20100009       65.5058746    
   1.20200014       64.6030807    
   1.20300019       63.6972466    
   1.20400023       62.7883759    
   1.20500028       61.8764725    
   1.20600033       60.9615364    
   1.20700037       60.0435715    
   1.20800042       59.1225853    
   1.20900047       58.1985779    
   1.21000051       57.2715530    
   1.21100056       56.3415108    
   1.21200061       55.4084587    
   1.21300066       54.4724007    
   1.21400070       53.5333366    
   1.21500075       52.5912704    
   1.21600080       51.6462097    
   1.21700084       50.6981544    
   1.21800089       49.7471085    
   1.21900094       48.7930756    
   1.22000098       47.8360596    
   1.22100103       46.8760605    
   1.22200108       45.9130859    
   1.22300112       44.9471397    
   1.22400117       43.9782257    
   1.22500122       43.0063477    
   1.22600126       42.0315056    
   1.22700131       41.0537071    
   1.22800136       40.0729561    
   1.22900140       39.0892563    
   1.23000145       38.1026115    
   1.23100150       37.1130257    
   1.23200154       36.1205025    
   1.23300159       35.1250458    
   1.23400164       34.1266594    
   1.23500168       33.1253471    
   1.23600173       32.1211166    
   1.23700178       31.1139679    
   1.23800182       30.1039066    
   1.23900187       29.0909386    
   1.24000192       28.0750656    
   1.24100196       27.0562935    
   1.24200201       26.0346279    
   1.24300206       25.0100708    
   1.24400210       23.9826279    
   1.24500215       22.9523048    
   1.24600220       21.9191055    
   1.24700224       20.8830338    
   1.24800229       19.8440933    
   1.24900234       18.8022919    
   1.25000238       17.7576313    
   1.25100243       16.7101173    
   1.25200248       15.6597557    
   1.25300252       14.6065502    
   1.25400257       13.5505066    
   1.25500262       12.4916286    
   1.25600266       11.4299221    
   1.25700271       10.3653917    
   1.25800276       9.29804325    
   1.25900280       8.22788048    
   1.26000285       7.15490961    
   1.26100290       6.07913542    
   1.26200294       5.00056314    
   1.26300299       3.91919804    
   1.26400304       2.83504534    
   1.26500309       1.74811041    
   1.26600313      0.658398747    
   1.26700318     -0.434084415    
   1.26800323      -1.52933371    
   1.26900327      -2.62734342    
   1.27000332      -3.72810841    
   1.27100337      -4.83162260    
   1.27200341      -5.93788099    
   1.27300346      -7.04687738    
   1.27400351      -8.15860653    
   1.27500355      -9.27306271    
   1.27600360      -10.3902397    
   1.27700365      -11.5101318    
   1.27800369      -12.6327333    
   1.27900374      -13.7580385    
   1.28000379      -14.8860416    
   1.28100383      -16.0167370    
   1.28200388      -17.1501179    
   1.28300393      -18.2861786    
   1.28400397      -19.4249115    
   1.28500402      -20.5663128    
   1.28600407      -21.7103748    
   1.28700411      -22.8570919    
   1.28800416      -24.0064583    
   1.28900421      -25.1584663    
   1.29000425      -26.3131104    
   1.29100430      -27.4703846    
   1.29200435      -28.6302814    
   1.29300439      -29.7927952    
   1.29400444      -30.9579201    
   1.29500449      -32.1256485    
   1.29600453      -33.2959747    
   1.29700458      -34.4688911    
   1.29800463      -35.6443939    
   1.29900467      -36.8224716    
   1.30000472      -38.0031204    
   1.30100477      -39.1863327    
   1.30200481      -40.3721008    
   1.30300486      -41.5604210    
   1.30400491      -42.7512856    
   1.30500495      -43.9446831    
   1.30600500      -45.1406097    
   1.30700505      -46.3390617    
   1.30800509      -47.5400276    
   1.30900514      -48.7434998    
   1.31000519      -49.9494743    
   1.31100523      -51.1579437    
   1.31200528      -52.3688965    
   1.31300533      -53.5823288    
   1.31400537      -54.7982330    
   1.31500542      -56.0166016    
   1.31600547      -57.2374268    
   1.31700552      -58.4607010    
   1.31800556      -59.6864204    
   1.31900561      -60.9145737    
   1.32000566      -62.1451530    
   1.32100570      -63.3781509    
   1.32200575      -64.6135635    
   1.32300580      -65.8513794    
   1.32400584      -67.0915909    
   1.32500589      -68.3341904    
   1.32600594      -69.5791702    
   1.32700598      -70.8265228    
   1.32800603      -72.0762405    
   1.32900608      -73.3283157    
   1.33000612      -74.5827332    
   1.33100617      -75.8394928    
   1.33200622      -77.0985870    
   1.33300626      -78.3600082    
   1.33400631      -79.6237411    
   1.33500636      -80.8897858    
   1.33600640      -82.1581268    
   1.33700645      -83.4287567    
   1.33800650      -84.7016678    
   1.33900654      -85.9768600    
   1.34000659      -87.2543182    
   1.34100664      -88.5340271    
   1.34200668      -89.8159866    
   1.34300673      -91.1001892    
   1.34400678      -92.3866196    
   1.34500682      -93.6752777    
   1.34600687      -94.9661484    
   1.34700692      -96.2592239    
   1.34800696      -97.5544968    
   1.34900701      -98.8519592    
   1.35000706      -100.151596    
   1.35100710      -101.453407    
   1.35200715      -102.757378    
   1.35300720      -104.063499    
   1.35400724      -105.371765    
   1.35500729      -106.682167    
   1.35600734      -107.994690    
   1.35700738      -109.309326    
   1.35800743      -110.626068    
   1.35900748      -111.944908    
   1.36000752      -113.265839    
   1.36100757      -114.588844    
   1.36200762      -115.913918    
   1.36300766      -117.241051    
   1.36400771      -118.570236    
   1.36500776      -119.901459    
   1.36600780      -121.234711    
   1.36700785      -122.569984    
   1.36800790      -123.907272    
   1.36900795      -125.246559    
   1.37000799      -126.587837    
   1.37100804      -127.931099    
   1.37200809      -129.276337    
   1.37300813      -130.623535    
   1.37400818      -131.972687    
   1.37500823      -133.323776    
   1.37600827      -134.676788    
   1.37700832      -136.031723    
   1.37800837      -137.388580    
   1.37900841      -138.747330    
   1.38000846      -140.107971    
   1.38100851      -141.470490    
   1.38200855      -142.834885    
   1.38300860      -144.201141    
   1.38400865      -145.569244    
   1.38500869      -146.939194    
   1.38600874      -148.310959    
   1.38700879      -149.684540    
   1.38800883      -151.059937    
   1.38900888      -152.437134    
   1.39000893      -153.816116    
   1.39100897      -155.196869    
   1.39200902      -156.579391    
   1.39300907      -157.963654    
   1.39400911      -159.349670    
   1.39500916      -160.737411    
   1.39600921      -162.126877    
   1.39700925      -163.518051    
   1.39800930      -164.910919    
   1.39900935      -166.305481    
   1.40000939      -167.701721    
   1.40100944      -169.099625    
   1.40200949      -170.499176    
   1.40300953      -171.900375    
   1.40400958      -173.303192    
   1.40500963      -174.707642    
   1.40600967      -176.113693    
   1.40700972      -177.521347    
   1.40800977      -178.930573    
   1.40900981      -180.341370    
   1.41000986      -181.753738    
   1.41100991      -183.167648    
   1.41200995      -184.583099    
   1.41301000      -186.000076    
   1.41401005      -187.418564    
   1.41501009      -188.838562    
   1.41601014      -190.260056    
   1.41701019      -191.683014    
   1.41801023      -193.107437    
   1.41901028      -194.533325    
   1.42001033      -195.960648    
   1.42101038      -197.389404    
   1.42201042      -198.819580    
   1.42301047      -200.251160    
   1.42401052      -201.684128    
   1.42501056      -203.118484    
   1.42601061      -204.554199    
   1.42701066      -205.991272    
   1.42801070      -207.429688    
   1.42901075      -208.869431    
   1.43001080      -210.310501    
   1.43101084      -211.752869    
   1.43201089      -213.196533    
   1.43301094      -214.641479    
   1.43401098      -216.087692    
   1.43501103      -217.535156    
   1.43601108      -218.983856    
   1.43701112      -220.433792    
   1.43801117      -221.884949    
   1.43901122      -223.337296    
   1.44001126      -224.790833    
   1.44101131      -226.245544    
   1.44201136      -227.701431    
   1.44301140      -229.158463    
   1.44401145      -230.616623    
   1.44501150      -232.075912    
   1.44601154      -233.536316    
   1.44701159      -234.997803    
   1.44801164      -236.460373    
   1.44901168      -237.924011    
   1.45001173      -239.388702    
   1.45101178      -240.854446    
   1.45201182      -242.321213    
   1.45301187      -243.789001    
   1.45401192      -245.257782    
   1.45501196      -246.727554    
   1.45601201      -248.198288    
   1.45701206      -249.669983    
   1.45801210      -251.142624    
   1.45901215      -252.616196    
   1.46001220      -254.090683    
   1.46101224      -255.566071    
   1.46201229      -257.042358    
   1.46301234      -258.519501    
   1.46401238      -259.997498    
   1.46501243      -261.476349    
   1.46601248      -262.956024    
   1.46701252      -264.436523    
   1.46801257      -265.917816    
   1.46901262      -267.399902    
   1.47001266      -268.882782    
   1.47101271      -270.366394    
   1.47201276      -271.850769    
   1.47301280      -273.335876    
   1.47401285      -274.821686    
   1.47501290      -276.308197    
   1.47601295      -277.795380    
   1.47701299      -279.283234    
   1.47801304      -280.771759    
   1.47901309      -282.260895    
   1.48001313      -283.750671    
   1.48101318      -285.241058    
   1.48201323      -286.732025    
   1.48301327      -288.223572    
   1.48401332      -289.715698    
   1.48501337      -291.208374    
   1.48601341      -292.701569    
   1.48701346      -294.195282    
   1.48801351      -295.689484    
   1.48901355      -297.184174    
   1.49001360      -298.679352    
   1.49101365      -300.174988    
   1.49201369      -301.671051    
   1.49301374      -303.167542    
   1.49401379      -304.664429    
   1.49501383      -306.161713    
   1.49601388      -307.659363    
   1.49701393      -309.157379    
   1.49801397      -310.655731    
   1.49901402      -312.154419    
   1.50001407      -313.653412    
   1.50101411      -315.152710    
   1.50201416      -316.652283    
   1.50301421      -318.152100    
   1.50401425      -319.652161    
   1.50501430      -321.152466    
   1.50601435      -322.652985    
   1.50701439      -324.153687    
   1.50801444      -325.654572    
   1.50901449      -327.155640    
   1.51001453      -328.656830    
   1.51101458      -330.158173    
   1.51201463      -331.659607    
   1.51301467      -333.161163    
   1.51401472      -334.662781    
   1.51501477      -336.164459    
   1.51601481      -337.666199    
   1.51701486      -339.167969    
   1.51801491      -340.669739    
   1.51901495      -342.171509    
   1.52001500      -343.673248    
   1.52101505      -345.174957    
   1.52201509      -346.676605    
   1.52301514      -348.178162    
   1.52401519      -349.679626    
   1.52501523      -351.181000    
   1.52601528      -352.682251    
   1.52701533      -354.183350    
   1.52801538      -355.684296    
   1.52901542      -357.185059    
   1.53001547      -358.685608    
   1.53101552      -360.185944    
   1.53201556      -361.686066    
   1.53301561      -363.185913    
   1.53401566      -364.685516    
   1.53501570      -366.184814    
   1.53601575      -367.683807    
   1.53701580      -369.182495    
   1.53801584      -370.680847    
   1.53901589      -372.178833    
   1.54001594      -373.676422    
   1.54101598      -375.173645    
   1.54201603      -376.670441    
   1.54301608      -378.166809    
   1.54401612      -379.662720    
   1.54501617      -381.158173    
   1.54601622      -382.653137    
   1.54701626      -384.147583    
   1.54801631      -385.641510    
   1.54901636      -387.134888    
   1.55001640      -388.627716    
   1.55101645      -390.119965    
   1.55201650      -391.611603    
   1.55301654      -393.102631    
   1.55401659      -394.593018    
   1.55501664      -396.082733    
   1.55601668      -397.571777    
   1.55701673      -399.060150    
   1.55801678      -400.547791    
   1.55901682      -402.034698    
   1.56001687      -403.520844    
   1.56101692      -405.006226    
   1.56201696      -406.490814    
   1.56301701      -407.974609    
   1.56401706      -409.457581    
   1.56501710      -410.939697    
   1.56601715      -412.420929    
   1.56701720      -413.901276    
   1.56801724      -415.380707    
   1.56901729      -416.859222    
   1.57001734      -418.336792    
   1.57101738      -419.813385    
   1.57201743      -421.289001    
   1.57301748      -422.763611    
   1.57401752      -424.237183    
   1.57501757      -425.709717    
   1.57601762      -427.181183    
   1.57701766      -428.651550    
   1.57801771      -430.120819    
   1.57901776      -431.588959    
   1.58001781      -433.055939    
   1.58101785      -434.521759    
   1.58201790      -435.986389    
   1.58301795      -437.449799    
   1.58401799      -438.911987    
   1.58501804      -440.372925    
   1.58601809      -441.832581    
   1.58701813      -443.290955    
   1.58801818      -444.748016    
   1.58901823      -446.203735    
   1.59001827      -447.658112    
   1.59101832      -449.111115    
   1.59201837      -450.562714    
   1.59301841      -452.012909    
   1.59401846      -453.461639    
   1.59501851      -454.908936    
   1.59601855      -456.354736    
   1.59701860      -457.799042    
   1.59801865      -459.241821    
   1.59901869      -460.683044    
   1.60001874      -462.122711    
   1.60101879      -463.560791    
   1.60201883      -464.997253    
   1.60301888      -466.432098    
   1.60401893      -467.865265    
   1.60501897      -469.296783    
   1.60601902      -470.726593    
   1.60701907      -472.154694    
   1.60801911      -473.581055    
   1.60901916      -475.005646    
   1.61001921      -476.428467    
   1.61101925      -477.849457    
   1.61201930      -479.268646    
   1.61301935      -480.685974    
   1.61401939      -482.101440    
   1.61501944      -483.515015    
   1.61601949      -484.926666    
   1.61701953      -486.336365    
   1.61801958      -487.744110    
   1.61901963      -489.149872    
   1.62001967      -490.553619    
   1.62101972      -491.955353    
   1.62201977      -493.355042    
   1.62301981      -494.752655    
   1.62401986      -496.148163    
   1.62501991      -497.541534    
   1.62601995      -498.932770    
   1.62702000      -500.321838    
   1.62802005      -501.708740    
   1.62902009      -503.093414    
   1.63002014      -504.475861    
   1.63102019      -505.856049    
   1.63202024      -507.233948    
   1.63302028      -508.609558    
   1.63402033      -509.982849    
   1.63502038      -511.353790    
   1.63602042      -512.722351    
   1.63702047      -514.088501    
   1.63802052      -515.452271    
   1.63902056      -516.813599    
   1.64002061      -518.172424    
   1.64102066      -519.528748    
   1.64202070      -520.882568    
   1.64302075      -522.233887    
   1.64402080      -523.582642    
   1.64502084      -524.928772    
   1.64602089      -526.272278    
   1.64702094      -527.613159    
   1.64802098      -528.951416    
   1.64902103      -530.286987    
   1.65002108      -531.619812    
   1.65102112      -532.949951    
   1.65202117      -534.277344    
   1.65302122      -535.601929    
   1.65402126      -536.923706    
   1.65502131      -538.242676    
   1.65602136      -539.558777    
   1.65702140      -540.872009    
   1.65802145      -542.182373    
   1.65902150      -543.489807    
   1.66002154      -544.794250    
   1.66102159      -546.095764    
   1.66202164      -547.394226    
   1.66302168      -548.689697    
   1.66402173      -549.982117    
   1.66502178      -551.271484    
   1.66602182      -552.557739    
   1.66702187      -553.840881    
   1.66802192      -555.120850    
   1.66902196      -556.397644    
   1.67002201      -557.671265    
   1.67102206      -558.941650    
   1.67202210      -560.208801    
   1.67302215      -561.472656    
   1.67402220      -562.733215    
   1.67502224      -563.990417    
   1.67602229      -565.244263    
   1.67702234      -566.494751    
   1.67802238      -567.741821    
   1.67902243      -568.985474    
   1.68002248      -570.225708    
   1.68102252      -571.462463    
   1.68202257      -572.695679    
   1.68302262      -573.925354    
   1.68402267      -575.151489    
   1.68502271      -576.374023    
   1.68602276      -577.592957    
   1.68702281      -578.808289    
   1.68802285      -580.019958    
   1.68902290      -581.227905    
   1.69002295      -582.432129    
   1.69102299      -583.632629    
   1.69202304      -584.829346    
   1.69302309      -586.022278    
   1.69402313      -587.211426    
   1.69502318      -588.396729    
   1.69602323      -589.578125    
   1.69702327      -590.755615    
   1.69802332      -591.929199    
   1.69902337      -593.098816    
   1.70002341      -594.264465    
   1.70102346      -595.426086    
   1.70202351      -596.583679    
   1.70302355      -597.737244    
   1.70402360      -598.886719    
   1.70502365      -600.032043    
   1.70602369      -601.173218    
   1.70702374      -602.310242    
   1.70802379      -603.443054    
   1.70902383      -604.571655    
   1.71002388      -605.696045    
   1.71102393      -606.816101    
   1.71202397      -607.931885    
   1.71302402      -609.043335    
   1.71402407      -610.150391    
   1.71502411      -611.253113    
   1.71602416      -612.351379    
   1.71702421      -613.445190    
   1.71802425      -614.534546    
   1.71902430      -615.619385    
   1.72002435      -616.699707    
   1.72102439      -617.775513    
   1.72202444      -618.846680    
   1.72302449      -619.913269    
   1.72402453      -620.975220    
   1.72502458      -622.032471    
   1.72602463      -623.085083    
   1.72702467      -624.132935    
   1.72802472      -625.176025    
   1.72902477      -626.214355    
   1.73002481      -627.247864    
   1.73102486      -628.276550    
   1.73202491      -629.300354    
   1.73302495      -630.319275    
   1.73402500      -631.333252    
   1.73502505      -632.342285    
   1.73602509      -633.346375    
   1.73702514      -634.345459    
   1.73802519      -635.339478    
   1.73902524      -636.328430    
   1.74002528      -637.312256    
   1.74102533      -638.290955    
   1.74202538      -639.264526    
   1.74302542      -640.232910    
   1.74402547      -641.196106    
   1.74502552      -642.154053    
   1.74602556      -643.106689    
   1.74702561      -644.054077    
   1.74802566      -644.996094    
   1.74902570      -645.932800    
   1.75002575      -646.864075    
   1.75102580      -647.789917    
   1.75202584      -648.710327    
   1.75302589      -649.625244    
   1.75402594      -650.534668    
   1.75502598      -651.438599    
   1.75602603      -652.336914    
   1.75702608      -653.229675    
   1.75802612      -654.116760    
   1.75902617      -654.998230    
   1.76002622      -655.874023    
   1.76102626      -656.744080    
   1.76202631      -657.608398    
   1.76302636      -658.466919    
   1.76402640      -659.319641    
   1.76502645      -660.166504    
   1.76602650      -661.007507    
   1.76702654      -661.842651    
   1.76802659      -662.671875    
   1.76902664      -663.495117    
   1.77002668      -664.312378    
   1.77102673      -665.123596    
   1.77202678      -665.928772    
   1.77302682      -666.727844    
   1.77402687      -667.520813    
   1.77502692      -668.307678    
   1.77602696      -669.088379    
   1.77702701      -669.862854    
   1.77802706      -670.631104    
   1.77902710      -671.393066    
   1.78002715      -672.148743    
   1.78102720      -672.898071    
   1.78202724      -673.641052    
   1.78302729      -674.377625    
   1.78402734      -675.107788    
   1.78502738      -675.831482    
   1.78602743      -676.548706    
   1.78702748      -677.259460    
   1.78802752      -677.963623    
   1.78902757      -678.661194    
   1.79002762      -679.352173    
   1.79102767      -680.036499    
   1.79202771      -680.714172    
   1.79302776      -681.385132    
   1.79402781      -682.049377    
   1.79502785      -682.706848    
   1.79602790      -683.357544    
   1.79702795      -684.001404    
   1.79802799      -684.638367    
   1.79902804      -685.268433    
   1.80002809      -685.891602    
   1.80102813      -686.507812    
   1.80202818      -687.117004    
   1.80302823      -687.719177    
   1.80402827      -688.314270    
   1.80502832      -688.902283    
   1.80602837      -689.483215    
   1.80702841      -690.056946    
   1.80802846      -690.623535    
   1.80902851      -691.182861    
   1.81002855      -691.734924    
   1.81102860      -692.279724    
   1.81202865      -692.817200    
   1.81302869      -693.347351    
   1.81402874      -693.870117    
   1.81502879      -694.385437    
   1.81602883      -694.893311    
   1.81702888      -695.393738    
   1.81802893      -695.886658    
   1.81902897      -696.372009    
   1.82002902      -696.849792    
   1.82102907      -697.319946    
   1.82202911      -697.782471    
   1.82302916      -698.237305    
   1.82402921      -698.684448    
   1.82502925      -699.123840    
   1.82602930      -699.555420    
   1.82702935      -699.979187    
   1.82802939      -700.395142    
   1.82902944      -700.803223    
   1.83002949      -701.203369    
   1.83102953      -701.595581    
   1.83202958      -701.979797    
   1.83302963      -702.356018    
   1.83402967      -702.724182    
   1.83502972      -703.084290    
   1.83602977      -703.436279    
   1.83702981      -703.780090    
   1.83802986      -704.115723    
   1.83902991      -704.443176    
   1.84002995      -704.762329    
   1.84103000      -705.073242    
   1.84203005      -705.375793    
   1.84303010      -705.670044    
   1.84403014      -705.955872    
   1.84503019      -706.233276    
   1.84603024      -706.502258    
   1.84703028      -706.762756    
   1.84803033      -707.014709    
   1.84903038      -707.258118    
   1.85003042      -707.492920    
   1.85103047      -707.719116    
   1.85203052      -707.936646    
   1.85303056      -708.145447    
   1.85403061      -708.345520    
   1.85503066      -708.536804    
   1.85603070      -708.719299    
   1.85703075      -708.892944    
   1.85803080      -709.057739    
   1.85903084      -709.213623    
   1.86003089      -709.360596    
   1.86103094      -709.498596    
   1.86203098      -709.627563    
   1.86303103      -709.747498    
   1.86403108      -709.858337    
   1.86503112      -709.960083    
   1.86603117      -710.052673    
   1.86703122      -710.136047    
   1.86803126      -710.210205    
   1.86903131      -710.275146    
   1.87003136      -710.330750    
   1.87103140      -710.377014    
   1.87203145      -710.413940    
   1.87303150      -710.441467    
   1.87403154      -710.459534    
   1.87503159      -710.468140    
   1.87603164      -710.467285    
   1.87703168      -710.456848    
   1.87803173      -710.436829    
   1.87903178      -710.407227    
   1.88003182      -710.367981    
   1.88103187      -710.319031    
   1.88203192      -710.260376    
   1.88303196      -710.191956    
   1.88403201      -710.113770    
   1.88503206      -710.025696    
   1.88603210      -709.927795    
   1.88703215      -709.820007    
   1.88803220      -709.702271    
   1.88903224      -709.574524    
   1.89003229      -709.436768    
   1.89103234      -709.289001    
   1.89203238      -709.131165    
   1.89303243      -708.963196    
   1.89403248      -708.785034    
   1.89503253      -708.596680    
   1.89603257      -708.398132    
   1.89703262      -708.189331    
   1.89803267      -707.970215    
   1.89903271      -707.740784    
   1.90003276      -707.500977    
   1.90103281      -707.250732    
   1.90203285      -706.990051    
   1.90303290      -706.718872    
   1.90403295      -706.437195    
   1.90503299      -706.144958    
   1.90603304      -705.842102    
   1.90703309      -705.528625    
   1.90803313      -705.204468    
   1.90903318      -704.869629    
   1.91003323      -704.524048    
   1.91103327      -704.167664    
   1.91203332      -703.800476    
   1.91303337      -703.422424    
   1.91403341      -703.033447    
   1.91503346      -702.633545    
   1.91603351      -702.222717    
   1.91703355      -701.800842    
   1.91803360      -701.367920    
   1.91903365      -700.923950    
   1.92003369      -700.468872    
   1.92103374      -700.002625    
   1.92203379      -699.525146    
   1.92303383      -699.036438    
   1.92403388      -698.536499    
   1.92503393      -698.025269    
   1.92603397      -697.502686    
   1.92703402      -696.968689    
   1.92803407      -696.423279    
   1.92903411      -695.866394    
   1.93003416      -695.298035    
   1.93103421      -694.718140    
   1.93203425      -694.126709    
   1.93303430      -693.523621    
   1.93403435      -692.908936    
   1.93503439      -692.282532    
   1.93603444      -691.644409    
   1.93703449      -690.994507    
   1.93803453      -690.332825    
   1.93903458      -689.659302    
   1.94003463      -688.973877    
   1.94103467      -688.276550    
   1.94203472      -687.567261    
   1.94303477      -686.846008    
   1.94403481      -686.112732    
   1.94503486      -685.367371    
   1.94603491      -684.609924    
   1.94703496      -683.840332    
   1.94803500      -683.058533    
   1.94903505      -682.264526    
   1.95003510      -681.458252    
   1.95103514      -680.639648    
   1.95203519      -679.808716    
   1.95303524      -678.965393    
   1.95403528      -678.109680    
   1.95503533      -677.241516    
   1.95603538      -676.360840    
   1.95703542      -675.467651    
   1.95803547      -674.561890    
   1.95903552      -673.643494    
   1.96003556      -672.712463    
   1.96103561      -671.768738    
   1.96203566      -670.812317    
   1.96303570      -669.843079    
   1.96403575      -668.861084    
   1.96503580      -667.866211    
   1.96603584      -666.858459    
   1.96703589      -665.837769    
   1.96803594      -664.804138    
   1.96903598      -663.757507    
   1.97003603      -662.697815    
   1.97103608      -661.625061    
   1.97203612      -660.539185    
   1.97303617      -659.440125    
   1.97403622      -658.327881    
   1.97503626      -657.202393    
   1.97603631      -656.063660    
   1.97703636      -654.911560    
   1.97803640      -653.746155    
   1.97903645      -652.567322    
   1.98003650      -651.375061    
   1.98103654      -650.169312    
   1.98203659      -648.950073    
   1.98303664      -647.717285    
   1.98403668      -646.470886    
   1.98503673      -645.210815    
   1.98603678      -643.937073    
   1.98703682      -642.649658    
   1.98803687      -641.348450    
   1.98903692      -640.033447    
   1.99003696      -638.704651    
   1.99103701      -637.361938    
   1.99203706      -636.005310    
   1.99303710      -634.634766    
   1.99403715      -633.250183    
   1.99503720      -631.851562    
   1.99603724      -630.438904    
   1.99703729      -629.012146    
   1.99803734      -627.571228    
   1.99903738      -626.116089    
   2.00003743      -624.646729    
   2.00103736      -623.163086    
   2.00203729      -621.665100    
   2.00303721      -620.152771    
   2.00403714      -618.626038    
   2.00503707      -617.084900    
   2.00603700      -615.529236    
   2.00703692      -613.959106    
   2.00803685      -612.374390    
   2.00903678      -610.775085    
   2.01003671      -609.161133    
   2.01103663      -607.532471    
   2.01203656      -605.889099    
   2.01303649      -604.230957    
   2.01403642      -602.558044    
   2.01503634      -600.870300    
   2.01603627      -599.167664    
   2.01703620      -597.450073    
   2.01803613      -595.717529    
   2.01903605      -593.969971    
   2.02003598      -592.207397    
   2.02103591      -590.429749    
   2.02203584      -588.636963    
   2.02303576      -586.828979    
   2.02403569      -585.005798    
   2.02503562      -583.167358    
   2.02603555      -581.313660    
   2.02703547      -579.444580    
   2.02803540      -577.560181    
   2.02903533      -575.660339    
   2.03003526      -573.745056    
   2.03103518      -571.814270    
   2.03203511      -569.867920    
   2.03303504      -567.906006    
   2.03403497      -565.928467    
   2.03503489      -563.935303    
   2.03603482      -561.926392    
   2.03703475      -559.901794    
   2.03803468      -557.861389    
   2.03903461      -555.805176    
   2.04003453      -553.733093    
   2.04103446      -551.645081    
   2.04203439      -549.541138    
   2.04303432      -547.421204    
   2.04403424      -545.285217    
   2.04503417      -543.133179    
   2.04603410      -540.965027    
   2.04703403      -538.780701    
   2.04803395      -536.580200    
   2.04903388      -534.363464    
   2.05003381      -532.130432    
   2.05103374      -529.881104    
   2.05203366      -527.615417    
   2.05303359      -525.333313    
   2.05403352      -523.034790    
   2.05503345      -520.719727    
   2.05603337      -518.388184    
   2.05703330      -516.040039    
   2.05803323      -513.675293    
   2.05903316      -511.293915    
   2.06003308      -508.895844    
   2.06103301      -506.481018    
   2.06203294      -504.049438    
   2.06303287      -501.601044    
   2.06403279      -499.135773    
   2.06503272      -496.653595    
   2.06603265      -494.154480    
   2.06703258      -491.638397    
   2.06803250      -489.105286    
   2.06903243      -486.555115    
   2.07003236      -483.987823    
   2.07103229      -481.403381    
   2.07203221      -478.801758    
   2.07303214      -476.182892    
   2.07403207      -473.546753    
   2.07503200      -470.893311    
   2.07603192      -468.222504    
   2.07703185      -465.534302    
   2.07803178      -462.828644    
   2.07903171      -460.105499    
   2.08003163      -457.364838    
   2.08103156      -454.606598    
   2.08203149      -451.830750    
   2.08303142      -449.037262    
   2.08403134      -446.226074    
   2.08503127      -443.397156    
   2.08603120      -440.550476    
   2.08703113      -437.685974    
   2.08803105      -434.803619    
   2.08903098      -431.903351    
   2.09003091      -428.985138    
   2.09103084      -426.048950    
   2.09203076      -423.094727    
   2.09303069      -420.122437    
   2.09403062      -417.132050    
   2.09503055      -414.123505    
   2.09603047      -411.096771    
   2.09703040      -408.051788    
   2.09803033      -404.988525    
   2.09903026      -401.906952    
   2.10003018      -398.807007    
   2.10103011      -395.688660    
   2.10203004      -392.551880    
   2.10302997      -389.396606    
   2.10402989      -386.222809    
   2.10502982      -383.030457    
   2.10602975      -379.819489    
   2.10702968      -376.589874    
   2.10802960      -373.341553    
   2.10902953      -370.074493    
   2.11002946      -366.788666    
   2.11102939      -363.484009    
   2.11202931      -360.160492    
   2.11302924      -356.818054    
   2.11402917      -353.456665    
   2.11502910      -350.076294    
   2.11602902      -346.676910    
   2.11702895      -343.258453    
   2.11802888      -339.820862    
   2.11902881      -336.364136    
   2.12002873      -332.888214    
   2.12102866      -329.393036    
   2.12202859      -325.878571    
   2.12302852      -322.344788    
   2.12402844      -318.791656    
   2.12502837      -315.219116    
   2.12602830      -311.627106    
   2.12702823      -308.015625    
   2.12802815      -304.384613    
   2.12902808      -300.734009    
   2.13002801      -297.063782    
   2.13102794      -293.373901    
   2.13202786      -289.664337    
   2.13302779      -285.935028    
   2.13402772      -282.185944    
   2.13502765      -278.417023    
   2.13602757      -274.628235    
   2.13702750      -270.819550    
   2.13802743      -266.990906    
   2.13902736      -263.142273    
   2.14002728      -259.273590    
   2.14102721      -255.384842    
   2.14202714      -251.475983    
   2.14302707      -247.546967    
   2.14402699      -243.597748    
   2.14502692      -239.628281    
   2.14602685      -235.638535    
   2.14702678      -231.628464    
   2.14802670      -227.598022    
   2.14902663      -223.547180    
   2.15002656      -219.475876    
   2.15102649      -215.384079    
   2.15202641      -211.271759    
   2.15302634      -207.138855    
   2.15402627      -202.985336    
   2.15502620      -198.811157    
   2.15602612      -194.616287    
   2.15702605      -190.400681    
   2.15802598      -186.164291    
   2.15902591      -181.907074    
   2.16002584      -177.628983    
   2.16102576      -173.329987    
   2.16202569      -169.010040    
   2.16302562      -164.669113    
   2.16402555      -160.307159    
   2.16502547      -155.924118    
   2.16602540      -151.519974    
   2.16702533      -147.094666    
   2.16802526      -142.648163    
   2.16902518      -138.180420    
   2.17002511      -133.691406    
   2.17102504      -129.181076    
   2.17202497      -124.649376    
   2.17302489      -120.096275    
   2.17402482      -115.521729    
   2.17502475      -110.925697    
   2.17602468      -106.308144    
   2.17702460      -101.669022    
   2.17802453      -97.0082932    
   2.17902446      -92.3259125    
   2.18002439      -87.6218414    
   2.18102431      -82.8960419    
   2.18202424      -78.1484680    
   2.18302417      -73.3790817    
   2.18402410      -68.5878372    
   2.18502402      -63.7747002    
   2.18602395      -58.9396248    
   2.18702388      -54.0825729    
   2.18802381      -49.2035027    
   2.18902373      -44.3023758    
   2.19002366      -39.3791466    
   2.19102359      -34.4337769    
   2.19202352      -29.4662285    
   2.19302344      -24.4764576    
   2.19402337      -19.4644260    
   2.19502330      -14.4300919    
   2.19602323      -9.37341404    
   2.19702315      -4.29435158    
   2.19802308      0.807135105    
   2.19902301       5.93108654    
   2.20002294       11.0775433    
   2.20102286       16.2465458    
   2.20202279       21.4381351    
   2.20302272       26.6523514    
   2.20402265       31.8892326    
   2.20502257       37.1488228    
   2.20602250       42.4311600    
   2.20702243       47.7362823    
   2.20802236       53.0642357    
   2.20902228       58.4150543    
   2.21002221       63.7887802    
   2.21102214       69.1854553    
   2.21202207       74.6051178    
   2.21302199       80.0478058    
   2.21402192       85.5135651    
   2.21502185       91.0024338    
   2.21602178       96.5144501    
   2.21702170       102.049652    
   2.21802163       107.608078    
   2.21902156       113.189774    
   2.22002149       118.794777    
   2.22102141       124.423126    
   2.22202134       130.074860    
   2.22302127       135.750015    
   2.22402120       141.448639    
   2.22502112       147.170776    
   2.22602105       152.916458    
   2.22702098       158.685715    
   2.22802091       164.478592    
   2.22902083       170.295135    
   2.23002076       176.135376    
   2.23102069       181.999359    
   2.23202062       187.887131    
   2.23302054       193.798721    
   2.23402047       199.734161    
   2.23502040       205.693497    
   2.23602033       211.676773    
   2.23702025       217.684021    
   2.23802018       223.715286    
   2.23902011       229.770599    
   2.24002004       235.850006    
   2.24101996       241.953537    
   2.24201989       248.081238    
   2.24301982       254.233154    
   2.24401975       260.409302    
   2.24501967       266.609741    
   2.24601960       272.834503    
   2.24701953       279.083618    
   2.24801946       285.357147    
   2.24901938       291.655090    
   2.25001931       297.977539    
   2.25101924       304.324493    
   2.25201917       310.695984    
   2.25301909       317.092072    
   2.25401902       323.512787    
   2.25501895       329.958160    
   2.25601888       336.428253    
   2.25701880       342.923065    
   2.25801873       349.442657    
   2.25901866       355.987091    
   2.26001859       362.556366    
   2.26101851       369.150543    
   2.26201844       375.769623    
   2.26301837       382.413696    
   2.26401830       389.082764    
   2.26501822       395.776855    
   2.26601815       402.496033    
   2.26701808       409.240326    
   2.26801801       416.009766    
   2.26901793       422.804413    
   2.27001786       429.624268    
   2.27101779       436.469391    
   2.27201772       443.339813    
   2.27301764       450.235565    
   2.27401757       457.156708    
   2.27501750       464.103241    
   2.27601743       471.075226    
   2.27701735       478.072693    
   2.27801728       485.095673    
   2.27901721       492.144226    
   2.28001714       499.218353    
   2.28101707       506.318115    
   2.28201699       513.443542    
   2.28301692       520.594666    
   2.28401685       527.771545    
   2.28501678       534.974182    
   2.28601670       542.202637    
   2.28701663       549.456909    
   2.28801656       556.737061    
   2.28901649       564.043152    
   2.29001641       571.375183    
   2.29101634       578.733215    
   2.29201627       586.117249    
   2.29301620       593.527344    
   2.29401612       600.963501    
   2.29501605       608.425781    
   2.29601598       615.914246    
   2.29701591       623.428894    
   2.29801583       630.969788    
   2.29901576       638.536926    
   2.30001569       646.130371    
   2.30101562       653.750122    
   2.30201554       661.396240    
   2.30301547       669.068787    
   2.30401540       676.767761    
   2.30501533       684.493225    
   2.30601525       692.245178    
   2.30701518       700.023682    
   2.30801511       707.828735    
   2.30901504       715.660400    
   2.31001496       723.518677    
   2.31101489       731.403625    
   2.31201482       739.315308    
   2.31301475       747.253723    
   2.31401467       755.218933    
   2.31501460       763.210938    
   2.31601453       771.229736    
   2.31701446       779.275452    
   2.31801438       787.348022    
   2.31901431       795.447571    
   2.32001424       803.574097    
   2.32101417       811.727600    
   2.32201409       819.908142    
   2.32301402       828.115723    
   2.32401395       836.350403    
   2.32501388       844.612244    
   2.32601380       852.901245    
   2.32701373       861.217468    
   2.32801366       869.560913    
   2.32901359       877.931580    
   2.33001351       886.329529    
   2.33101344       894.754822    
   2.33201337       903.207458    
   2.33301330       911.687500    
   2.33401322       920.194946    
   2.33501315       928.729858    
   2.33601308       937.292236    
   2.33701301       945.882141    
   2.33801293       954.499573    
   2.33901286       963.144531    
   2.34001279       971.817139    
   2.34101272       980.517334    
   2.34201264       989.245239    
   2.34301257       998.000793    
   2.34401250       1006.78406    
   2.34501243       1015.59509    
   2.34601235       1024.43396    
   2.34701228       1033.30054    
   2.34801221       1042.19495    
   2.34901214       1051.11731    
   2.35001206       1060.06750    
   2.35101199       1069.04565    
   2.35201192       1078.05176    
   2.35301185       1087.08582    
   2.35401177       1096.14795    
   2.35501170       1105.23816    
   2.35601163       1114.35645    
   2.35701156       1123.50281    
   2.35801148       1132.67725    
   2.35901141       1141.87988    
   2.36001134       1151.11072    
   2.36101127       1160.36975    
   2.36201119       1169.65698    
   2.36301112       1178.97253    
   2.36401105       1188.31628    
   2.36501098       1197.68835    
   2.36601090       1207.08887    
   2.36701083       1216.51770    
   2.36801076       1225.97498    
   2.36901069       1235.46069    
   2.37001061       1244.97485    
   2.37101054       1254.51746    
   2.37201047       1264.08862    
   2.37301040       1273.68823    
   2.37401032       1283.31641    
   2.37501025       1292.97327    
   2.37601018       1302.65869    
   2.37701011       1312.37280    
   2.37801003       1322.11548    
   2.37900996       1331.88684    
   2.38000989       1341.68701    
   2.38100982       1351.51587    
   2.38200974       1361.37354    
   2.38300967       1371.25989    
   2.38400960       1381.17517    
   2.38500953       1391.11926    
   2.38600945       1401.09216    
   2.38700938       1411.09399    
   2.38800931       1421.12476    
   2.38900924       1431.18445    
   2.39000916       1441.27307    
   2.39100909       1451.39062    
   2.39200902       1461.53723    
   2.39300895       1471.71289    
   2.39400887       1481.91760    
   2.39500880       1492.15137    
   2.39600873       1502.41418    
   2.39700866       1512.70618    
   2.39800858       1523.02722    
   2.39900851       1533.37744    
   2.40000844       1543.75684    
   2.40100837       1554.16553    
   2.40200830       1564.60339    
   2.40300822       1575.07056    
   2.40400815       1585.56689    
   2.40500808       1596.09253    
   2.40600801       1606.64746    
   2.40700793       1617.23181    
   2.40800786       1627.84546    
   2.40900779       1638.48853    
   2.41000772       1649.16101    
   2.41100764       1659.86292    
   2.41200757       1670.59424    
   2.41300750       1681.35498    
   2.41400743       1692.14514    
   2.41500735       1702.96484    
   2.41600728       1713.81409    
   2.41700721       1724.69287    
   2.41800714       1735.60120    
   2.41900706       1746.53906    
   2.42000699       1757.50647    
   2.42100692       1768.50354    
   2.42200685       1779.53015    
   2.42300677       1790.58643    
   2.42400670       1801.67236    
   2.42500663       1812.78796    
   2.42600656       1823.93335    
   2.42700648       1835.10840    
   2.42800641       1846.31311    
   2.42900634       1857.54761    
   2.43000627       1868.81189    
   2.43100619       1880.10596    
   2.43200612       1891.42981    
   2.43300605       1902.78345    
   2.43400598       1914.16687    
   2.43500590       1925.58020    
   2.43600583       1937.02332    
   2.43700576       1948.49634    
   2.43800569       1959.99927    
   2.43900561       1971.53210    
   2.44000554       1983.09485    
   2.44100547       1994.68750    
   2.44200540       2006.31006    
   2.44300532       2017.96252    
   2.44400525       2029.64502    
   2.44500518       2041.35754    
   2.44600511       2053.10010    
   2.44700503       2064.87256    
   2.44800496       2076.67505    
   2.44900489       2088.50757    
   2.45000482       2100.37012    
   2.45100474       2112.26270    
   2.45200467       2124.18530    
   2.45300460       2136.13818    
   2.45400453       2148.12109    
   2.45500445       2160.13403    
   2.45600438       2172.17700    
   2.45700431       2184.25024    
   2.45800424       2196.35352    
   2.45900416       2208.48706    
   2.46000409       2220.65063    
   2.46100402       2232.84448    
   2.46200395       2245.06836    
   2.46300387       2257.32251    
   2.46400380       2269.60693    
   2.46500373       2281.92139    
   2.46600366       2294.26611    
   2.46700358       2306.64111    
   2.46800351       2319.04639    
   2.46900344       2331.48169    
   2.47000337       2343.94727    
   2.47100329       2356.44312    
   2.47200322       2368.96924    
   2.47300315       2381.52563    
   2.47400308       2394.11230    
   2.47500300       2406.72925    
   2.47600293       2419.37646    
   2.47700286       2432.05396    
   2.47800279       2444.76172    
   2.47900271       2457.49976    
   2.48000264       2470.26807    
   2.48100257       2483.06665    
   2.48200250       2495.89575    
   2.48300242       2508.75513    
   2.48400235       2521.64478    
   2.48500228       2534.56470    
   2.48600221       2547.51489    
   2.48700213       2560.49561    
   2.48800206       2573.50659    
   2.48900199       2586.54785    
   2.49000192       2599.61938    
   2.49100184       2612.72144    
   2.49200177       2625.85376    
   2.49300170       2639.01636    
   2.49400163       2652.20923    
   2.49500155       2665.43262    
   2.49600148       2678.68628    
   2.49700141       2691.97021    
   2.49800134       2705.28467    
   2.49900126       2718.62939    
