   0.00000000      -59.4076004    
   1.00000005E-03  -59.2562599    
   2.00000009E-03  -59.1042557    
   3.00000003E-03  -58.9515877    
   4.00000019E-03  -58.7982597    
   5.00000035E-03  -58.6442719    
   6.00000052E-03  -58.4896240    
   7.00000068E-03  -58.3343201    
   8.00000038E-03  -58.1783600    
   9.00000054E-03  -58.0217476    
   1.00000007E-02  -57.8644829    
   1.10000009E-02  -57.7065659    
   1.20000010E-02  -57.5480003    
   1.30000012E-02  -57.3887863    
   1.40000014E-02  -57.2289238    
   1.50000015E-02  -57.0684166    
   1.60000008E-02  -56.9072647    
   1.70000009E-02  -56.7454720    
   1.80000011E-02  -56.5830383    
   1.90000013E-02  -56.4199638    
   2.00000014E-02  -56.2562523    
   2.10000016E-02  -56.0919037    
   2.20000017E-02  -55.9269180    
   2.30000019E-02  -55.7612991    
   2.40000021E-02  -55.5950508    
   2.50000022E-02  -55.4281693    
   2.60000024E-02  -55.2606583    
   2.70000026E-02  -55.0925217    
   2.80000027E-02  -54.9237595    
   2.90000029E-02  -54.7543716    
   3.00000031E-02  -54.5843620    
   3.10000032E-02  -54.4137306    
   3.20000015E-02  -54.2424774    
   3.29999998E-02  -54.0706062    
   3.39999981E-02  -53.8981171    
   3.49999964E-02  -53.7250137    
   3.59999947E-02  -53.5512962    
   3.69999930E-02  -53.3769646    
   3.79999913E-02  -53.2020226    
   3.89999896E-02  -53.0264740    
   3.99999879E-02  -52.8503151    
   4.09999862E-02  -52.6735497    
   4.19999845E-02  -52.4961815    
   4.29999828E-02  -52.3182106    
   4.39999811E-02  -52.1396370    
   4.49999794E-02  -51.9604645    
   4.59999777E-02  -51.7806931    
   4.69999760E-02  -51.6003265    
   4.79999743E-02  -51.4193649    
   4.89999726E-02  -51.2378082    
   4.99999709E-02  -51.0556602    
   5.09999692E-02  -50.8729248    
   5.19999675E-02  -50.6895981    
   5.29999658E-02  -50.5056877    
   5.39999641E-02  -50.3211899    
   5.49999624E-02  -50.1361084    
   5.59999608E-02  -49.9504471    
   5.69999591E-02  -49.7642059    
   5.79999574E-02  -49.5773849    
   5.89999557E-02  -49.3899879    
   5.99999540E-02  -49.2020149    
   6.09999523E-02  -49.0134659    
   6.19999506E-02  -48.8243484    
   6.29999489E-02  -48.6346588    
   6.39999509E-02  -48.4444008    
   6.49999529E-02  -48.2535744    
   6.59999549E-02  -48.0621834    
   6.69999570E-02  -47.8702278    
   6.79999590E-02  -47.6777115    
   6.89999610E-02  -47.4846344    
   6.99999630E-02  -47.2910004    
   7.09999651E-02  -47.0968094    
   7.19999671E-02  -46.9020615    
   7.29999691E-02  -46.7067604    
   7.39999712E-02  -46.5109100    
   7.49999732E-02  -46.3145065    
   7.59999752E-02  -46.1175575    
   7.69999772E-02  -45.9200592    
   7.79999793E-02  -45.7220192    
   7.89999813E-02  -45.5234337    
   7.99999833E-02  -45.3243065    
   8.09999853E-02  -45.1246414    
   8.19999874E-02  -44.9244385    
   8.29999894E-02  -44.7237015    
   8.39999914E-02  -44.5224266    
   8.49999934E-02  -44.3206215    
   8.59999955E-02  -44.1182861    
   8.69999975E-02  -43.9154205    
   8.79999995E-02  -43.7120285    
   8.90000015E-02  -43.5081100    
   9.00000036E-02  -43.3036690    
   9.10000056E-02  -43.0987053    
   9.20000076E-02  -42.8932228    
   9.30000097E-02  -42.6872215    
   9.40000117E-02  -42.4807014    
   9.50000137E-02  -42.2736702    
   9.60000157E-02  -42.0661240    
   9.70000178E-02  -41.8580666    
   9.80000198E-02  -41.6495018    
   9.90000218E-02  -41.4404297    
  0.100000024      -41.2308502    
  0.101000026      -41.0207672    
  0.102000028      -40.8101807    
  0.103000030      -40.5990944    
  0.104000032      -40.3875122    
  0.105000034      -40.1754341    
  0.106000036      -39.9628601    
  0.107000038      -39.7497940    
  0.108000040      -39.5362358    
  0.109000042      -39.3221893    
  0.110000044      -39.1076546    
  0.111000046      -38.8926353    
  0.112000048      -38.6771317    
  0.113000050      -38.4611473    
  0.114000052      -38.2446823    
  0.115000054      -38.0277405    
  0.116000056      -37.8103218    
  0.117000058      -37.5924301    
  0.118000060      -37.3740654    
  0.119000062      -37.1552315    
  0.120000064      -36.9359283    
  0.121000066      -36.7161598    
  0.122000068      -36.4959259    
  0.123000070      -36.2752304    
  0.124000072      -36.0540733    
  0.125000075      -35.8324585    
  0.126000077      -35.6103859    
  0.127000079      -35.3878593    
  0.128000081      -35.1648788    
  0.129000083      -34.9414482    
  0.130000085      -34.7175713    
  0.131000087      -34.4932442    
  0.132000089      -34.2684746    
  0.133000091      -34.0432587    
  0.134000093      -33.8176041    
  0.135000095      -33.5915108    
  0.136000097      -33.3649788    
  0.137000099      -33.1380119    
  0.138000101      -32.9106102    
  0.139000103      -32.6827774    
  0.140000105      -32.4545174    
  0.141000107      -32.2258301    
  0.142000109      -31.9967155    
  0.143000111      -31.7671776    
  0.144000113      -31.5372181    
  0.145000115      -31.3068390    
  0.146000117      -31.0760422    
  0.147000119      -30.8448296    
  0.148000121      -30.6132030    
  0.149000123      -30.3811665    
  0.150000125      -30.1487198    
  0.151000127      -29.9158649    
  0.152000129      -29.6826057    
  0.153000131      -29.4489422    
  0.154000133      -29.2148781    
  0.155000135      -28.9804134    
  0.156000137      -28.7455521    
  0.157000139      -28.5102959    
  0.158000141      -28.2746468    
  0.159000143      -28.0386066    
  0.160000145      -27.8021774    
  0.161000147      -27.5653610    
  0.162000149      -27.3281593    
  0.163000152      -27.0905743    
  0.164000154      -26.8526077    
  0.165000156      -26.6142635    
  0.166000158      -26.3755417    
  0.167000160      -26.1364460    
  0.168000162      -25.8969765    
  0.169000164      -25.6571369    
  0.170000166      -25.4169292    
  0.171000168      -25.1763554    
  0.172000170      -24.9354172    
  0.173000172      -24.6941166    
  0.174000174      -24.4524555    
  0.175000176      -24.2104359    
  0.176000178      -23.9680614    
  0.177000180      -23.7253323    
  0.178000182      -23.4822521    
  0.179000184      -23.2388210    
  0.180000186      -22.9950428    
  0.181000188      -22.7509193    
  0.182000190      -22.5064526    
  0.183000192      -22.2616444    
  0.184000194      -22.0164986    
  0.185000196      -21.7710152    
  0.186000198      -21.5251980    
  0.187000200      -21.2790470    
  0.188000202      -21.0325661    
  0.189000204      -20.7857571    
  0.190000206      -20.5386219    
  0.191000208      -20.2911625    
  0.192000210      -20.0433807    
  0.193000212      -19.7952805    
  0.194000214      -19.5468616    
  0.195000216      -19.2981281    
  0.196000218      -19.0490818    
  0.197000220      -18.7997227    
  0.198000222      -18.5500565    
  0.199000224      -18.3000832    
  0.200000226      -18.0498047    
  0.201000229      -17.7992249    
  0.202000231      -17.5483437    
  0.203000233      -17.2971649    
  0.204000235      -17.0456905    
  0.205000237      -16.7939224    
  0.206000239      -16.5418625    
  0.207000241      -16.2895145    
  0.208000243      -16.0368786    
  0.209000245      -15.7839584    
  0.210000247      -15.5307550    
  0.211000249      -15.2772722    
  0.212000251      -15.0235109    
  0.213000253      -14.7694740    
  0.214000255      -14.5151634    
  0.215000257      -14.2605810    
  0.216000259      -14.0057297    
  0.217000261      -13.7506113    
  0.218000263      -13.4952278    
  0.219000265      -13.2395821    
  0.220000267      -12.9836760    
  0.221000269      -12.7275114    
  0.222000271      -12.4710913    
  0.223000273      -12.2144175    
  0.224000275      -11.9574919    
  0.225000277      -11.7003174    
  0.226000279      -11.4428959    
  0.227000281      -11.1852303    
  0.228000283      -10.9273224    
  0.229000285      -10.6691742    
  0.230000287      -10.4107885    
  0.231000289      -10.1521673    
  0.232000291      -9.89331245    
  0.233000293      -9.63422680    
  0.234000295      -9.37491226    
  0.235000297      -9.11537170    
  0.236000299      -8.85560703    
  0.237000301      -8.59562016    
  0.238000304      -8.33541393    
  0.239000306      -8.07499027    
  0.240000308      -7.81435204    
  0.241000310      -7.55350113    
  0.242000312      -7.29243946    
  0.243000314      -7.03116989    
  0.244000316      -6.76969433    
  0.245000318      -6.50801563    
  0.246000320      -6.24613571    
  0.247000322      -5.98405695    
  0.248000324      -5.72178173    
  0.249000326      -5.45931196    
  0.250000328      -5.19665051    
  0.251000315      -4.93379927    
  0.252000302      -4.67076111    
  0.253000289      -4.40753794    
  0.254000276      -4.14413214    
  0.255000263      -3.88054609    
  0.256000251      -3.61678195    
  0.257000238      -3.35284233    
  0.258000225      -3.08872938    
  0.259000212      -2.82444549    
  0.260000199      -2.55999303    
  0.261000186      -2.29537439    
  0.262000173      -2.03059196    
  0.263000160      -1.76564789    
  0.264000148      -1.50054467    
  0.265000135      -1.23528457    
  0.266000122     -0.969870090    
  0.267000109     -0.704303503    
  0.268000096     -0.438587159    
  0.269000083     -0.172723413    
  0.270000070       9.32853222E-02
  0.271000057      0.359436721    
  0.272000045      0.625728369    
  0.273000032      0.892157912    
  0.274000019       1.15872300    
  0.275000006       1.42542124    
  0.275999993       1.69225025    
  0.276999980       1.95920765    
  0.277999967       2.22629094    
  0.278999954       2.49349785    
  0.279999942       2.76082611    
  0.280999929       3.02827311    
  0.281999916       3.29583645    
  0.282999903       3.56351376    
  0.283999890       3.83130288    
  0.284999877       4.09920120    
  0.285999864       4.36720610    
  0.286999851       4.63531542    
  0.287999839       4.90352678    
  0.288999826       5.17183781    
  0.289999813       5.44024611    
  0.290999800       5.70874929    
  0.291999787       5.97734451    
  0.292999774       6.24602985    
  0.293999761       6.51480293    
  0.294999748       6.78366089    
  0.295999736       7.05260181    
  0.296999723       7.32162285    
  0.297999710       7.59072161    
  0.298999697       7.85989571    
  0.299999684       8.12914276    
  0.300999671       8.39846039    
  0.301999658       8.66784573    
  0.302999645       8.93729687    
  0.303999633       9.20681190    
  0.304999620       9.47638702    
  0.305999607       9.74602032    
  0.306999594       10.0157099    
  0.307999581       10.2854528    
  0.308999568       10.5552464    
  0.309999555       10.8250885    
  0.310999542       11.0949774    
  0.311999530       11.3649092    
  0.312999517       11.6348829    
  0.313999504       11.9048948    
  0.314999491       12.1749430    
  0.315999478       12.4450254    
  0.316999465       12.7151384    
  0.317999452       12.9852810    
  0.318999439       13.2554493    
  0.319999427       13.5256414    
  0.320999414       13.7958555    
  0.321999401       14.0660887    
  0.322999388       14.3363380    
  0.323999375       14.6066017    
  0.324999362       14.8768768    
  0.325999349       15.1471605    
  0.326999336       15.4174509    
  0.327999324       15.6877460    
  0.328999311       15.9580421    
  0.329999298       16.2283382    
  0.330999285       16.4986305    
  0.331999272       16.7689171    
  0.332999259       17.0391941    
  0.333999246       17.3094616    
  0.334999233       17.5797157    
  0.335999221       17.8499527    
  0.336999208       18.1201725    
  0.337999195       18.3903713    
  0.338999182       18.6605473    
  0.339999169       18.9306965    
  0.340999156       19.2008171    
  0.341999143       19.4709072    
  0.342999130       19.7409649    
  0.343999118       20.0109863    
  0.344999105       20.2809696    
  0.345999092       20.5509109    
  0.346999079       20.8208103    
  0.347999066       21.0906639    
  0.348999053       21.3604679    
  0.349999040       21.6302204    
  0.350999027       21.8999195    
  0.351999015       22.1695633    
  0.352999002       22.4391479    
  0.353998989       22.7086716    
  0.354998976       22.9781322    
  0.355998963       23.2475281    
  0.356998950       23.5168552    
  0.357998937       23.7861099    
  0.358998924       24.0552921    
  0.359998912       24.3243980    
  0.360998899       24.5934238    
  0.361998886       24.8623695    
  0.362998873       25.1312313    
  0.363998860       25.4000072    
  0.364998847       25.6686935    
  0.365998834       25.9372883    
  0.366998821       26.2057896    
  0.367998809       26.4741936    
  0.368998796       26.7424984    
  0.369998783       27.0107021    
  0.370998770       27.2788029    
  0.371998757       27.5467968    
  0.372998744       27.8146820    
  0.373998731       28.0824547    
  0.374998719       28.3501129    
  0.375998706       28.6176548    
  0.376998693       28.8850765    
  0.377998680       29.1523762    
  0.378998667       29.4195518    
  0.379998654       29.6865997    
  0.380998641       29.9535179    
  0.381998628       30.2203045    
  0.382998616       30.4869576    
  0.383998603       30.7534733    
  0.384998590       31.0198479    
  0.385998577       31.2860813    
  0.386998564       31.5521698    
  0.387998551       31.8181095    
  0.388998538       32.0839005    
  0.389998525       32.3495369    
  0.390998513       32.6150208    
  0.391998500       32.8803444    
  0.392998487       33.1455078    
  0.393998474       33.4105110    
  0.394998461       33.6753464    
  0.395998448       33.9400139    
  0.396998435       34.2045097    
  0.397998422       34.4688339    
  0.398998410       34.7329826    
  0.399998397       34.9969521    
  0.400998384       35.2607422    
  0.401998371       35.5243492    
  0.402998358       35.7877693    
  0.403998345       36.0510025    
  0.404998332       36.3140411    
  0.405998319       36.5768890    
  0.406998307       36.8395386    
  0.407998294       37.1019897    
  0.408998281       37.3642387    
  0.409998268       37.6262856    
  0.410998255       37.8881264    
  0.411998242       38.1497574    
  0.412998229       38.4111748    
  0.413998216       38.6723785    
  0.414998204       38.9333649    
  0.415998191       39.1941338    
  0.416998178       39.4546776    
  0.417998165       39.7150002    
  0.418998152       39.9750938    
  0.419998139       40.2349586    
  0.420998126       40.4945908    
  0.421998113       40.7539864    
  0.422998101       41.0131454    
  0.423998088       41.2720642    
  0.424998075       41.5307388    
  0.425998062       41.7891693    
  0.426998049       42.0473518    
  0.427998036       42.3052826    
  0.428998023       42.5629616    
  0.429998010       42.8203850    
  0.430997998       43.0775490    
  0.431997985       43.3344536    
  0.432997972       43.5910950    
  0.433997959       43.8474693    
  0.434997946       44.1035728    
  0.435997933       44.3594055    
  0.436997920       44.6149673    
  0.437997907       44.8702507    
  0.438997895       45.1252556    
  0.439997882       45.3799782    
  0.440997869       45.6344185    
  0.441997856       45.8885689    
  0.442997843       46.1424332    
  0.443997830       46.3960037    
  0.444997817       46.6492805    
  0.445997804       46.9022598    
  0.446997792       47.1549377    
  0.447997779       47.4073143    
  0.448997766       47.6593857    
  0.449997753       47.9111481    
  0.450997740       48.1626015    
  0.451997727       48.4137421    
  0.452997714       48.6645660    
  0.453997701       48.9150734    
  0.454997689       49.1652603    
  0.455997676       49.4151230    
  0.456997663       49.6646614    
  0.457997650       49.9138718    
  0.458997637       50.1627502    
  0.459997624       50.4112968    
  0.460997611       50.6595078    
  0.461997598       50.9073792    
  0.462997586       51.1549072    
  0.463997573       51.4020920    
  0.464997560       51.6489296    
  0.465997547       51.8954201    
  0.466997534       52.1415596    
  0.467997521       52.3873444    
  0.468997508       52.6327705    
  0.469997495       52.8778381    
  0.470997483       53.1225433    
  0.471997470       53.3668861    
  0.472997457       53.6108589    
  0.473997444       53.8544617    
  0.474997431       54.0976944    
  0.475997418       54.3405495    
  0.476997405       54.5830269    
  0.477997392       54.8251266    
  0.478997380       55.0668411    
  0.479997367       55.3081703    
  0.480997354       55.5491142    
  0.481997341       55.7896652    
  0.482997328       56.0298233    
  0.483997315       56.2695885    
  0.484997302       56.5089531    
  0.485997289       56.7479172    
  0.486997277       56.9864769    
  0.487997264       57.2246323    
  0.488997251       57.4623795    
  0.489997238       57.6997147    
  0.490997225       57.9366341    
  0.491997212       58.1731377    
  0.492997199       58.4092216    
  0.493997186       58.6448860    
  0.494997174       58.8801270    
  0.495997161       59.1149406    
  0.496997148       59.3493233    
  0.497997135       59.5832748    
  0.498997122       59.8167915    
  0.499997109       60.0498695    
  0.500997126       60.2825089    
  0.501997113       60.5147057    
  0.502997100       60.7464600    
  0.503997087       60.9777641    
  0.504997075       61.2086182    
  0.505997062       61.4390221    
  0.506997049       61.6689682    
  0.507997036       61.8984566    
  0.508997023       62.1274872    
  0.509997010       62.3560524    
  0.510996997       62.5841522    
  0.511996984       62.8117867    
  0.512996972       63.0389481    
  0.513996959       63.2656364    
  0.514996946       63.4918518    
  0.515996933       63.7175865    
  0.516996920       63.9428406    
  0.517996907       64.1676102    
  0.518996894       64.3918915    
  0.519996881       64.6156845    
  0.520996869       64.8389893    
  0.521996856       65.0617981    
  0.522996843       65.2841110    
  0.523996830       65.5059280    
  0.524996817       65.7272415    
  0.525996804       65.9480515    
  0.526996791       66.1683578    
  0.527996778       66.3881531    
  0.528996766       66.6074371    
  0.529996753       66.8262024    
  0.530996740       67.0444565    
  0.531996727       67.2621918    
  0.532996714       67.4794006    
  0.533996701       67.6960831    
  0.534996688       67.9122391    
  0.535996675       68.1278687    
  0.536996663       68.3429642    
  0.537996650       68.5575256    
  0.538996637       68.7715530    
  0.539996624       68.9850388    
  0.540996611       69.1979828    
  0.541996598       69.4103775    
  0.542996585       69.6222305    
  0.543996572       69.8335342    
  0.544996560       70.0442810    
  0.545996547       70.2544708    
  0.546996534       70.4641037    
  0.547996521       70.6731796    
  0.548996508       70.8816910    
  0.549996495       71.0896378    
  0.550996482       71.2970200    
  0.551996469       71.5038300    
  0.552996457       71.7100677    
  0.553996444       71.9157257    
  0.554996431       72.1208115    
  0.555996418       72.3253174    
  0.556996405       72.5292358    
  0.557996392       72.7325668    
  0.558996379       72.9353104    
  0.559996367       73.1374664    
  0.560996354       73.3390274    
  0.561996341       73.5399933    
  0.562996328       73.7403641    
  0.563996315       73.9401321    
  0.564996302       74.1392975    
  0.565996289       74.3378601    
  0.566996276       74.5358124    
  0.567996264       74.7331543    
  0.568996251       74.9298782    
  0.569996238       75.1259918    
  0.570996225       75.3214874    
  0.571996212       75.5163574    
  0.572996199       75.7106094    
  0.573996186       75.9042358    
  0.574996173       76.0972290    
  0.575996161       76.2895966    
  0.576996148       76.4813309    
  0.577996135       76.6724243    
  0.578996122       76.8628845    
  0.579996109       77.0527039    
  0.580996096       77.2418747    
  0.581996083       77.4304047    
  0.582996070       77.6182861    
  0.583996058       77.8055191    
  0.584996045       77.9920959    
  0.585996032       78.1780167    
  0.586996019       78.3632812    
  0.587996006       78.5478821    
  0.588995993       78.7318192    
  0.589995980       78.9150925    
  0.590995967       79.0976944    
  0.591995955       79.2796326    
  0.592995942       79.4608917    
  0.593995929       79.6414795    
  0.594995916       79.8213882    
  0.595995903       80.0006180    
  0.596995890       80.1791611    
  0.597995877       80.3570251    
  0.598995864       80.5341949    
  0.599995852       80.7106781    
  0.600995839       80.8864670    
  0.601995826       81.0615616    
  0.602995813       81.2359619    
  0.603995800       81.4096603    
  0.604995787       81.5826569    
  0.605995774       81.7549438    
  0.606995761       81.9265289    
  0.607995749       82.0974045    
  0.608995736       82.2675629    
  0.609995723       82.4370117    
  0.610995710       82.6057434    
  0.611995697       82.7737503    
  0.612995684       82.9410400    
  0.613995671       83.1076050    
  0.614995658       83.2734451    
  0.615995646       83.4385529    
  0.616995633       83.6029282    
  0.617995620       83.7665710    
  0.618995607       83.9294739    
  0.619995594       84.0916443    
  0.620995581       84.2530746    
  0.621995568       84.4137573    
  0.622995555       84.5736923    
  0.623995543       84.7328796    
  0.624995530       84.8913193    
  0.625995517       85.0490036    
  0.626995504       85.2059326    
  0.627995491       85.3621063    
  0.628995478       85.5175171    
  0.629995465       85.6721649    
  0.630995452       85.8260498    
  0.631995440       85.9791641    
  0.632995427       86.1315079    
  0.633995414       86.2830811    
  0.634995401       86.4338760    
  0.635995388       86.5839005    
  0.636995375       86.7331390    
  0.637995362       86.8815994    
  0.638995349       87.0292740    
  0.639995337       87.1761627    
  0.640995324       87.3222656    
  0.641995311       87.4675751    
  0.642995298       87.6120911    
  0.643995285       87.7558136    
  0.644995272       87.8987350    
  0.645995259       88.0408554    
  0.646995246       88.1821747    
  0.647995234       88.3226852    
  0.648995221       88.4623871    
  0.649995208       88.6012802    
  0.650995195       88.7393646    
  0.651995182       88.8766327    
  0.652995169       89.0130844    
  0.653995156       89.1487198    
  0.654995143       89.2835312    
  0.655995131       89.4175186    
  0.656995118       89.5506821    
  0.657995105       89.6830139    
  0.658995092       89.8145142    
  0.659995079       89.9451828    
  0.660995066       90.0750122    
  0.661995053       90.2040100    
  0.662995040       90.3321609    
  0.663995028       90.4594727    
  0.664995015       90.5859375    
  0.665995002       90.7115555    
  0.666994989       90.8363266    
  0.667994976       90.9602432    
  0.668994963       91.0833130    
  0.669994950       91.2055206    
  0.670994937       91.3268738    
  0.671994925       91.4473648    
  0.672994912       91.5669937    
  0.673994899       91.6857605    
  0.674994886       91.8036575    
  0.675994873       91.9206848    
  0.676994860       92.0368423    
  0.677994847       92.1521225    
  0.678994834       92.2665253    
  0.679994822       92.3800507    
  0.680994809       92.4926987    
  0.681994796       92.6044617    
  0.682994783       92.7153397    
  0.683994770       92.8253250    
  0.684994757       92.9344254    
  0.685994744       93.0426331    
  0.686994731       93.1499481    
  0.687994719       93.2563629    
  0.688994706       93.3618774    
  0.689994693       93.4664917    
  0.690994680       93.5702057    
  0.691994667       93.6730118    
  0.692994654       93.7749100    
  0.693994641       93.8759003    
  0.694994628       93.9759827    
  0.695994616       94.0751495    
  0.696994603       94.1734009    
  0.697994590       94.2707291    
  0.698994577       94.3671417    
  0.699994564       94.4626312    
  0.700994551       94.5571899    
  0.701994538       94.6508255    
  0.702994525       94.7435303    
  0.703994513       94.8353043    
  0.704994500       94.9261475    
  0.705994487       95.0160522    
  0.706994474       95.1050186    
  0.707994461       95.1930466    
  0.708994448       95.2801285    
  0.709994435       95.3662720    
  0.710994422       95.4514694    
  0.711994410       95.5357132    
  0.712994397       95.6190109    
  0.713994384       95.7013550    
  0.714994371       95.7827454    
  0.715994358       95.8631744    
  0.716994345       95.9426422    
  0.717994332       96.0211487    
  0.718994319       96.0986938    
  0.719994307       96.1752777    
  0.720994294       96.2508926    
  0.721994281       96.3255386    
  0.722994268       96.3992081    
  0.723994255       96.4719086    
  0.724994242       96.5436325    
  0.725994229       96.6143723    
  0.726994216       96.6841354    
  0.727994204       96.7529144    
  0.728994191       96.8207092    
  0.729994178       96.8875198    
  0.730994165       96.9533386    
  0.731994152       97.0181732    
  0.732994139       97.0820160    
  0.733994126       97.1448593    
  0.734994113       97.2067108    
  0.735994101       97.2675629    
  0.736994088       97.3274155    
  0.737994075       97.3862610    
  0.738994062       97.4441071    
  0.739994049       97.5009460    
  0.740994036       97.5567703    
  0.741994023       97.6115875    
  0.742994010       97.6653900    
  0.743993998       97.7181778    
  0.744993985       97.7699509    
  0.745993972       97.8207016    
  0.746993959       97.8704376    
  0.747993946       97.9191513    
  0.748993933       97.9668350    
  0.749993920       98.0134964    
  0.750993907       98.0591278    
  0.751993895       98.1037292    
  0.752993882       98.1473007    
  0.753993869       98.1898346    
  0.754993856       98.2313309    
  0.755993843       98.2717896    
  0.756993830       98.3112106    
  0.757993817       98.3495865    
  0.758993804       98.3869171    
  0.759993792       98.4232025    
  0.760993779       98.4584427    
  0.761993766       98.4926300    
  0.762993753       98.5257645    
  0.763993740       98.5578461    
  0.764993727       98.5888748    
  0.765993714       98.6188431    
  0.766993701       98.6477509    
  0.767993689       98.6755981    
  0.768993676       98.7023849    
  0.769993663       98.7281036    
  0.770993650       98.7527542    
  0.771993637       98.7763367    
  0.772993624       98.7988510    
  0.773993611       98.8202896    
  0.774993598       98.8406601    
  0.775993586       98.8599472    
  0.776993573       98.8781586    
  0.777993560       98.8952942    
  0.778993547       98.9113464    
  0.779993534       98.9263153    
  0.780993521       98.9402008    
  0.781993508       98.9529953    
  0.782993495       98.9646988    
  0.783993483       98.9753113    
  0.784993470       98.9848328    
  0.785993457       98.9932632    
  0.786993444       99.0005951    
  0.787993431       99.0068283    
  0.788993418       99.0119629    
  0.789993405       99.0159912    
  0.790993392       99.0189209    
  0.791993380       99.0207443    
  0.792993367       99.0214615    
  0.793993354       99.0210648    
  0.794993341       99.0195618    
  0.795993328       99.0169449    
  0.796993315       99.0132141    
  0.797993302       99.0083694    
  0.798993289       99.0024033    
  0.799993277       98.9953232    
  0.800993264       98.9871216    
  0.801993251       98.9777985    
  0.802993238       98.9673462    
  0.803993225       98.9557724    
  0.804993212       98.9430695    
  0.805993199       98.9292374    
  0.806993186       98.9142685    
  0.807993174       98.8981705    
  0.808993161       98.8809357    
  0.809993148       98.8625641    
  0.810993135       98.8430557    
  0.811993122       98.8224106    
  0.812993109       98.8006210    
  0.813993096       98.7776871    
  0.814993083       98.7536087    
  0.815993071       98.7283859    
  0.816993058       98.7020187    
  0.817993045       98.6744995    
  0.818993032       98.6458282    
  0.819993019       98.6160049    
  0.820993006       98.5850296    
  0.821992993       98.5528946    
  0.822992980       98.5195999    
  0.823992968       98.4851532    
  0.824992955       98.4495392    
  0.825992942       98.4127655    
  0.826992929       98.3748245    
  0.827992916       98.3357239    
  0.828992903       98.2954559    
  0.829992890       98.2540207    
  0.830992877       98.2114105    
  0.831992865       98.1676331    
  0.832992852       98.1226807    
  0.833992839       98.0765533    
  0.834992826       98.0292511    
  0.835992813       97.9807663    
  0.836992800       97.9311066    
  0.837992787       97.8802643    
  0.838992774       97.8282394    
  0.839992762       97.7750320    
  0.840992749       97.7206345    
  0.841992736       97.6650543    
  0.842992723       97.6082840    
  0.843992710       97.5503235    
  0.844992697       97.4911728    
  0.845992684       97.4308243    
  0.846992671       97.3692856    
  0.847992659       97.3065491    
  0.848992646       97.2426147    
  0.849992633       97.1774826    
  0.850992620       97.1111526    
  0.851992607       97.0436172    
  0.852992594       96.9748840    
  0.853992581       96.9049454    
  0.854992568       96.8338013    
  0.855992556       96.7614517    
  0.856992543       96.6878891    
  0.857992530       96.6131210    
  0.858992517       96.5371399    
  0.859992504       96.4599457    
  0.860992491       96.3815384    
  0.861992478       96.3019104    
  0.862992465       96.2210693    
  0.863992453       96.1390076    
  0.864992440       96.0557251    
  0.865992427       95.9712219    
  0.866992414       95.8854980    
  0.867992401       95.7985535    
  0.868992388       95.7103806    
  0.869992375       95.6209793    
  0.870992362       95.5303497    
  0.871992350       95.4384918    
  0.872992337       95.3454056    
  0.873992324       95.2510910    
  0.874992311       95.1555405    
  0.875992298       95.0587540    
  0.876992285       94.9607391    
  0.877992272       94.8614807    
  0.878992260       94.7609863    
  0.879992247       94.6592560    
  0.880992234       94.5562820    
  0.881992221       94.4520645    
  0.882992208       94.3466110    
  0.883992195       94.2399139    
  0.884992182       94.1319656    
  0.885992169       94.0227737    
  0.886992157       93.9123306    
  0.887992144       93.8006439    
  0.888992131       93.6877060    
  0.889992118       93.5735168    
  0.890992105       93.4580765    
  0.891992092       93.3413773    
  0.892992079       93.2234268    
  0.893992066       93.1042175    
  0.894992054       92.9837570    
  0.895992041       92.8620377    
  0.896992028       92.7390594    
  0.897992015       92.6148148    
  0.898992002       92.4893112    
  0.899991989       92.3625488    
  0.900991976       92.2345200    
  0.901991963       92.1052246    
  0.902991951       91.9746628    
  0.903991938       91.8428345    
  0.904991925       91.7097397    
  0.905991912       91.5753784    
  0.906991899       91.4397430    
  0.907991886       91.3028336    
  0.908991873       91.1646576    
  0.909991860       91.0252075    
  0.910991848       90.8844833    
  0.911991835       90.7424774    
  0.912991822       90.5991974    
  0.913991809       90.4546432    
  0.914991796       90.3088074    
  0.915991783       90.1616898    
  0.916991770       90.0132980    
  0.917991757       89.8636246    
  0.918991745       89.7126694    
  0.919991732       89.5604248    
  0.920991719       89.4068985    
  0.921991706       89.2520905    
  0.922991693       89.0959930    
  0.923991680       88.9386063    
  0.924991667       88.7799301    
  0.925991654       88.6199646    
  0.926991642       88.4587097    
  0.927991629       88.2961655    
  0.928991616       88.1323318    
  0.929991603       87.9672012    
  0.930991590       87.8007812    
  0.931991577       87.6330643    
  0.932991564       87.4640503    
  0.933991551       87.2937393    
  0.934991539       87.1221313    
  0.935991526       86.9492264    
  0.936991513       86.7750244    
  0.937991500       86.5995255    
  0.938991487       86.4227219    
  0.939991474       86.2446213    
  0.940991461       86.0652161    
  0.941991448       85.8845062    
  0.942991436       85.7024994    
  0.943991423       85.5191879    
  0.944991410       85.3345718    
  0.945991397       85.1486435    
  0.946991384       84.9614105    
  0.947991371       84.7728729    
  0.948991358       84.5830231    
  0.949991345       84.3918686    
  0.950991333       84.1994019    
  0.951991320       84.0056229    
  0.952991307       83.8105316    
  0.953991294       83.6141357    
  0.954991281       83.4164200    
  0.955991268       83.2173920    
  0.956991255       83.0170517    
  0.957991242       82.8153992    
  0.958991230       82.6124268    
  0.959991217       82.4081421    
  0.960991204       82.2025375    
  0.961991191       81.9956207    
  0.962991178       81.7873840    
  0.963991165       81.5778275    
  0.964991152       81.3669510    
  0.965991139       81.1547546    
  0.966991127       80.9412384    
  0.967991114       80.7264023    
  0.968991101       80.5102463    
  0.969991088       80.2927704    
  0.970991075       80.0739746    
  0.971991062       79.8538513    
  0.972991049       79.6324081    
  0.973991036       79.4096375    
  0.974991024       79.1855392    
  0.975991011       78.9601212    
  0.976990998       78.7333755    
  0.977990985       78.5053024    
  0.978990972       78.2759018    
  0.979990959       78.0451736    
  0.980990946       77.8131180    
  0.981990933       77.5797348    
  0.982990921       77.3450241    
  0.983990908       77.1089859    
  0.984990895       76.8716202    
  0.985990882       76.6329193    
  0.986990869       76.3928909    
  0.987990856       76.1515350    
  0.988990843       75.9088440    
  0.989990830       75.6648254    
  0.990990818       75.4194717    
  0.991990805       75.1727829    
  0.992990792       74.9247665    
  0.993990779       74.6754150    
  0.994990766       74.4247284    
  0.995990753       74.1727066    
  0.996990740       73.9193573    
  0.997990727       73.6646729    
  0.998990715       73.4086533    
  0.999990702       73.1512985    
   1.00099075       72.8926086    
   1.00199080       72.6325836    
   1.00299084       72.3712234    
   1.00399089       72.1085205    
   1.00499094       71.8444824    
   1.00599098       71.5791092    
   1.00699103       71.3124008    
   1.00799108       71.0443497    
   1.00899112       70.7749634    
   1.00999117       70.5042419    
   1.01099122       70.2321854    
   1.01199126       69.9587860    
   1.01299131       69.6840515    
   1.01399136       69.4079742    
   1.01499140       69.1305618    
   1.01599145       68.8518066    
   1.01699150       68.5717163    
   1.01799154       68.2902832    
   1.01899159       68.0075150    
   1.01999164       67.7234039    
   1.02099168       67.4379578    
   1.02199173       67.1511688    
   1.02299178       66.8630447    
   1.02399182       66.5735779    
   1.02499187       66.2827682    
   1.02599192       65.9906235    
   1.02699196       65.6971359    
   1.02799201       65.4023056    
   1.02899206       65.1061401    
   1.02999210       64.8086319    
   1.03099215       64.5097885    
   1.03199220       64.2096024    
   1.03299224       63.9080734    
   1.03399229       63.6052055    
   1.03499234       63.3009987    
   1.03599238       62.9954529    
   1.03699243       62.6885643    
   1.03799248       62.3803368    
   1.03899252       62.0707703    
   1.03999257       61.7598610    
   1.04099262       61.4476128    
   1.04199266       61.1340256    
   1.04299271       60.8190994    
   1.04399276       60.5028343    
   1.04499280       60.1852303    
   1.04599285       59.8662872    
   1.04699290       59.5460052    
   1.04799294       59.2243843    
   1.04899299       58.9014244    
   1.04999304       58.5771255    
   1.05099308       58.2514877    
   1.05199313       57.9245110    
   1.05299318       57.5961952    
   1.05399323       57.2665405    
   1.05499327       56.9355507    
   1.05599332       56.6032219    
   1.05699337       56.2695580    
   1.05799341       55.9345551    
   1.05899346       55.5982170    
   1.05999351       55.2605400    
   1.06099355       54.9215279    
   1.06199360       54.5811806    
   1.06299365       54.2394981    
   1.06399369       53.8964806    
   1.06499374       53.5521278    
   1.06599379       53.2064400    
   1.06699383       52.8594170    
   1.06799388       52.5110588    
   1.06899393       52.1613693    
   1.06999397       51.8103447    
   1.07099402       51.4579887    
   1.07199407       51.1043015    
   1.07299411       50.7492790    
   1.07399416       50.3929253    
   1.07499421       50.0352402    
   1.07599425       49.6762238    
   1.07699430       49.3158798    
   1.07799435       48.9542046    
   1.07899439       48.5911980    
   1.07999444       48.2268639    
   1.08099449       47.8612022    
   1.08199453       47.4942131    
   1.08299458       47.1258965    
   1.08399463       46.7562523    
   1.08499467       46.3852806    
   1.08599472       46.0129814    
   1.08699477       45.6393585    
   1.08799481       45.2644119    
   1.08899486       44.8881416    
   1.08999491       44.5105476    
   1.09099495       44.1316299    
   1.09199500       43.7513885    
   1.09299505       43.3698235    
   1.09399509       42.9869385    
   1.09499514       42.6027336    
   1.09599519       42.2172089    
   1.09699523       41.8303642    
   1.09799528       41.4421997    
   1.09899533       41.0527191    
   1.09999537       40.6619225    
   1.10099542       40.2698059    
   1.10199547       39.8763733    
   1.10299551       39.4816284    
   1.10399556       39.0855675    
   1.10499561       38.6881943    
   1.10599566       38.2895088    
   1.10699570       37.8895111    
   1.10799575       37.4882011    
   1.10899580       37.0855789    
   1.10999584       36.6816483    
   1.11099589       36.2764091    
   1.11199594       35.8698616    
   1.11299598       35.4620056    
   1.11399603       35.0528450    
   1.11499608       34.6423759    
   1.11599612       34.2306023    
   1.11699617       33.8175240    
   1.11799622       33.4031448    
   1.11899626       32.9874611    
   1.11999631       32.5704765    
   1.12099636       32.1521950    
   1.12199640       31.7326126    
   1.12299645       31.3117313    
   1.12399650       30.8895531    
   1.12499654       30.4660778    
   1.12599659       30.0413074    
   1.12699664       29.6152420    
   1.12799668       29.1878834    
   1.12899673       28.7592316    
   1.12999678       28.3292885    
   1.13099682       27.8980560    
   1.13199687       27.4655342    
   1.13299692       27.0317230    
   1.13399696       26.5966244    
   1.13499701       26.1602402    
   1.13599706       25.7225704    
   1.13699710       25.2836170    
   1.13799715       24.8433819    
   1.13899720       24.4018650    
   1.13999724       23.9590664    
   1.14099729       23.5149899    
   1.14199734       23.0696335    
   1.14299738       22.6230011    
   1.14399743       22.1750927    
   1.14499748       21.7259102    
   1.14599752       21.2754536    
   1.14699757       20.8237247    
   1.14799762       20.3707256    
   1.14899766       19.9164562    
   1.14999771       19.4609184    
   1.15099776       19.0041142    
   1.15199780       18.5460434    
   1.15299785       18.0867081    
   1.15399790       17.6261101    
   1.15499794       17.1642494    
   1.15599799       16.7011280    
   1.15699804       16.2367477    
   1.15799809       15.7711096    
   1.15899813       15.3042145    
   1.15999818       14.8360643    
   1.16099823       14.3666611    
   1.16199827       13.8960056    
   1.16299832       13.4240990    
   1.16399837       12.9509430    
   1.16499841       12.4765387    
   1.16599846       12.0008879    
   1.16699851       11.5239916    
   1.16799855       11.0458517    
   1.16899860       10.5664701    
   1.16999865       10.0858479    
   1.17099869       9.60398674    
   1.17199874       9.12088776    
   1.17299879       8.63655281    
   1.17399883       8.15098381    
   1.17499888       7.66418171    
   1.17599893       7.17614841    
   1.17699897       6.68688536    
   1.17799902       6.19639444    
   1.17899907       5.70467710    
   1.17999911       5.21173477    
   1.18099916       4.71756935    
   1.18199921       4.22218227    
   1.18299925       3.72557545    
   1.18399930       3.22775054    
   1.18499935       2.72870922    
   1.18599939       2.22845316    
   1.18699944       1.72698402    
   1.18799949       1.22430372    
   1.18899953      0.720413923    
   1.18999958      0.215316355    
   1.19099963     -0.290987253    
   1.19199967     -0.798494995    
   1.19299972      -1.30720520    
   1.19399977      -1.81711578    
   1.19499981      -2.32822514    
   1.19599986      -2.84053135    
   1.19699991      -3.35403275    
   1.19799995      -3.86872745    
   1.19900000      -4.38461351    
   1.20000005      -4.90168858    
   1.20100009      -5.41995144    
   1.20200014      -5.93939972    
   1.20300019      -6.46003199    
   1.20400023      -6.98184586    
   1.20500028      -7.50483942    
   1.20600033      -8.02901077    
   1.20700037      -8.55435753    
   1.20800042      -9.08087826    
   1.20900047      -9.60857105    
   1.21000051      -10.1374340    
   1.21100056      -10.6674643    
   1.21200061      -11.1986599    
   1.21300066      -11.7310190    
   1.21400070      -12.2645397    
   1.21500075      -12.7992201    
   1.21600080      -13.3350582    
   1.21700084      -13.8720512    
   1.21800089      -14.4101973    
   1.21900094      -14.9494944    
   1.22000098      -15.4899397    
   1.22100103      -16.0315323    
   1.22200108      -16.5742683    
   1.22300112      -17.1181469    
   1.22400117      -17.6631660    
   1.22500122      -18.2093220    
   1.22600126      -18.7566147    
   1.22700131      -19.3050404    
   1.22800136      -19.8545971    
   1.22900140      -20.4052830    
   1.23000145      -20.9570942    
   1.23100150      -21.5100307    
   1.23200154      -22.0640888    
   1.23300159      -22.6192665    
   1.23400164      -23.1755600    
   1.23500168      -23.7329693    
   1.23600173      -24.2914906    
   1.23700178      -24.8511219    
   1.23800182      -25.4118614    
   1.23900187      -25.9737053    
   1.24000192      -26.5366516    
   1.24100196      -27.1006985    
   1.24200201      -27.6658440    
   1.24300206      -28.2320843    
   1.24400210      -28.7994175    
   1.24500215      -29.3678417    
   1.24600220      -29.9373531    
   1.24700224      -30.5079498    
   1.24800229      -31.0796280    
   1.24900234      -31.6523876    
   1.25000238      -32.2262230    
   1.25100243      -32.8011360    
   1.25200248      -33.3771210    
   1.25300252      -33.9541740    
   1.25400257      -34.5322952    
   1.25500262      -35.1114807    
   1.25600266      -35.6917267    
   1.25700271      -36.2730331    
   1.25800276      -36.8553963    
   1.25900280      -37.4388123    
   1.26000285      -38.0232811    
   1.26100290      -38.6087990    
   1.26200294      -39.1953621    
   1.26300299      -39.7829666    
   1.26400304      -40.3716125    
   1.26500309      -40.9612961    
   1.26600313      -41.5520134    
   1.26700318      -42.1437607    
   1.26800323      -42.7365379    
   1.26900327      -43.3303413    
   1.27000332      -43.9251671    
   1.27100337      -44.5210114    
   1.27200341      -45.1178741    
   1.27300346      -45.7157516    
   1.27400351      -46.3146400    
   1.27500355      -46.9145393    
   1.27600360      -47.5154419    
   1.27700365      -48.1173477    
   1.27800369      -48.7202530    
   1.27900374      -49.3241539    
   1.28000379      -49.9290504    
   1.28100383      -50.5349388    
   1.28200388      -51.1418114    
   1.28300393      -51.7496681    
   1.28400397      -52.3585091    
   1.28500402      -52.9683266    
   1.28600407      -53.5791206    
   1.28700411      -54.1908875    
   1.28800416      -54.8036232    
   1.28900421      -55.4173241    
   1.29000425      -56.0319862    
   1.29100430      -56.6476097    
   1.29200435      -57.2641907    
   1.29300439      -57.8817215    
   1.29400444      -58.5002022    
   1.29500449      -59.1196327    
   1.29600453      -59.7400055    
   1.29700458      -60.3613167    
   1.29800463      -60.9835663    
   1.29900467      -61.6067505    
   1.30000472      -62.2308655    
   1.30100477      -62.8559036    
   1.30200481      -63.4818687    
   1.30300486      -64.1087494    
   1.30400491      -64.7365494    
   1.30500495      -65.3652649    
   1.30600500      -65.9948883    
   1.30700505      -66.6254196    
   1.30800509      -67.2568512    
   1.30900514      -67.8891830    
   1.31000519      -68.5224152    
   1.31100523      -69.1565399    
   1.31200528      -69.7915497    
   1.31300533      -70.4274445    
   1.31400537      -71.0642242    
   1.31500542      -71.7018814    
   1.31600547      -72.3404160    
   1.31700552      -72.9798203    
   1.31800556      -73.6200943    
   1.31900561      -74.2612305    
   1.32000566      -74.9032288    
   1.32100570      -75.5460815    
   1.32200575      -76.1897888    
   1.32300580      -76.8343506    
   1.32400584      -77.4797592    
   1.32500589      -78.1260071    
   1.32600594      -78.7730942    
   1.32700598      -79.4210129    
   1.32800603      -80.0697632    
   1.32900608      -80.7193451    
   1.33000612      -81.3697510    
   1.33100617      -82.0209732    
   1.33200622      -82.6730118    
   1.33300626      -83.3258591    
   1.33400631      -83.9795151    
   1.33500636      -84.6339798    
   1.33600640      -85.2892456    
   1.33700645      -85.9453049    
   1.33800650      -86.6021576    
   1.33900654      -87.2598038    
   1.34000659      -87.9182281    
   1.34100664      -88.5774384    
   1.34200668      -89.2374268    
   1.34300673      -89.8981857    
   1.34400678      -90.5597153    
   1.34500682      -91.2220078    
   1.34600687      -91.8850632    
   1.34700692      -92.5488739    
   1.34800696      -93.2134399    
   1.34900701      -93.8787537    
   1.35000706      -94.5448074    
   1.35100710      -95.2116013    
   1.35200715      -95.8791351    
   1.35300720      -96.5474014    
   1.35400724      -97.2163925    
   1.35500729      -97.8861084    
   1.35600734      -98.5565414    
   1.35700738      -99.2276917    
   1.35800743      -99.8995514    
   1.35900748      -100.572121    
   1.36000752      -101.245392    
   1.36100757      -101.919365    
   1.36200762      -102.594032    
   1.36300766      -103.269386    
   1.36400771      -103.945427    
   1.36500776      -104.622147    
   1.36600780      -105.299545    
   1.36700785      -105.977615    
   1.36800790      -106.656357    
   1.36900795      -107.335754    
   1.37000799      -108.015816    
   1.37100804      -108.696533    
   1.37200809      -109.377899    
   1.37300813      -110.059906    
   1.37400818      -110.742554    
   1.37500823      -111.425842    
   1.37600827      -112.109764    
   1.37700832      -112.794312    
   1.37800837      -113.479485    
   1.37900841      -114.165276    
   1.38000846      -114.851677    
   1.38100851      -115.538689    
   1.38200855      -116.226303    
   1.38300860      -116.914520    
   1.38400865      -117.603333    
   1.38500869      -118.292732    
   1.38600874      -118.982719    
   1.38700879      -119.673286    
   1.38800883      -120.364426    
   1.38900888      -121.056137    
   1.39000893      -121.748421    
   1.39100897      -122.441261    
   1.39200902      -123.134659    
   1.39300907      -123.828613    
   1.39400911      -124.523109    
   1.39500916      -125.218147    
   1.39600921      -125.913727    
   1.39700925      -126.609840    
   1.39800930      -127.306480    
   1.39900935      -128.003647    
   1.40000939      -128.701324    
   1.40100944      -129.399521    
   1.40200949      -130.098221    
   1.40300953      -130.797424    
   1.40400958      -131.497131    
   1.40500963      -132.197327    
   1.40600967      -132.898010    
   1.40700972      -133.599167    
   1.40800977      -134.300812    
   1.40900981      -135.002930    
   1.41000986      -135.705505    
   1.41100991      -136.408554    
   1.41200995      -137.112061    
   1.41301000      -137.816010    
   1.41401005      -138.520401    
   1.41501009      -139.225235    
   1.41601014      -139.930511    
   1.41701019      -140.636215    
   1.41801023      -141.342346    
   1.41901028      -142.048889    
   1.42001033      -142.755859    
   1.42101038      -143.463242    
   1.42201042      -144.171021    
   1.42301047      -144.879196    
   1.42401052      -145.587769    
   1.42501056      -146.296722    
   1.42601061      -147.006058    
   1.42701066      -147.715775    
   1.42801070      -148.425873    
   1.42901075      -149.136322    
   1.43001080      -149.847137    
   1.43101084      -150.558304    
   1.43201089      -151.269821    
   1.43301094      -151.981689    
   1.43401098      -152.693893    
   1.43501103      -153.406433    
   1.43601108      -154.119293    
   1.43701112      -154.832474    
   1.43801117      -155.545975    
   1.43901122      -156.259781    
   1.44001126      -156.973892    
   1.44101131      -157.688309    
   1.44201136      -158.403015    
   1.44301140      -159.118011    
   1.44401145      -159.833298    
   1.44501150      -160.548859    
   1.44601154      -161.264679    
   1.44701159      -161.980774    
   1.44801164      -162.697128    
   1.44901168      -163.413727    
   1.45001173      -164.130569    
   1.45101178      -164.847656    
   1.45201182      -165.564987    
   1.45301187      -166.282547    
   1.45401192      -167.000320    
   1.45501196      -167.718307    
   1.45601201      -168.436508    
   1.45701206      -169.154922    
   1.45801210      -169.873535    
   1.45901215      -170.592331    
   1.46001220      -171.311325    
   1.46101224      -172.030502    
   1.46201229      -172.749847    
   1.46301234      -173.469360    
   1.46401238      -174.189041    
   1.46501243      -174.908875    
   1.46601248      -175.628860    
   1.46701252      -176.348984    
   1.46801257      -177.069244    
   1.46901262      -177.789642    
   1.47001266      -178.510162    
   1.47101271      -179.230804    
   1.47201276      -179.951553    
   1.47301280      -180.672409    
   1.47401285      -181.393372    
   1.47501290      -182.114426    
   1.47601295      -182.835571    
   1.47701299      -183.556793    
   1.47801304      -184.278091    
   1.47901309      -184.999466    
   1.48001313      -185.720901    
   1.48101318      -186.442383    
   1.48201323      -187.163925    
   1.48301327      -187.885498    
   1.48401332      -188.607117    
   1.48501337      -189.328766    
   1.48601341      -190.050430    
   1.48701346      -190.772110    
   1.48801351      -191.493805    
   1.48901355      -192.215500    
   1.49001360      -192.937195    
   1.49101365      -193.658875    
   1.49201369      -194.380539    
   1.49301374      -195.102173    
   1.49401379      -195.823776    
   1.49501383      -196.545349    
   1.49601388      -197.266876    
   1.49701393      -197.988358    
   1.49801397      -198.709778    
   1.49901402      -199.431137    
   1.50001407      -200.152420    
   1.50101411      -200.873627    
   1.50201416      -201.594757    
   1.50301421      -202.315796    
   1.50401425      -203.036728    
   1.50501430      -203.757553    
   1.50601435      -204.478271    
   1.50701439      -205.198868    
   1.50801444      -205.919342    
   1.50901449      -206.639679    
   1.51001453      -207.359879    
   1.51101458      -208.079926    
   1.51201463      -208.799820    
   1.51301467      -209.519547    
   1.51401472      -210.239105    
   1.51501477      -210.958496    
   1.51601481      -211.677704    
   1.51701486      -212.396713    
   1.51801491      -213.115524    
   1.51901495      -213.834137    
   1.52001500      -214.552536    
   1.52101505      -215.270706    
   1.52201509      -215.988663    
   1.52301514      -216.706375    
   1.52401519      -217.423843    
   1.52501523      -218.141068    
   1.52601528      -218.858032    
   1.52701533      -219.574738    
   1.52801538      -220.291168    
   1.52901542      -221.007324    
   1.53001547      -221.723190    
   1.53101552      -222.438766    
   1.53201556      -223.154053    
   1.53301561      -223.869019    
   1.53401566      -224.583679    
   1.53501570      -225.298004    
   1.53601575      -226.012009    
   1.53701580      -226.725677    
   1.53801584      -227.438995    
   1.53901589      -228.151962    
   1.54001594      -228.864563    
   1.54101598      -229.576797    
   1.54201603      -230.288651    
   1.54301608      -231.000122    
   1.54401612      -231.711197    
   1.54501617      -232.421875    
   1.54601622      -233.132141    
   1.54701626      -233.841995    
   1.54801631      -234.551422    
   1.54901636      -235.260422    
   1.55001640      -235.968979    
   1.55101645      -236.677094    
   1.55201650      -237.384750    
   1.55301654      -238.091949    
   1.55401659      -238.798676    
   1.55501664      -239.504929    
   1.55601668      -240.210693    
   1.55701673      -240.915955    
   1.55801678      -241.620712    
   1.55901682      -242.324966    
   1.56001687      -243.028702    
   1.56101692      -243.731903    
   1.56201696      -244.434570    
   1.56301701      -245.136703    
   1.56401706      -245.838287    
   1.56501710      -246.539307    
   1.56601715      -247.239761    
   1.56701720      -247.939636    
   1.56801724      -248.638931    
   1.56901729      -249.337631    
   1.57001734      -250.035721    
   1.57101738      -250.733200    
   1.57201743      -251.430069    
   1.57301748      -252.126312    
   1.57401752      -252.821915    
   1.57501757      -253.516876    
   1.57601762      -254.211197    
   1.57701766      -254.904846    
   1.57801771      -255.597839    
   1.57901776      -256.290161    
   1.58001781      -256.981781    
   1.58101785      -257.672699    
   1.58201790      -258.362915    
   1.58301795      -259.052429    
   1.58401799      -259.741241    
   1.58501804      -260.429321    
   1.58601809      -261.116669    
   1.58701813      -261.803253    
   1.58801818      -262.489075    
   1.58901823      -263.174133    
   1.59001827      -263.858429    
   1.59101832      -264.541962    
   1.59201837      -265.224701    
   1.59301841      -265.906647    
   1.59401846      -266.587769    
   1.59501851      -267.268066    
   1.59601855      -267.947540    
   1.59701860      -268.626190    
   1.59801865      -269.303986    
   1.59901869      -269.980957    
   1.60001874      -270.657043    
   1.60101879      -271.332275    
   1.60201883      -272.006622    
   1.60301888      -272.680084    
   1.60401893      -273.352661    
   1.60501897      -274.024323    
   1.60601902      -274.695068    
   1.60701907      -275.364899    
   1.60801911      -276.033783    
   1.60901916      -276.701721    
   1.61001921      -277.368713    
   1.61101925      -278.034760    
   1.61201930      -278.699829    
   1.61301935      -279.363922    
   1.61401939      -280.027008    
   1.61501944      -280.689117    
   1.61601949      -281.350220    
   1.61701953      -282.010315    
   1.61801958      -282.669373    
   1.61901963      -283.327393    
   1.62001967      -283.984375    
   1.62101972      -284.640289    
   1.62201977      -285.295135    
   1.62301981      -285.948914    
   1.62401986      -286.601624    
   1.62501991      -287.253235    
   1.62601995      -287.903748    
   1.62702000      -288.553162    
   1.62802005      -289.201447    
   1.62902009      -289.848602    
   1.63002014      -290.494598    
   1.63102019      -291.139465    
   1.63202024      -291.783173    
   1.63302028      -292.425720    
   1.63402033      -293.067078    
   1.63502038      -293.707245    
   1.63602042      -294.346222    
   1.63702047      -294.983978    
   1.63802052      -295.620514    
   1.63902056      -296.255829    
   1.64002061      -296.889893    
   1.64102066      -297.522736    
   1.64202070      -298.154297    
   1.64302075      -298.784607    
   1.64402080      -299.413635    
   1.64502084      -300.041382    
   1.64602089      -300.667816    
   1.64702094      -301.292938    
   1.64802098      -301.916748    
   1.64902103      -302.539246    
   1.65002108      -303.160400    
   1.65102112      -303.780212    
   1.65202117      -304.398651    
   1.65302122      -305.015717    
   1.65402126      -305.631409    
   1.65502131      -306.245728    
   1.65602136      -306.858643    
   1.65702140      -307.470154    
   1.65802145      -308.080231    
   1.65902150      -308.688873    
   1.66002154      -309.296082    
   1.66102159      -309.901855    
   1.66202164      -310.506165    
   1.66302168      -311.109009    
   1.66402173      -311.710358    
   1.66502178      -312.310211    
   1.66602182      -312.908569    
   1.66702187      -313.505402    
   1.66802192      -314.100708    
   1.66902196      -314.694489    
   1.67002201      -315.286713    
   1.67102206      -315.877380    
   1.67202210      -316.466492    
   1.67302215      -317.054016    
   1.67402220      -317.639954    
   1.67502224      -318.224304    
   1.67602229      -318.807037    
   1.67702234      -319.388153    
   1.67802238      -319.967651    
   1.67902243      -320.545502    
   1.68002248      -321.121704    
   1.68102252      -321.696228    
   1.68202257      -322.269104    
   1.68302262      -322.840271    
   1.68402267      -323.409760    
   1.68502271      -323.977539    
   1.68602276      -324.543579    
   1.68702281      -325.107910    
   1.68802285      -325.670502    
   1.68902290      -326.231323    
   1.69002295      -326.790405    
   1.69102299      -327.347717    
   1.69202304      -327.903229    
   1.69302309      -328.456940    
   1.69402313      -329.008850    
   1.69502318      -329.558929    
   1.69602323      -330.107208    
   1.69702327      -330.653625    
   1.69802332      -331.198212    
   1.69902337      -331.740906    
   1.70002341      -332.281738    
   1.70102346      -332.820679    
   1.70202351      -333.357727    
   1.70302355      -333.892883    
   1.70402360      -334.426117    
   1.70502365      -334.957397    
   1.70602369      -335.486755    
   1.70702374      -336.014160    
   1.70802379      -336.539581    
   1.70902383      -337.063019    
   1.71002388      -337.584473    
   1.71102393      -338.103943    
   1.71202397      -338.621399    
   1.71302402      -339.136810    
   1.71402407      -339.650208    
   1.71502411      -340.161560    
   1.71602416      -340.670837    
   1.71702421      -341.178040    
   1.71802425      -341.683167    
   1.71902430      -342.186188    
   1.72002435      -342.687103    
   1.72102439      -343.185913    
   1.72202444      -343.682587    
   1.72302449      -344.177124    
   1.72402453      -344.669495    
   1.72502458      -345.159698    
   1.72602463      -345.647736    
   1.72702467      -346.133575    
   1.72802472      -346.617218    
   1.72902477      -347.098633    
   1.73002481      -347.577820    
   1.73102486      -348.054779    
   1.73202491      -348.529480    
   1.73302495      -349.001923    
   1.73402500      -349.472107    
   1.73502505      -349.940002    
   1.73602509      -350.405579    
   1.73702514      -350.868866    
   1.73802519      -351.329803    
   1.73902524      -351.788422    
   1.74002528      -352.244690    
   1.74102533      -352.698578    
   1.74202538      -353.150116    
   1.74302542      -353.599243    
   1.74402547      -354.045990    
   1.74502552      -354.490326    
   1.74602556      -354.932220    
   1.74702561      -355.371704    
   1.74802566      -355.808716    
   1.74902570      -356.243286    
   1.75002575      -356.675385    
   1.75102580      -357.104980    
   1.75202584      -357.532074    
   1.75302589      -357.956665    
   1.75402594      -358.378723    
   1.75502598      -358.798248    
   1.75602603      -359.215210    
   1.75702608      -359.629608    
   1.75802612      -360.041443    
   1.75902617      -360.450684    
   1.76002622      -360.857330    
   1.76102626      -361.261353    
   1.76202631      -361.662750    
   1.76302636      -362.061523    
   1.76402640      -362.457642    
   1.76502645      -362.851074    
   1.76602650      -363.241821    
   1.76702654      -363.629883    
   1.76802659      -364.015259    
   1.76902664      -364.397888    
   1.77002668      -364.777802    
   1.77102673      -365.154968    
   1.77202678      -365.529388    
   1.77302682      -365.901031    
   1.77402687      -366.269867    
   1.77502692      -366.635925    
   1.77602696      -366.999176    
   1.77702701      -367.359589    
   1.77802706      -367.717163    
   1.77902710      -368.071899    
   1.78002715      -368.423767    
   1.78102720      -368.772736    
   1.78202724      -369.118835    
   1.78302729      -369.462006    
   1.78402734      -369.802277    
   1.78502738      -370.139618    
   1.78602743      -370.473999    
   1.78702748      -370.805420    
   1.78802752      -371.133881    
   1.78902757      -371.459351    
   1.79002762      -371.781799    
   1.79102767      -372.101257    
   1.79202771      -372.417664    
   1.79302776      -372.731049    
   1.79402781      -373.041351    
   1.79502785      -373.348602    
   1.79602790      -373.652771    
   1.79702795      -373.953827    
   1.79802799      -374.251770    
   1.79902804      -374.546600    
   1.80002809      -374.838287    
   1.80102813      -375.126831    
   1.80202818      -375.412201    
   1.80302823      -375.694397    
   1.80402827      -375.973389    
   1.80502832      -376.249176    
   1.80602837      -376.521729    
   1.80702841      -376.791046    
   1.80802846      -377.057098    
   1.80902851      -377.319885    
   1.81002855      -377.579407    
   1.81102860      -377.835632    
   1.81202865      -378.088531    
   1.81302869      -378.338104    
   1.81402874      -378.584351    
   1.81502879      -378.827240    
   1.81602883      -379.066772    
   1.81702888      -379.302917    
   1.81802893      -379.535675    
   1.81902897      -379.765015    
   1.82002902      -379.990936    
   1.82102907      -380.213409    
   1.82202911      -380.432434    
   1.82302916      -380.647980    
   1.82402921      -380.860046    
   1.82502925      -381.068604    
   1.82602930      -381.273651    
   1.82702935      -381.475189    
   1.82802939      -381.673187    
   1.82902944      -381.867615    
   1.83002949      -382.058472    
   1.83102953      -382.245728    
   1.83202958      -382.429382    
   1.83302963      -382.609436    
   1.83402967      -382.785858    
   1.83502972      -382.958618    
   1.83602977      -383.127716    
   1.83702981      -383.293152    
   1.83802986      -383.454895    
   1.83902991      -383.612915    
   1.84002995      -383.767212    
   1.84103000      -383.917786    
   1.84203005      -384.064606    
   1.84303010      -384.207672    
   1.84403014      -384.346954    
   1.84503019      -384.482422    
   1.84603024      -384.614075    
   1.84703028      -384.741913    
   1.84803033      -384.865906    
   1.84903038      -384.986023    
   1.85003042      -385.102264    
   1.85103047      -385.214630    
   1.85203052      -385.323090    
   1.85303056      -385.427612    
   1.85403061      -385.528198    
   1.85503066      -385.624847    
   1.85603070      -385.717529    
   1.85703075      -385.806213    
   1.85803080      -385.890900    
   1.85903084      -385.971588    
   1.86003089      -386.048248    
   1.86103094      -386.120850    
   1.86203098      -386.189392    
   1.86303103      -386.253845    
   1.86403108      -386.314209    
   1.86503112      -386.370483    
   1.86603117      -386.422638    
   1.86703122      -386.470642    
   1.86803126      -386.514496    
   1.86903131      -386.554169    
   1.87003136      -386.589661    
   1.87103140      -386.620941    
   1.87203145      -386.647980    
   1.87303150      -386.670807    
   1.87403154      -386.689362    
   1.87503159      -386.703644    
   1.87603164      -386.713654    
   1.87703168      -386.719360    
   1.87803173      -386.720764    
   1.87903178      -386.717804    
   1.88003182      -386.710510    
   1.88103187      -386.698853    
   1.88203192      -386.682800    
   1.88303196      -386.662354    
   1.88403201      -386.637482    
   1.88503206      -386.608185    
   1.88603210      -386.574432    
   1.88703215      -386.536224    
   1.88803220      -386.493530    
   1.88903224      -386.446350    
   1.89003229      -386.394653    
   1.89103234      -386.338409    
   1.89203238      -386.277618    
   1.89303243      -386.212280    
   1.89403248      -386.142365    
   1.89503253      -386.067841    
   1.89603257      -385.988708    
   1.89703262      -385.904938    
   1.89803267      -385.816528    
   1.89903271      -385.723450    
   1.90003276      -385.625671    
   1.90103281      -385.523193    
   1.90203285      -385.416016    
   1.90303290      -385.304108    
   1.90403295      -385.187439    
   1.90503299      -385.066010    
   1.90603304      -384.939789    
   1.90703309      -384.808777    
   1.90803313      -384.672943    
   1.90903318      -384.532257    
   1.91003323      -384.386719    
   1.91103327      -384.236328    
   1.91203332      -384.081024    
   1.91303337      -383.920837    
   1.91403341      -383.755707    
   1.91503346      -383.585663    
   1.91603351      -383.410645    
   1.91703355      -383.230652    
   1.91803360      -383.045685    
   1.91903365      -382.855682    
   1.92003369      -382.660675    
   1.92103374      -382.460602    
   1.92203379      -382.255493    
   1.92303383      -382.045288    
   1.92403388      -381.829987    
   1.92503393      -381.609558    
   1.92603397      -381.384003    
   1.92703402      -381.153290    
   1.92803407      -380.917419    
   1.92903411      -380.676361    
   1.93003416      -380.430115    
   1.93103421      -380.178650    
   1.93203425      -379.921936    
   1.93303430      -379.659973    
   1.93403435      -379.392731    
   1.93503439      -379.120178    
   1.93603444      -378.842316    
   1.93703449      -378.559143    
   1.93803453      -378.270599    
   1.93903458      -377.976715    
   1.94003463      -377.677429    
   1.94103467      -377.372742    
   1.94203472      -377.062653    
   1.94303477      -376.747101    
   1.94403481      -376.426117    
   1.94503486      -376.099640    
   1.94603491      -375.767670    
   1.94703496      -375.430206    
   1.94803500      -375.087189    
   1.94903505      -374.738647    
   1.95003510      -374.384521    
   1.95103514      -374.024811    
   1.95203519      -373.659515    
   1.95303524      -373.288574    
   1.95403528      -372.912018    
   1.95503533      -372.529785    
   1.95603538      -372.141876    
   1.95703542      -371.748260    
   1.95803547      -371.348938    
   1.95903552      -370.943878    
   1.96003556      -370.533081    
   1.96103561      -370.116516    
   1.96203566      -369.694153    
   1.96303570      -369.265961    
   1.96403575      -368.831970    
   1.96503580      -368.392120    
   1.96603584      -367.946411    
   1.96703589      -367.494812    
   1.96803594      -367.037292    
   1.96903598      -366.573853    
   1.97003603      -366.104492    
   1.97103608      -365.629150    
   1.97203612      -365.147827    
   1.97303617      -364.660522    
   1.97403622      -364.167175    
   1.97503626      -363.667816    
   1.97603631      -363.162384    
   1.97703636      -362.650879    
   1.97803640      -362.133270    
   1.97903645      -361.609558    
   1.98003650      -361.079712    
   1.98103654      -360.543701    
   1.98203659      -360.001526    
   1.98303664      -359.453156    
   1.98403668      -358.898560    
   1.98503673      -358.337738    
   1.98603678      -357.770660    
   1.98703682      -357.197327    
   1.98803687      -356.617676    
   1.98903692      -356.031738    
   1.99003696      -355.439453    
   1.99103701      -354.840820    
   1.99203706      -354.235809    
   1.99303710      -353.624420    
   1.99403715      -353.006622    
   1.99503720      -352.382385    
   1.99603724      -351.751709    
   1.99703729      -351.114563    
   1.99803734      -350.470917    
   1.99903738      -349.820770    
   2.00003743      -349.164093    
   2.00103736      -348.500854    
   2.00203729      -347.831055    
   2.00303721      -347.154663    
   2.00403714      -346.471649    
   2.00503707      -345.782013    
   2.00603700      -345.085724    
   2.00703692      -344.382751    
   2.00803685      -343.673096    
   2.00903678      -342.956726    
   2.01003671      -342.233612    
   2.01103663      -341.503754    
   2.01203656      -340.767120    
   2.01303649      -340.023712    
   2.01403642      -339.273468    
   2.01503634      -338.516388    
   2.01603627      -337.752472    
   2.01703620      -336.981659    
   2.01803613      -336.203949    
   2.01903605      -335.419312    
   2.02003598      -334.627747    
   2.02103591      -333.829224    
   2.02203584      -333.023712    
   2.02303576      -332.211212    
   2.02403569      -331.391693    
   2.02503562      -330.565125    
   2.02603555      -329.731476    
   2.02703547      -328.890747    
   2.02803540      -328.042908    
   2.02903533      -327.187958    
   2.03003526      -326.325867    
   2.03103518      -325.456604    
   2.03203511      -324.580139    
   2.03303504      -323.696472    
   2.03403497      -322.805573    
   2.03503489      -321.907410    
   2.03603482      -321.001984    
   2.03703475      -320.089264    
   2.03803468      -319.169220    
   2.03903461      -318.241821    
   2.04003453      -317.307068    
   2.04103446      -316.364929    
   2.04203439      -315.415375    
   2.04303432      -314.458405    
   2.04403424      -313.493988    
   2.04503417      -312.522095    
   2.04603410      -311.542725    
   2.04703403      -310.555847    
   2.04803395      -309.561432    
   2.04903388      -308.559448    
   2.05003381      -307.549896    
   2.05103374      -306.532745    
   2.05203366      -305.507965    
   2.05303359      -304.475555    
   2.05403352      -303.435486    
   2.05503345      -302.387726    
   2.05603337      -301.332245    
   2.05703330      -300.269043    
   2.05803323      -299.198090    
   2.05903316      -298.119354    
   2.06003308      -297.032806    
   2.06103301      -295.938446    
   2.06203294      -294.836243    
   2.06303287      -293.726196    
   2.06403279      -292.608246    
   2.06503272      -291.482391    
   2.06603265      -290.348602    
   2.06703258      -289.206879    
   2.06803250      -288.057159    
   2.06903243      -286.899445    
   2.07003236      -285.733704    
   2.07103229      -284.559937    
   2.07203221      -283.378082    
   2.07303214      -282.188141    
   2.07403207      -280.990112    
   2.07503200      -279.783936    
   2.07603192      -278.569611    
   2.07703185      -277.347107    
   2.07803178      -276.116394    
   2.07903171      -274.877472    
   2.08003163      -273.630280    
   2.08103156      -272.374817    
   2.08203149      -271.111084    
   2.08303142      -269.839020    
   2.08403134      -268.558624    
   2.08503127      -267.269867    
   2.08603120      -265.972717    
   2.08703113      -264.667175    
   2.08803105      -263.353180    
   2.08903098      -262.030731    
   2.09003091      -260.699799    
   2.09103084      -259.360382    
   2.09203076      -258.012451    
   2.09303069      -256.655945    
   2.09403062      -255.290878    
   2.09503055      -253.917221    
   2.09603047      -252.534943    
   2.09703040      -251.144028    
   2.09803033      -249.744446    
   2.09903026      -248.336182    
   2.10003018      -246.919205    
   2.10103011      -245.493484    
   2.10203004      -244.059006    
   2.10302997      -242.615753    
   2.10402989      -241.163696    
   2.10502982      -239.702805    
   2.10602975      -238.233063    
   2.10702968      -236.754440    
   2.10802960      -235.266922    
   2.10902953      -233.770477    
   2.11002946      -232.265076    
   2.11102939      -230.750702    
   2.11202931      -229.227325    
   2.11302924      -227.694931    
   2.11402917      -226.153488    
   2.11502910      -224.602982    
   2.11602902      -223.043381    
   2.11702895      -221.474670    
   2.11802888      -219.896805    
   2.11902881      -218.309784    
   2.12002873      -216.713562    
   2.12102866      -215.108139    
   2.12202859      -213.493469    
   2.12302852      -211.869537    
   2.12402844      -210.236313    
   2.12502837      -208.593781    
   2.12602830      -206.941910    
   2.12702823      -205.280685    
   2.12802815      -203.610062    
   2.12902808      -201.930038    
   2.13002801      -200.240570    
   2.13102794      -198.541641    
   2.13202786      -196.833237    
   2.13302779      -195.115326    
   2.13402772      -193.387878    
   2.13502765      -191.650864    
   2.13602757      -189.904266    
   2.13702750      -188.148056    
   2.13802743      -186.382217    
   2.13902736      -184.606720    
   2.14002728      -182.821533    
   2.14102721      -181.026642    
   2.14202714      -179.222015    
   2.14302707      -177.407639    
   2.14402699      -175.583466    
   2.14502692      -173.749481    
   2.14602685      -171.905670    
   2.14702678      -170.052002    
   2.14802670      -168.188446    
   2.14902663      -166.314972    
   2.15002656      -164.431564    
   2.15102649      -162.538193    
   2.15202641      -160.634842    
   2.15302634      -158.721481    
   2.15402627      -156.798080    
   2.15502620      -154.864609    
   2.15602612      -152.921051    
   2.15702605      -150.967377    
   2.15802598      -149.003555    
   2.15902591      -147.029572    
   2.16002584      -145.045395    
   2.16102576      -143.050995    
   2.16202569      -141.046356    
   2.16302562      -139.031448    
   2.16402555      -137.006241    
   2.16502547      -134.970718    
   2.16602540      -132.924850    
   2.16702533      -130.868607    
   2.16802526      -128.801956    
   2.16902518      -126.724884    
   2.17002511      -124.637360    
   2.17102504      -122.539352    
   2.17202497      -120.430840    
   2.17302489      -118.311798    
   2.17402482      -116.182198    
   2.17502475      -114.042015    
   2.17602468      -111.891220    
   2.17702460      -109.729790    
   2.17802453      -107.557701    
   2.17902446      -105.374916    
   2.18002439      -103.181419    
   2.18102431      -100.977180    
   2.18202424      -98.7621689    
   2.18302417      -96.5363617    
   2.18402410      -94.2997360    
   2.18502402      -92.0522614    
   2.18602395      -89.7939072    
   2.18702388      -87.5246506    
   2.18802381      -85.2444611    
   2.18902373      -82.9533157    
   2.19002366      -80.6511841    
   2.19102359      -78.3380432    
   2.19202352      -76.0138626    
   2.19302344      -73.6786194    
   2.19402337      -71.3322830    
   2.19502330      -68.9748306    
   2.19602323      -66.6062317    
   2.19702315      -64.2264557    
   2.19802308      -61.8354836    
   2.19902301      -59.4332809    
   2.20002294      -57.0198250    
   2.20102286      -54.5950851    
   2.20202279      -52.1590347    
   2.20302272      -49.7116470    
   2.20402265      -47.2528954    
   2.20502257      -44.7827492    
   2.20602250      -42.3011818    
   2.20702243      -39.8081665    
   2.20802236      -37.3036766    
   2.20902228      -34.7876854    
   2.21002221      -32.2601624    
   2.21102214      -29.7210808    
   2.21202207      -27.1704121    
   2.21302199      -24.6081295    
   2.21402192      -22.0342045    
   2.21502185      -19.4486103    
   2.21602178      -16.8513184    
   2.21702170      -14.2423000    
   2.21802163      -11.6215277    
   2.21902156      -8.98897266    
   2.22002149      -6.34460831    
   2.22102141      -3.68840528    
   2.22202134      -1.02033544    
   2.22302127       1.65962887    
   2.22402120       4.35151672    
   2.22502112       7.05535603    
   2.22602105       9.77117443    
   2.22702098       12.4990015    
   2.22802091       15.2388649    
   2.22902083       17.9907932    
   2.23002076       20.7548161    
   2.23102069       23.5309601    
   2.23202062       26.3192558    
   2.23302054       29.1197300    
   2.23402047       31.9324131    
   2.23502040       34.7573318    
   2.23602033       37.5945168    
   2.23702025       40.4439964    
   2.23802018       43.3057976    
   2.23902011       46.1799507    
   2.24002004       49.0664864    
   2.24101996       51.9654312    
   2.24201989       54.8768158    
   2.24301982       57.8006706    
   2.24401975       60.7370224    
   2.24501967       63.6858978    
   2.24601960       66.6473312    
   2.24701953       69.6213455    
   2.24801946       72.6079788    
   2.24901938       75.6072540    
   2.25001931       78.6192017    
   2.25101924       81.6438522    
   2.25201917       84.6812286    
   2.25301909       87.7313690    
   2.25401902       90.7942963    
   2.25501895       93.8700485    
   2.25601888       96.9586487    
   2.25701880       100.060127    
   2.25801873       103.174515    
   2.25901866       106.301842    
   2.26001859       109.442139    
   2.26101851       112.595428    
   2.26201844       115.761749    
   2.26301837       118.941124    
   2.26401830       122.133591    
   2.26501822       125.339172    
   2.26601815       128.557907    
   2.26701808       131.789810    
   2.26801801       135.034927    
   2.26901793       138.293274    
   2.27001786       141.564896    
   2.27101779       144.849808    
   2.27201772       148.148056    
   2.27301764       151.459656    
   2.27401757       154.784653    
   2.27501750       158.123062    
   2.27601743       161.474930    
   2.27701735       164.840271    
   2.27801728       168.219116    
   2.27901721       171.611511    
   2.28001714       175.017471    
   2.28101707       178.437042    
   2.28201699       181.870239    
   2.28301692       185.317108    
   2.28401685       188.777664    
   2.28501678       192.251938    
   2.28601670       195.739975    
   2.28701663       199.241791    
   2.28801656       202.757431    
   2.28901649       206.286926    
   2.29001641       209.830292    
   2.29101634       213.387573    
   2.29201627       216.958801    
   2.29301620       220.543991    
   2.29401612       224.143188    
   2.29501605       227.756424    
   2.29601598       231.383728    
   2.29701591       235.025116    
   2.29801583       238.680634    
   2.29901576       242.350311    
   2.30001569       246.034180    
   2.30101562       249.732285    
   2.30201554       253.444641    
   2.30301547       257.171295    
   2.30401540       260.912262    
   2.30501533       264.667572    
   2.30601525       268.437256    
   2.30701518       272.221344    
   2.30801511       276.019897    
   2.30901504       279.832916    
   2.31001496       283.660431    
   2.31101489       287.502502    
   2.31201482       291.359131    
   2.31301475       295.230377    
   2.31401467       299.116272    
   2.31501460       303.016815    
   2.31601453       306.932068    
   2.31701446       310.862061    
   2.31801438       314.806793    
   2.31901431       318.766327    
   2.32001424       322.740692    
   2.32101417       326.729919    
   2.32201409       330.734039    
   2.32301402       334.753082    
   2.32401395       338.787079    
   2.32501388       342.836090    
   2.32601380       346.900116    
   2.32701373       350.979187    
   2.32801366       355.073364    
   2.32901359       359.182648    
   2.33001351       363.307098    
   2.33101344       367.446716    
   2.33201337       371.601562    
   2.33301330       375.771667    
   2.33401322       379.957062    
   2.33501315       384.157745    
   2.33601308       388.373779    
   2.33701301       392.605225    
   2.33801293       396.852081    
   2.33901286       401.114380    
   2.34001279       405.392151    
   2.34101272       409.685455    
   2.34201264       413.994293    
   2.34301257       418.318726    
   2.34401250       422.658783    
   2.34501243       427.014465    
   2.34601235       431.385834    
   2.34701228       435.772919    
   2.34801221       440.175751    
   2.34901214       444.594360    
   2.35001206       449.028809    
   2.35101199       453.479095    
   2.35201192       457.945282    
   2.35301185       462.427368    
   2.35401177       466.925415    
   2.35501170       471.439453    
   2.35601163       475.969513    
   2.35701156       480.515625    
   2.35801148       485.077820    
   2.35901141       489.656128    
   2.36001134       494.250580    
   2.36101127       498.861237    
   2.36201119       503.488098    
   2.36301112       508.131226    
   2.36401105       512.790649    
   2.36501098       517.466370    
   2.36601090       522.158447    
   2.36701083       526.866943    
   2.36801076       531.591858    
   2.36901069       536.333252    
   2.37001061       541.091125    
   2.37101054       545.865540    
   2.37201047       550.656494    
   2.37301040       555.464050    
   2.37401032       560.288269    
   2.37501025       565.129150    
   2.37601018       569.986755    
   2.37701011       574.861084    
   2.37801003       579.752197    
   2.37900996       584.660095    
   2.38000989       589.584839    
   2.38100982       594.526489    
   2.38200974       599.485046    
   2.38300967       604.460571    
   2.38400960       609.453064    
   2.38500953       614.462585    
   2.38600945       619.489136    
   2.38700938       624.532776    
   2.38800931       629.593567    
   2.38900924       634.671509    
   2.39000916       639.766663    
   2.39100909       644.879028    
   2.39200902       650.008667    
   2.39300895       655.155579    
   2.39400887       660.319824    
   2.39500880       665.501465    
   2.39600873       670.700500    
   2.39700866       675.916992    
   2.39800858       681.150940    
   2.39900851       686.402405    
   2.40000844       691.671448    
   2.40100837       696.958069    
   2.40200830       702.262329    
   2.40300822       707.584229    
   2.40400815       712.923828    
   2.40500808       718.281128    
   2.40600801       723.656250    
   2.40700793       729.049133    
   2.40800786       734.459839    
   2.40900779       739.888428    
   2.41000772       745.334961    
   2.41100764       750.799438    
   2.41200757       756.281860    
   2.41300750       761.782349    
   2.41400743       767.300903    
   2.41500735       772.837524    
   2.41600728       778.392273    
   2.41700721       783.965210    
   2.41800714       789.556335    
   2.41900706       795.165710    
   2.42000699       800.793335    
   2.42100692       806.439270    
   2.42200685       812.103577    
   2.42300677       817.786255    
   2.42400670       823.487366    
   2.42500663       829.206970    
   2.42600656       834.945068    
   2.42700648       840.701660    
   2.42800641       846.476868    
   2.42900634       852.270630    
   2.43000627       858.083069    
   2.43100619       863.914185    
   2.43200612       869.764038    
   2.43300605       875.632629    
   2.43400598       881.520020    
   2.43500590       887.426270    
   2.43600583       893.351379    
   2.43700576       899.295410    
   2.43800569       905.258362    
   2.43900561       911.240295    
   2.44000554       917.241272    
   2.44100547       923.261292    
   2.44200540       929.300415    
   2.44300532       935.358643    
   2.44400525       941.436035    
   2.44500518       947.532654    
   2.44600511       953.648499    
   2.44700503       959.783630    
   2.44800496       965.938110    
   2.44900489       972.111938    
   2.45000482       978.305176    
   2.45100474       984.517822    
   2.45200467       990.749939    
   2.45300460       997.001587    
   2.45400453       1003.27283    
   2.45500445       1009.56366    
   2.45600438       1015.87408    
   2.45700431       1022.20416    
   2.45800424       1028.55396    
   2.45900416       1034.92346    
   2.46000409       1041.31274    
   2.46100402       1047.72192    
   2.46200395       1054.15088    
   2.46300387       1060.59973    
   2.46400380       1067.06860    
   2.46500373       1073.55737    
   2.46600366       1080.06616    
   2.46700358       1086.59509    
   2.46800351       1093.14404    
   2.46900344       1099.71313    
   2.47000337       1106.30237    
   2.47100329       1112.91187    
   2.47200322       1119.54163    
   2.47300315       1126.19165    
   2.47400308       1132.86206    
   2.47500300       1139.55286    
   2.47600293       1146.26404    
   2.47700286       1152.99561    
   2.47800279       1159.74768    
   2.47900271       1166.52026    
   2.48000264       1173.31348    
   2.48100257       1180.12720    
   2.48200250       1186.96167    
   2.48300242       1193.81677    
   2.48400235       1200.69263    
   2.48500228       1207.58923    
   2.48600221       1214.50659    
   2.48700213       1221.44482    
   2.48800206       1228.40393    
   2.48900199       1235.38391    
   2.49000192       1242.38489    
   2.49100184       1249.40686    
   2.49200177       1256.44995    
   2.49300170       1263.51404    
   2.49400163       1270.59924    
   2.49500155       1277.70569    
   2.49600148       1284.83325    
   2.49700141       1291.98206    
   2.49800134       1299.15222    
   2.49900126       1306.34363    
