   0.00000000       213599.500    
   1.00000005E-03   212550.172    
   2.00000009E-03   211495.953    
   3.00000003E-03   210436.875    
   4.00000019E-03   209372.938    
   5.00000035E-03   208304.188    
   6.00000052E-03   207230.625    
   7.00000068E-03   206152.297    
   8.00000038E-03   205069.203    
   9.00000054E-03   203981.375    
   1.00000007E-02   202888.844    
   1.10000009E-02   201791.625    
   1.20000010E-02   200689.734    
   1.30000012E-02   199583.203    
   1.40000014E-02   198472.047    
   1.50000015E-02   197356.297    
   1.60000008E-02   196235.969    
   1.70000009E-02   195111.094    
   1.80000011E-02   193981.703    
   1.90000013E-02   192847.797    
   2.00000014E-02   191709.422    
   2.10000016E-02   190566.594    
   2.20000017E-02   189419.328    
   2.30000019E-02   188267.656    
   2.40000021E-02   187111.609    
   2.50000022E-02   185951.203    
   2.60000024E-02   184786.453    
   2.70000026E-02   183617.391    
   2.80000027E-02   182444.047    
   2.90000029E-02   181266.438    
   3.00000031E-02   180084.594    
   3.10000032E-02   178898.531    
   3.20000015E-02   177708.281    
   3.29999998E-02   176513.875    
   3.39999981E-02   175315.328    
   3.49999964E-02   174112.672    
   3.59999947E-02   172905.922    
   3.69999930E-02   171695.109    
   3.79999913E-02   170480.250    
   3.89999896E-02   169261.391    
   3.99999879E-02   168038.531    
   4.09999862E-02   166811.719    
   4.19999845E-02   165580.969    
   4.29999828E-02   164346.297    
   4.39999811E-02   163107.750    
   4.49999794E-02   161865.328    
   4.59999777E-02   160619.078    
   4.69999760E-02   159369.016    
   4.79999743E-02   158115.172    
   4.89999726E-02   156857.578    
   4.99999709E-02   155596.250    
   5.09999692E-02   154331.219    
   5.19999675E-02   153062.500    
   5.29999658E-02   151790.141    
   5.39999641E-02   150514.141    
   5.49999624E-02   149234.547    
   5.59999608E-02   147951.375    
   5.69999591E-02   146664.656    
   5.79999574E-02   145374.422    
   5.89999557E-02   144080.703    
   5.99999540E-02   142783.516    
   6.09999523E-02   141482.875    
   6.19999506E-02   140178.828    
   6.29999489E-02   138871.391    
   6.39999509E-02   137560.594    
   6.49999529E-02   136246.469    
   6.59999549E-02   134929.047    
   6.69999570E-02   133608.344    
   6.79999590E-02   132284.391    
   6.89999610E-02   130957.211    
   6.99999630E-02   129626.836    
   7.09999651E-02   128293.297    
   7.19999671E-02   126956.617    
   7.29999691E-02   125616.820    
   7.39999712E-02   124273.938    
   7.49999732E-02   122928.000    
   7.59999752E-02   121579.031    
   7.69999772E-02   120227.062    
   7.79999793E-02   118872.125    
   7.89999813E-02   117514.234    
   7.99999833E-02   116153.430    
   8.09999853E-02   114789.734    
   8.19999874E-02   113423.180    
   8.29999894E-02   112053.789    
   8.39999914E-02   110681.594    
   8.49999934E-02   109306.625    
   8.59999955E-02   107928.906    
   8.69999975E-02   106548.469    
   8.79999995E-02   105165.344    
   8.90000015E-02   103779.555    
   9.00000036E-02   102391.133    
   9.10000056E-02   101000.102    
   9.20000076E-02   99606.4922    
   9.30000097E-02   98210.3359    
   9.40000117E-02   96811.6641    
   9.50000137E-02   95410.5000    
   9.60000157E-02   94006.8750    
   9.70000178E-02   92600.8203    
   9.80000198E-02   91192.3594    
   9.90000218E-02   89781.5312    
  0.100000024       88368.3594    
  0.101000026       86952.8672    
  0.102000028       85535.0938    
  0.103000030       84115.0625    
  0.104000032       82692.8047    
  0.105000034       81268.3438    
  0.106000036       79841.7188    
  0.107000038       78412.9531    
  0.108000040       76982.0781    
  0.109000042       75549.1250    
  0.110000044       74114.1172    
  0.111000046       72677.0938    
  0.112000048       71238.0781    
  0.113000050       69797.1016    
  0.114000052       68354.1953    
  0.115000054       66909.3828    
  0.116000056       65462.6992    
  0.117000058       64014.1758    
  0.118000060       62563.8398    
  0.119000062       61111.7227    
  0.120000064       59657.8555    
  0.121000066       58202.2656    
  0.122000068       56744.9844    
  0.123000070       55286.0430    
  0.124000072       53825.4688    
  0.125000075       52363.2969    
  0.126000077       50899.5547    
  0.127000079       49434.2734    
  0.128000081       47967.4805    
  0.129000083       46499.2109    
  0.130000085       45029.4922    
  0.131000087       43558.3555    
  0.132000089       42085.8320    
  0.133000091       40611.9492    
  0.134000093       39136.7422    
  0.135000095       37660.2383    
  0.136000097       36182.4688    
  0.137000099       34703.4648    
  0.138000101       33223.2578    
  0.139000103       31741.8789    
  0.140000105       30259.3574    
  0.141000107       28775.7246    
  0.142000109       27291.0117    
  0.143000111       25805.2500    
  0.144000113       24318.4688    
  0.145000115       22830.6992    
  0.146000117       21341.9746    
  0.147000119       19852.3242    
  0.148000121       18361.7773    
  0.149000123       16870.3672    
  0.150000125       15378.1250    
  0.151000127       13885.0811    
  0.152000129       12391.2676    
  0.153000131       10896.7148    
  0.154000133       9401.45312    
  0.155000135       7905.51514    
  0.156000137       6408.93164    
  0.157000139       4911.73340    
  0.158000141       3413.95215    
  0.159000143       1915.61914    
  0.160000145       416.765503    
  0.161000147      -1082.57764    
  0.162000149      -2582.37842    
  0.163000152      -4082.60596    
  0.164000154      -5583.22852    
  0.165000156      -7084.21484    
  0.166000158      -8585.53320    
  0.167000160      -10087.1533    
  0.168000162      -11589.0430    
  0.169000164      -13091.1709    
  0.170000166      -14593.5049    
  0.171000168      -16096.0146    
  0.172000170      -17598.6680    
  0.173000172      -19101.4336    
  0.174000174      -20604.2793    
  0.175000176      -22107.1738    
  0.176000178      -23610.0859    
  0.177000180      -25112.9844    
  0.178000182      -26615.8379    
  0.179000184      -28118.6133    
  0.180000186      -29621.2812    
  0.181000188      -31123.8086    
  0.182000190      -32626.1641    
  0.183000192      -34128.3164    
  0.184000194      -35630.2305    
  0.185000196      -37131.8789    
  0.186000198      -38633.2305    
  0.187000200      -40134.2500    
  0.188000202      -41634.9102    
  0.189000204      -43135.1758    
  0.190000206      -44635.0156    
  0.191000208      -46134.3984    
  0.192000210      -47633.2930    
  0.193000212      -49131.6680    
  0.194000214      -50629.4922    
  0.195000216      -52126.7305    
  0.196000218      -53623.3555    
  0.197000220      -55119.3320    
  0.198000222      -56614.6328    
  0.199000224      -58109.2227    
  0.200000226      -59603.0703    
  0.201000229      -61096.1445    
  0.202000231      -62588.4141    
  0.203000233      -64079.8477    
  0.204000235      -65570.4141    
  0.205000237      -67060.0781    
  0.206000239      -68548.8125    
  0.207000241      -70036.5781    
  0.208000243      -71523.3516    
  0.209000245      -73009.1016    
  0.210000247      -74493.7891    
  0.211000249      -75977.3906    
  0.212000251      -77459.8672    
  0.213000253      -78941.1875    
  0.214000255      -80421.3281    
  0.215000257      -81900.2500    
  0.216000259      -83377.9219    
  0.217000261      -84854.3125    
  0.218000263      -86329.3984    
  0.219000265      -87803.1406    
  0.220000267      -89275.5078    
  0.221000269      -90746.4688    
  0.222000271      -92215.9922    
  0.223000273      -93684.0469    
  0.224000275      -95150.6016    
  0.225000277      -96615.6250    
  0.226000279      -98079.0859    
  0.227000281      -99540.9531    
  0.228000283      -101001.188    
  0.229000285      -102459.766    
  0.230000287      -103916.656    
  0.231000289      -105371.828    
  0.232000291      -106825.250    
  0.233000293      -108276.883    
  0.234000295      -109726.703    
  0.235000297      -111174.680    
  0.236000299      -112620.781    
  0.237000301      -114064.969    
  0.238000304      -115507.219    
  0.239000306      -116947.500    
  0.240000308      -118385.781    
  0.241000310      -119822.031    
  0.242000312      -121256.211    
  0.243000314      -122688.297    
  0.244000316      -124118.258    
  0.245000318      -125546.062    
  0.246000320      -126971.680    
  0.247000322      -128395.078    
  0.248000324      -129816.227    
  0.249000326      -131235.094    
  0.250000328      -132651.641    
  0.251000315      -134065.844    
  0.252000302      -135477.672    
  0.253000289      -136887.094    
  0.254000276      -138294.094    
  0.255000263      -139698.625    
  0.256000251      -141100.656    
  0.257000238      -142500.156    
  0.258000225      -143897.094    
  0.259000212      -145291.453    
  0.260000199      -146683.188    
  0.261000186      -148072.266    
  0.262000173      -149458.672    
  0.263000160      -150842.359    
  0.264000148      -152223.312    
  0.265000135      -153601.484    
  0.266000122      -154976.859    
  0.267000109      -156349.391    
  0.268000096      -157719.062    
  0.269000083      -159085.844    
  0.270000070      -160449.703    
  0.271000057      -161810.609    
  0.272000045      -163168.531    
  0.273000032      -164523.438    
  0.274000019      -165875.297    
  0.275000006      -167224.078    
  0.275999993      -168569.750    
  0.276999980      -169912.297    
  0.277999967      -171251.672    
  0.278999954      -172587.844    
  0.279999942      -173920.797    
  0.280999929      -175250.500    
  0.281999916      -176576.922    
  0.282999903      -177900.031    
  0.283999890      -179219.781    
  0.284999877      -180536.172    
  0.285999864      -181849.156    
  0.286999851      -183158.703    
  0.287999839      -184464.797    
  0.288999826      -185767.391    
  0.289999813      -187066.469    
  0.290999800      -188362.000    
  0.291999787      -189653.953    
  0.292999774      -190942.297    
  0.293999761      -192227.000    
  0.294999748      -193508.031    
  0.295999736      -194785.375    
  0.296999723      -196058.984    
  0.297999710      -197328.844    
  0.298999697      -198594.922    
  0.299999684      -199857.188    
  0.300999671      -201115.609    
  0.301999658      -202370.156    
  0.302999645      -203620.812    
  0.303999633      -204867.547    
  0.304999620      -206110.312    
  0.305999607      -207349.109    
  0.306999594      -208583.891    
  0.307999581      -209814.625    
  0.308999568      -211041.297    
  0.309999555      -212263.875    
  0.310999542      -213482.328    
  0.311999530      -214696.625    
  0.312999517      -215906.734    
  0.313999504      -217112.641    
  0.314999491      -218314.297    
  0.315999478      -219511.688    
  0.316999465      -220704.797    
  0.317999452      -221893.578    
  0.318999439      -223078.016    
  0.319999427      -224258.078    
  0.320999414      -225433.734    
  0.321999401      -226604.953    
  0.322999388      -227771.719    
  0.323999375      -228934.000    
  0.324999362      -230091.766    
  0.325999349      -231244.984    
  0.326999336      -232393.641    
  0.327999324      -233537.703    
  0.328999311      -234677.141    
  0.329999298      -235811.922    
  0.330999285      -236942.031    
  0.331999272      -238067.438    
  0.332999259      -239188.109    
  0.333999246      -240304.031    
  0.334999233      -241415.172    
  0.335999221      -242521.500    
  0.336999208      -243622.984    
  0.337999195      -244719.609    
  0.338999182      -245811.344    
  0.339999169      -246898.172    
  0.340999156      -247980.062    
  0.341999143      -249056.984    
  0.342999130      -250128.906    
  0.343999118      -251195.812    
  0.344999105      -252257.672    
  0.345999092      -253314.453    
  0.346999079      -254366.141    
  0.347999066      -255412.703    
  0.348999053      -256454.125    
  0.349999040      -257490.375    
  0.350999027      -258521.422    
  0.351999015      -259547.250    
  0.352999002      -260567.828    
  0.353998989      -261583.125    
  0.354998976      -262593.125    
  0.355998963      -263597.812    
  0.356998950      -264597.125    
  0.357998937      -265591.094    
  0.358998924      -266579.656    
  0.359998912      -267562.781    
  0.360998899      -268540.469    
  0.361998886      -269512.688    
  0.362998873      -270479.406    
  0.363998860      -271440.594    
  0.364998847      -272396.250    
  0.365998834      -273346.312    
  0.366998821      -274290.781    
  0.367998809      -275229.656    
  0.368998796      -276162.875    
  0.369998783      -277090.438    
  0.370998770      -278012.312    
  0.371998757      -278928.469    
  0.372998744      -279838.906    
  0.373998731      -280743.562    
  0.374998719      -281642.438    
  0.375998706      -282535.500    
  0.376998693      -283422.750    
  0.377998680      -284304.156    
  0.378998667      -285179.688    
  0.379998654      -286049.312    
  0.380998641      -286913.000    
  0.381998628      -287770.750    
  0.382998616      -288622.531    
  0.383998603      -289468.344    
  0.384998590      -290308.125    
  0.385998577      -291141.875    
  0.386998564      -291969.594    
  0.387998551      -292791.219    
  0.388998538      -293606.750    
  0.389998525      -294416.156    
  0.390998513      -295219.438    
  0.391998500      -296016.531    
  0.392998487      -296807.438    
  0.393998474      -297592.156    
  0.394998461      -298370.625    
  0.395998448      -299142.844    
  0.396998435      -299908.812    
  0.397998422      -300668.469    
  0.398998410      -301421.812    
  0.399998397      -302168.844    
  0.400998384      -302909.500    
  0.401998371      -303643.781    
  0.402998358      -304371.688    
  0.403998345      -305093.156    
  0.404998332      -305808.188    
  0.405998319      -306516.781    
  0.406998307      -307218.875    
  0.407998294      -307914.500    
  0.408998281      -308603.594    
  0.409998268      -309286.156    
  0.410998255      -309962.156    
  0.411998242      -310631.594    
  0.412998229      -311294.406    
  0.413998216      -311950.625    
  0.414998204      -312600.188    
  0.415998191      -313243.125    
  0.416998178      -313879.375    
  0.417998165      -314508.938    
  0.418998152      -315131.781    
  0.419998139      -315747.906    
  0.420998126      -316357.281    
  0.421998113      -316959.875    
  0.422998101      -317555.688    
  0.423998088      -318144.719    
  0.424998075      -318726.906    
  0.425998062      -319302.281    
  0.426998049      -319870.781    
  0.427998036      -320432.406    
  0.428998023      -320987.156    
  0.429998010      -321535.000    
  0.430997998      -322075.906    
  0.431997985      -322609.875    
  0.432997972      -323136.875    
  0.433997959      -323656.906    
  0.434997946      -324169.938    
  0.435997933      -324675.938    
  0.436997920      -325174.906    
  0.437997907      -325666.844    
  0.438997895      -326151.719    
  0.439997882      -326629.500    
  0.440997869      -327100.188    
  0.441997856      -327563.781    
  0.442997843      -328020.250    
  0.443997830      -328469.562    
  0.444997817      -328911.719    
  0.445997804      -329346.688    
  0.446997792      -329774.469    
  0.447997779      -330195.062    
  0.448997766      -330608.438    
  0.449997753      -331014.562    
  0.450997740      -331413.438    
  0.451997727      -331805.062    
  0.452997714      -332189.406    
  0.453997701      -332566.438    
  0.454997689      -332936.156    
  0.455997676      -333298.562    
  0.456997663      -333653.625    
  0.457997650      -334001.344    
  0.458997637      -334341.688    
  0.459997624      -334674.656    
  0.460997611      -335000.219    
  0.461997598      -335318.375    
  0.462997586      -335629.125    
  0.463997573      -335932.438    
  0.464997560      -336228.281    
  0.465997547      -336516.688    
  0.466997534      -336797.594    
  0.467997521      -337071.031    
  0.468997508      -337336.969    
  0.469997495      -337595.375    
  0.470997483      -337846.281    
  0.471997470      -338089.625    
  0.472997457      -338325.438    
  0.473997444      -338553.688    
  0.474997431      -338774.344    
  0.475997418      -338987.438    
  0.476997405      -339192.938    
  0.477997392      -339390.812    
  0.478997380      -339581.062    
  0.479997367      -339763.688    
  0.480997354      -339938.656    
  0.481997341      -340105.969    
  0.482997328      -340265.625    
  0.483997315      -340417.625    
  0.484997302      -340561.938    
  0.485997289      -340698.531    
  0.486997277      -340827.438    
  0.487997264      -340948.625    
  0.488997251      -341062.062    
  0.489997238      -341167.781    
  0.490997225      -341265.750    
  0.491997212      -341355.969    
  0.492997199      -341438.406    
  0.493997186      -341513.062    
  0.494997174      -341579.938    
  0.495997161      -341639.031    
  0.496997148      -341690.312    
  0.497997135      -341733.781    
  0.498997122      -341769.438    
  0.499997109      -341797.250    
  0.500997126      -341817.250    
  0.501997113      -341829.406    
  0.502997100      -341833.688    
  0.503997087      -341830.125    
  0.504997075      -341818.688    
  0.505997062      -341799.375    
  0.506997049      -341772.156    
  0.507997036      -341737.062    
  0.508997023      -341694.062    
  0.509997010      -341643.156    
  0.510996997      -341584.344    
  0.511996984      -341517.594    
  0.512996972      -341442.938    
  0.513996959      -341360.344    
  0.514996946      -341269.812    
  0.515996933      -341171.312    
  0.516996920      -341064.875    
  0.517996907      -340950.469    
  0.518996894      -340828.094    
  0.519996881      -340697.750    
  0.520996869      -340559.438    
  0.521996856      -340413.156    
  0.522996843      -340258.875    
  0.523996830      -340096.594    
  0.524996817      -339926.344    
  0.525996804      -339748.094    
  0.526996791      -339561.812    
  0.527996778      -339367.531    
  0.528996766      -339165.250    
  0.529996753      -338954.938    
  0.530996740      -338736.594    
  0.531996727      -338510.219    
  0.532996714      -338275.812    
  0.533996701      -338033.375    
  0.534996688      -337782.906    
  0.535996675      -337524.406    
  0.536996663      -337257.844    
  0.537996650      -336983.250    
  0.538996637      -336700.594    
  0.539996624      -336409.875    
  0.540996611      -336111.125    
  0.541996598      -335804.312    
  0.542996585      -335489.438    
  0.543996572      -335166.500    
  0.544996560      -334835.500    
  0.545996547      -334496.438    
  0.546996534      -334149.281    
  0.547996521      -333794.062    
  0.548996508      -333430.781    
  0.549996495      -333059.438    
  0.550996482      -332680.000    
  0.551996469      -332292.500    
  0.552996457      -331896.938    
  0.553996444      -331493.281    
  0.554996431      -331081.562    
  0.555996418      -330661.750    
  0.556996405      -330233.875    
  0.557996392      -329797.906    
  0.558996379      -329353.875    
  0.559996367      -328901.750    
  0.560996354      -328441.562    
  0.561996341      -327973.312    
  0.562996328      -327496.969    
  0.563996315      -327012.562    
  0.564996302      -326520.094    
  0.565996289      -326019.531    
  0.566996276      -325510.906    
  0.567996264      -324994.219    
  0.568996251      -324469.469    
  0.569996238      -323936.656    
  0.570996225      -323395.781    
  0.571996212      -322846.844    
  0.572996199      -322289.844    
  0.573996186      -321724.781    
  0.574996173      -321151.688    
  0.575996161      -320570.531    
  0.576996148      -319981.312    
  0.577996135      -319384.062    
  0.578996122      -318778.781    
  0.579996109      -318165.438    
  0.580996096      -317544.062    
  0.581996083      -316914.656    
  0.582996070      -316277.250    
  0.583996058      -315631.812    
  0.584996045      -314978.344    
  0.585996032      -314316.875    
  0.586996019      -313647.406    
  0.587996006      -312969.906    
  0.588995993      -312284.406    
  0.589995980      -311590.938    
  0.590995967      -310889.469    
  0.591995955      -310180.000    
  0.592995942      -309462.562    
  0.593995929      -308737.156    
  0.594995916      -308003.781    
  0.595995903      -307262.438    
  0.596995890      -306513.156    
  0.597995877      -305755.906    
  0.598995864      -304990.719    
  0.599995852      -304217.594    
  0.600995839      -303436.531    
  0.601995826      -302647.562    
  0.602995813      -301850.688    
  0.603995800      -301045.906    
  0.604995787      -300233.219    
  0.605995774      -299412.625    
  0.606995761      -298584.156    
  0.607995749      -297747.812    
  0.608995736      -296903.594    
  0.609995723      -296051.500    
  0.610995710      -295191.562    
  0.611995697      -294323.781    
  0.612995684      -293448.156    
  0.613995671      -292564.719    
  0.614995658      -291673.438    
  0.615995646      -290774.375    
  0.616995633      -289867.500    
  0.617995620      -288952.844    
  0.618995607      -288030.406    
  0.619995594      -287100.188    
  0.620995581      -286162.219    
  0.621995568      -285216.500    
  0.622995555      -284263.031    
  0.623995543      -283301.812    
  0.624995530      -282332.875    
  0.625995517      -281356.250    
  0.626995504      -280371.906    
  0.627995491      -279379.875    
  0.628995478      -278380.188    
  0.629995465      -277372.812    
  0.630995452      -276357.781    
  0.631995440      -275335.125    
  0.632995427      -274304.844    
  0.633995414      -273266.938    
  0.634995401      -272221.438    
  0.635995388      -271168.344    
  0.636995375      -270107.656    
  0.637995362      -269039.406    
  0.638995349      -267963.594    
  0.639995337      -266880.250    
  0.640995324      -265789.375    
  0.641995311      -264690.969    
  0.642995298      -263585.062    
  0.643995285      -262471.656    
  0.644995272      -261350.781    
  0.645995259      -260222.453    
  0.646995246      -259086.672    
  0.647995234      -257943.453    
  0.648995221      -256792.812    
  0.649995208      -255634.781    
  0.650995195      -254469.359    
  0.651995182      -253296.562    
  0.652995169      -252116.406    
  0.653995156      -250928.906    
  0.654995143      -249734.062    
  0.655995131      -248531.906    
  0.656995118      -247322.453    
  0.657995105      -246105.719    
  0.658995092      -244881.719    
  0.659995079      -243650.469    
  0.660995066      -242411.984    
  0.661995053      -241166.281    
  0.662995040      -239913.375    
  0.663995028      -238653.297    
  0.664995015      -237386.047    
  0.665995002      -236111.641    
  0.666994989      -234830.109    
  0.667994976      -233541.453    
  0.668994963      -232245.703    
  0.669994950      -230942.875    
  0.670994937      -229632.984    
  0.671994925      -228316.047    
  0.672994912      -226992.094    
  0.673994899      -225661.125    
  0.674994886      -224323.172    
  0.675994873      -222978.250    
  0.676994860      -221626.375    
  0.677994847      -220267.562    
  0.678994834      -218901.844    
  0.679994822      -217529.219    
  0.680994809      -216149.719    
  0.681994796      -214763.375    
  0.682994783      -213370.188    
  0.683994770      -211970.188    
  0.684994757      -210563.391    
  0.685994744      -209149.828    
  0.686994731      -207729.500    
  0.687994719      -206302.438    
  0.688994706      -204868.672    
  0.689994693      -203428.203    
  0.690994680      -201981.062    
  0.691994667      -200527.281    
  0.692994654      -199066.875    
  0.693994641      -197599.859    
  0.694994628      -196126.250    
  0.695994616      -194646.078    
  0.696994603      -193159.375    
  0.697994590      -191666.141    
  0.698994577      -190166.406    
  0.699994564      -188660.203    
  0.700994551      -187147.547    
  0.701994538      -185628.469    
  0.702994525      -184102.984    
  0.703994513      -182571.109    
  0.704994500      -181032.875    
  0.705994487      -179488.297    
  0.706994474      -177937.406    
  0.707994461      -176380.234    
  0.708994448      -174816.797    
  0.709994435      -173247.109    
  0.710994422      -171671.203    
  0.711994410      -170089.109    
  0.712994397      -168500.844    
  0.713994384      -166906.438    
  0.714994371      -165305.906    
  0.715994358      -163699.281    
  0.716994345      -162086.594    
  0.717994332      -160467.859    
  0.718994319      -158843.094    
  0.719994307      -157212.344    
  0.720994294      -155575.625    
  0.721994281      -153932.953    
  0.722994268      -152284.375    
  0.723994255      -150629.906    
  0.724994242      -148969.562    
  0.725994229      -147303.391    
  0.726994216      -145631.406    
  0.727994204      -143953.641    
  0.728994191      -142270.109    
  0.729994178      -140580.844    
  0.730994165      -138885.875    
  0.731994152      -137185.234    
  0.732994139      -135478.953    
  0.733994126      -133767.047    
  0.734994113      -132049.547    
  0.735994101      -130326.477    
  0.736994088      -128597.867    
  0.737994075      -126863.750    
  0.738994062      -125124.148    
  0.739994049      -123379.094    
  0.740994036      -121628.617    
  0.741994023      -119872.742    
  0.742994010      -118111.500    
  0.743993998      -116344.922    
  0.744993985      -114573.039    
  0.745993972      -112795.875    
  0.746993959      -111013.461    
  0.747993946      -109225.828    
  0.748993933      -107433.000    
  0.749993920      -105635.016    
  0.750993907      -103831.898    
  0.751993895      -102023.680    
  0.752993882      -100210.391    
  0.753993869      -98392.0625    
  0.754993856      -96568.7266    
  0.755993843      -94740.4141    
  0.756993830      -92907.1562    
  0.757993817      -91068.9844    
  0.758993804      -89225.9219    
  0.759993792      -87378.0078    
  0.760993779      -85525.2734    
  0.761993766      -83667.7500    
  0.762993753      -81805.4609    
  0.763993740      -79938.4453    
  0.764993727      -78066.7344    
  0.765993714      -76190.3672    
  0.766993701      -74309.3672    
  0.767993689      -72423.7656    
  0.768993676      -70533.6016    
  0.769993663      -68638.9062    
  0.770993650      -66739.7109    
  0.771993637      -64836.0469    
  0.772993624      -62927.9492    
  0.773993611      -61015.4492    
  0.774993598      -59098.5820    
  0.775993586      -57177.3828    
  0.776993573      -55251.8828    
  0.777993560      -53322.1172    
  0.778993547      -51388.1172    
  0.779993534      -49449.9219    
  0.780993521      -47507.5625    
  0.781993508      -45561.0703    
  0.782993495      -43610.4844    
  0.783993483      -41655.8359    
  0.784993470      -39697.1641    
  0.785993457      -37734.5000    
  0.786993444      -35767.8789    
  0.787993431      -33797.3359    
  0.788993418      -31822.9082    
  0.789993405      -29844.6309    
  0.790993392      -27862.5371    
  0.791993380      -25876.6641    
  0.792993367      -23887.0469    
  0.793993354      -21893.7227    
  0.794993341      -19896.7266    
  0.795993328      -17896.0957    
  0.796993315      -15891.8643    
  0.797993302      -13884.0703    
  0.798993289      -11872.7500    
  0.799993277      -9857.93945    
  0.800993264      -7839.67578    
  0.801993251      -5817.99561    
  0.802993238      -3792.93604    
  0.803993225      -1764.53467    
  0.804993212       267.171509    
  0.805993199       2302.14526    
  0.806993186       4340.34912    
  0.807993174       6381.74561    
  0.808993161       8426.29688    
  0.809993148       10473.9648    
  0.810993135       12524.7109    
  0.811993122       14578.4980    
  0.812993109       16635.2871    
  0.813993096       18695.0410    
  0.814993083       20757.7207    
  0.815993071       22823.2871    
  0.816993058       24891.7012    
  0.817993045       26962.9258    
  0.818993032       29036.9199    
  0.819993019       31113.6465    
  0.820993006       33193.0664    
  0.821992993       35275.1367    
  0.822992980       37359.8203    
  0.823992968       39447.0820    
  0.824992955       41536.8750    
  0.825992942       43629.1641    
  0.826992929       45723.9062    
  0.827992916       47821.0664    
  0.828992903       49920.6016    
  0.829992890       52022.4688    
  0.830992877       54126.6328    
  0.831992865       56233.0508    
  0.832992852       58341.6797    
  0.833992839       60452.4844    
  0.834992826       62565.4219    
  0.835992813       64680.4492    
  0.836992800       66797.5234    
  0.837992787       68916.6094    
  0.838992774       71037.6641    
  0.839992762       73160.6484    
  0.840992749       75285.5156    
  0.841992736       77412.2266    
  0.842992723       79540.7422    
  0.843992710       81671.0156    
  0.844992697       83803.0078    
  0.845992684       85936.6797    
  0.846992671       88071.9844    
  0.847992659       90208.8828    
  0.848992646       92347.3281    
  0.849992633       94487.2812    
  0.850992620       96628.7031    
  0.851992607       98771.5469    
  0.852992594       100915.773    
  0.853992581       103061.336    
  0.854992568       105208.195    
  0.855992556       107356.312    
  0.856992543       109505.633    
  0.857992530       111656.125    
  0.858992517       113807.734    
  0.859992504       115960.430    
  0.860992491       118114.156    
  0.861992478       120268.875    
  0.862992465       122424.547    
  0.863992453       124581.125    
  0.864992440       126738.562    
  0.865992427       128896.820    
  0.866992414       131055.852    
  0.867992401       133215.609    
  0.868992388       135376.062    
  0.869992375       137537.156    
  0.870992362       139698.844    
  0.871992350       141861.078    
  0.872992337       144023.828    
  0.873992324       146187.031    
  0.874992311       148350.656    
  0.875992298       150514.656    
  0.876992285       152678.984    
  0.877992272       154843.609    
  0.878992260       157008.469    
  0.879992247       159173.516    
  0.880992234       161338.719    
  0.881992221       163504.031    
  0.882992208       165669.391    
  0.883992195       167834.766    
  0.884992182       170000.109    
  0.885992169       172165.375    
  0.886992157       174330.516    
  0.887992144       176495.500    
  0.888992131       178660.266    
  0.889992118       180824.766    
  0.890992105       182988.969    
  0.891992092       185152.812    
  0.892992079       187316.266    
  0.893992066       189479.266    
  0.894992054       191641.781    
  0.895992041       193803.750    
  0.896992028       195965.141    
  0.897992015       198125.906    
  0.898992002       200285.984    
  0.899991989       202445.344    
  0.900991976       204603.938    
  0.901991963       206761.703    
  0.902991951       208918.609    
  0.903991938       211074.609    
  0.904991925       213229.656    
  0.905991912       215383.688    
  0.906991899       217536.672    
  0.907991886       219688.562    
  0.908991873       221839.297    
  0.909991860       223988.844    
  0.910991848       226137.141    
  0.911991835       228284.156    
  0.912991822       230429.844    
  0.913991809       232574.141    
  0.914991796       234717.000    
  0.915991783       236858.391    
  0.916991770       238998.250    
  0.917991757       241136.531    
  0.918991745       243273.203    
  0.919991732       245408.203    
  0.920991719       247541.484    
  0.921991706       249673.000    
  0.922991693       251802.703    
  0.923991680       253930.547    
  0.924991667       256056.469    
  0.925991654       258180.438    
  0.926991642       260302.406    
  0.927991629       262422.312    
  0.928991616       264540.125    
  0.929991603       266655.781    
  0.930991590       268769.250    
  0.931991577       270880.469    
  0.932991564       272989.375    
  0.933991551       275095.938    
  0.934991539       277200.094    
  0.935991526       279301.812    
  0.936991513       281401.031    
  0.937991500       283497.719    
  0.938991487       285591.812    
  0.939991474       287683.281    
  0.940991461       289772.062    
  0.941991448       291858.094    
  0.942991436       293941.344    
  0.943991423       296021.750    
  0.944991410       298099.281    
  0.945991397       300173.875    
  0.946991384       302245.500    
  0.947991371       304314.094    
  0.948991358       306379.594    
  0.949991345       308441.969    
  0.950991333       310501.188    
  0.951991320       312557.156    
  0.952991307       314609.844    
  0.953991294       316659.219    
  0.954991281       318705.219    
  0.955991268       320747.781    
  0.956991255       322786.875    
  0.957991242       324822.438    
  0.958991230       326854.438    
  0.959991217       328882.812    
  0.960991204       330907.500    
  0.961991191       332928.469    
  0.962991178       334945.688    
  0.963991165       336959.062    
  0.964991152       338968.562    
  0.965991139       340974.156    
  0.966991127       342975.781    
  0.967991114       344973.375    
  0.968991101       346966.906    
  0.969991088       348956.312    
  0.970991075       350941.531    
  0.971991062       352922.531    
  0.972991049       354899.281    
  0.973991036       356871.719    
  0.974991024       358839.781    
  0.975991011       360803.406    
  0.976990998       362762.562    
  0.977990985       364717.219    
  0.978990972       366667.281    
  0.979990959       368612.750    
  0.980990946       370553.531    
  0.981990933       372489.594    
  0.982990921       374420.875    
  0.983990908       376347.344    
  0.984990895       378268.938    
  0.985990882       380185.625    
  0.986990869       382097.344    
  0.987990856       384004.031    
  0.988990843       385905.656    
  0.989990830       387802.156    
  0.990990818       389693.500    
  0.991990805       391579.625    
  0.992990792       393460.469    
  0.993990779       395336.000    
  0.994990766       397206.156    
  0.995990753       399070.906    
  0.996990740       400930.188    
  0.997990727       402783.938    
  0.998990715       404632.125    
  0.999990702       406474.688    
   1.00099075       408311.594    
   1.00199080       410142.781    
   1.00299084       411968.188    
   1.00399089       413787.781    
   1.00499094       415601.500    
   1.00599098       417409.312    
   1.00699103       419211.125    
   1.00799108       421006.938    
   1.00899112       422796.688    
   1.00999117       424580.312    
   1.01099122       426357.750    
   1.01199126       428128.969    
   1.01299131       429893.938    
   1.01399136       431652.594    
   1.01499140       433404.875    
   1.01599145       435150.750    
   1.01699150       436890.156    
   1.01799154       438623.031    
   1.01899159       440349.344    
   1.01999164       442069.031    
   1.02099168       443782.062    
   1.02199173       445488.375    
   1.02299178       447187.906    
   1.02399182       448880.625    
   1.02499187       450566.500    
   1.02599192       452245.438    
   1.02699196       453917.438    
   1.02799201       455582.406    
   1.02899206       457240.312    
   1.02999210       458891.125    
   1.03099215       460534.750    
   1.03199220       462171.188    
   1.03299224       463800.344    
   1.03399229       465422.219    
   1.03499234       467036.719    
   1.03599238       468643.812    
   1.03699243       470243.438    
   1.03799248       471835.562    
   1.03899252       473420.125    
   1.03999257       474997.094    
   1.04099262       476566.406    
   1.04199266       478128.031    
   1.04299271       479681.906    
   1.04399276       481227.969    
   1.04499280       482766.188    
   1.04599285       484296.500    
   1.04699290       485818.875    
   1.04799294       487333.250    
   1.04899299       488839.594    
   1.04999304       490337.844    
   1.05099308       491827.969    
   1.05199313       493309.875    
   1.05299318       494783.562    
   1.05399323       496248.969    
   1.05499327       497706.031    
   1.05599332       499154.719    
   1.05699337       500594.969    
   1.05799341       502026.750    
   1.05899346       503450.000    
   1.05999351       504864.688    
   1.06099355       506270.750    
   1.06199360       507668.125    
   1.06299365       509056.781    
   1.06399369       510436.688    
   1.06499374       511807.781    
   1.06599379       513170.000    
   1.06699383       514523.312    
   1.06799388       515867.688    
   1.06899393       517203.062    
   1.06999397       518529.375    
   1.07099402       519846.594    
   1.07199407       521154.656    
   1.07299411       522453.531    
   1.07399416       523743.156    
   1.07499421       525023.500    
   1.07599425       526294.500    
   1.07699430       527556.125    
   1.07799435       528808.312    
   1.07899439       530051.062    
   1.07999444       531284.312    
   1.08099449       532507.938    
   1.08199453       533722.000    
   1.08299458       534926.375    
   1.08399463       536121.062    
   1.08499467       537306.000    
   1.08599472       538481.125    
   1.08699477       539646.438    
   1.08799481       540801.812    
   1.08899486       541947.250    
   1.08999491       543082.750    
   1.09099495       544208.188    
   1.09199500       545323.562    
   1.09299505       546428.812    
   1.09399509       547523.938    
   1.09499514       548608.812    
   1.09599519       549683.438    
   1.09699523       550747.750    
   1.09799528       551801.750    
   1.09899533       552845.375    
   1.09999537       553878.562    
   1.10099542       554901.250    
   1.10199547       555913.438    
   1.10299551       556915.062    
   1.10399556       557906.062    
   1.10499561       558886.375    
   1.10599566       559856.000    
   1.10699570       560814.875    
   1.10799575       561763.000    
   1.10899580       562700.250    
   1.10999584       563626.625    
   1.11099589       564542.125    
   1.11199594       565446.625    
   1.11299598       566340.125    
   1.11399603       567222.625    
   1.11499608       568094.000    
   1.11599612       568954.250    
   1.11699617       569803.312    
   1.11799622       570641.125    
   1.11899626       571467.688    
   1.11999631       572282.938    
   1.12099636       573086.875    
   1.12199640       573879.375    
   1.12299645       574660.500    
   1.12399650       575430.125    
   1.12499654       576188.250    
   1.12599659       576934.812    
   1.12699664       577669.750    
   1.12799668       578393.062    
   1.12899673       579104.688    
   1.12999678       579804.562    
   1.13099682       580492.688    
   1.13199687       581169.000    
   1.13299692       581833.438    
   1.13399696       582486.000    
   1.13499701       583126.625    
   1.13599706       583755.312    
   1.13699710       584372.000    
   1.13799715       584976.625    
   1.13899720       585569.125    
   1.13999724       586149.500    
   1.14099729       586717.688    
   1.14199734       587273.688    
   1.14299738       587817.438    
   1.14399743       588348.875    
   1.14499748       588868.000    
   1.14599752       589374.750    
   1.14699757       589869.125    
   1.14799762       590351.000    
   1.14899766       590820.438    
   1.14999771       591277.312    
   1.15099776       591721.625    
   1.15199780       592153.375    
   1.15299785       592572.438    
   1.15399790       592978.875    
   1.15499794       593372.562    
   1.15599799       593753.500    
   1.15699804       594121.625    
   1.15799809       594476.938    
   1.15899813       594819.375    
   1.15999818       595148.938    
   1.16099823       595465.562    
   1.16199827       595769.188    
   1.16299832       596059.812    
   1.16399837       596337.375    
   1.16499841       596601.875    
   1.16599846       596853.250    
   1.16699851       597091.500    
   1.16799855       597316.562    
   1.16899860       597528.375    
   1.16999865       597726.938    
   1.17099869       597912.188    
   1.17199874       598084.125    
   1.17299879       598242.688    
   1.17399883       598387.812    
   1.17499888       598519.500    
   1.17599893       598637.750    
   1.17699897       598742.500    
   1.17799902       598833.688    
   1.17899907       598911.312    
   1.17999911       598975.312    
   1.18099916       599025.688    
   1.18199921       599062.375    
   1.18299925       599085.375    
   1.18399930       599094.625    
   1.18499935       599090.062    
   1.18599939       599071.688    
   1.18699944       599039.500    
   1.18799949       598993.438    
   1.18899953       598933.500    
   1.18999958       598859.625    
   1.19099963       598771.750    
   1.19199967       598669.875    
   1.19299972       598554.000    
   1.19399977       598424.062    
   1.19499981       598280.000    
   1.19599986       598121.812    
   1.19699991       597949.500    
   1.19799995       597763.000    
   1.19900000       597562.312    
   1.20000005       597347.375    
   1.20100009       597118.125    
   1.20200014       596874.625    
   1.20300019       596616.750    
   1.20400023       596344.562    
   1.20500028       596057.938    
   1.20600033       595756.938    
   1.20700037       595441.500    
   1.20800042       595111.562    
   1.20900047       594767.125    
   1.21000051       594408.125    
   1.21100056       594034.625    
   1.21200061       593646.500    
   1.21300066       593243.750    
   1.21400070       592826.375    
   1.21500075       592394.312    
   1.21600080       591947.562    
   1.21700084       591486.125    
   1.21800089       591009.938    
   1.21900094       590519.000    
   1.22000098       590013.250    
   1.22100103       589492.688    
   1.22200108       588957.250    
   1.22300112       588406.938    
   1.22400117       587841.750    
   1.22500122       587261.625    
   1.22600126       586666.562    
   1.22700131       586056.500    
   1.22800136       585431.438    
   1.22900140       584791.375    
   1.23000145       584136.312    
   1.23100150       583466.125    
   1.23200154       582780.875    
   1.23300159       582080.500    
   1.23400164       581365.000    
   1.23500168       580634.375    
   1.23600173       579888.562    
   1.23700178       579127.562    
   1.23800182       578351.312    
   1.23900187       577559.812    
   1.24000192       576753.062    
   1.24100196       575931.000    
   1.24200201       575093.688    
   1.24300206       574241.000    
   1.24400210       573373.000    
   1.24500215       572489.625    
   1.24600220       571590.875    
   1.24700224       570676.688    
   1.24800229       569747.062    
   1.24900234       568802.000    
   1.25000238       567841.500    
   1.25100243       566865.500    
   1.25200248       565874.000    
   1.25300252       564867.000    
   1.25400257       563844.438    
   1.25500262       562806.375    
   1.25600266       561752.688    
   1.25700271       560683.438    
   1.25800276       559598.562    
   1.25900280       558498.062    
   1.26000285       557381.938    
   1.26100290       556250.188    
   1.26200294       555102.750    
   1.26300299       553939.625    
   1.26400304       552760.812    
   1.26500309       551566.312    
   1.26600313       550356.062    
   1.26700318       549130.062    
   1.26800323       547888.312    
   1.26900327       546630.812    
   1.27000332       545357.500    
   1.27100337       544068.375    
   1.27200341       542763.438    
   1.27300346       541442.688    
   1.27400351       540106.125    
   1.27500355       538753.688    
   1.27600360       537385.438    
   1.27700365       536001.312    
   1.27800369       534601.250    
   1.27900374       533185.312    
   1.28000379       531753.500    
   1.28100383       530305.750    
   1.28200388       528842.062    
   1.28300393       527362.438    
   1.28400397       525866.875    
   1.28500402       524355.375    
   1.28600407       522827.906    
   1.28700411       521284.438    
   1.28800416       519725.000    
   1.28900421       518149.562    
   1.29000425       516558.125    
   1.29100430       514950.688    
   1.29200435       513327.250    
   1.29300439       511687.781    
   1.29400444       510032.281    
   1.29500449       508360.750    
   1.29600453       506673.156    
   1.29700458       504969.531    
   1.29800463       503249.844    
   1.29900467       501514.094    
   1.30000472       499762.281    
   1.30100477       497994.406    
   1.30200481       496210.469    
   1.30300486       494410.438    
   1.30400491       492594.312    
   1.30500495       490762.125    
   1.30600500       488913.844    
   1.30700505       487049.469    
   1.30800509       485169.000    
   1.30900514       483272.406    
   1.31000519       481359.719    
   1.31100523       479430.938    
   1.31200528       477486.031    
   1.31300533       475525.031    
   1.31400537       473547.938    
   1.31500542       471554.719    
   1.31600547       469545.406    
   1.31700552       467519.969    
   1.31800556       465478.438    
   1.31900561       463420.781    
   1.32000566       461347.031    
   1.32100570       459257.156    
   1.32200575       457151.188    
   1.32300580       455029.125    
   1.32400584       452890.938    
   1.32500589       450736.656    
   1.32600594       448566.281    
   1.32700598       446379.812    
   1.32800603       444177.250    
   1.32900608       441958.594    
   1.33000612       439723.875    
   1.33100617       437473.062    
   1.33200622       435206.188    
   1.33300626       432923.219    
   1.33400631       430624.188    
   1.33500636       428309.094    
   1.33600640       425977.969    
   1.33700645       423630.781    
   1.33800650       421267.562    
   1.33900654       418888.312    
   1.34000659       416493.031    
   1.34100664       414081.719    
   1.34200668       411654.406    
   1.34300673       409211.094    
   1.34400678       406751.781    
   1.34500682       404276.469    
   1.34600687       401785.188    
   1.34700692       399277.938    
   1.34800696       396754.719    
   1.34900701       394215.562    
   1.35000706       391660.469    
   1.35100710       389089.438    
   1.35200715       386502.500    
   1.35300720       383899.656    
   1.35400724       381280.906    
   1.35500729       378646.281    
   1.35600734       375995.781    
   1.35700738       373329.438    
   1.35800743       370647.219    
   1.35900748       367949.188    
   1.36000752       365235.344    
   1.36100757       362505.688    
   1.36200762       359760.250    
   1.36300766       356999.031    
   1.36400771       354222.062    
   1.36500776       351429.344    
   1.36600780       348620.906    
   1.36700785       345796.750    
   1.36800790       342956.875    
   1.36900795       340101.344    
   1.37000799       337230.156    
   1.37100804       334343.312    
   1.37200809       331440.844    
   1.37300813       328522.750    
   1.37400818       325589.062    
   1.37500823       322639.812    
   1.37600827       319675.000    
   1.37700832       316694.656    
   1.37800837       313698.812    
   1.37900841       310687.469    
   1.38000846       307660.656    
   1.38100851       304618.406    
   1.38200855       301560.719    
   1.38300860       298487.625    
   1.38400865       295399.125    
   1.38500869       292295.281    
   1.38600874       289176.094    
   1.38700879       286041.594    
   1.38800883       282891.781    
   1.38900888       279726.688    
   1.39000893       276546.375    
   1.39100897       273350.812    
   1.39200902       270140.062    
   1.39300907       266914.156    
   1.39400911       263673.094    
   1.39500916       260416.906    
   1.39600921       257145.625    
   1.39700925       253859.266    
   1.39800930       250557.875    
   1.39900935       247241.469    
   1.40000939       243910.078    
   1.40100944       240563.719    
   1.40200949       237202.438    
   1.40300953       233826.250    
   1.40400958       230435.188    
   1.40500963       227029.281    
   1.40600967       223608.562    
   1.40700972       220173.062    
   1.40800977       216722.812    
   1.40900981       213257.844    
   1.41000986       209778.188    
   1.41100991       206283.859    
   1.41200995       202774.906    
   1.41301000       199251.359    
   1.41401005       195713.250    
   1.41501009       192160.625    
   1.41601014       188593.500    
   1.41701019       185011.922    
   1.41801023       181415.906    
   1.41901028       177805.500    
   1.42001033       174180.734    
   1.42101038       170541.656    
   1.42201042       166888.297    
   1.42301047       163220.688    
   1.42401052       159538.859    
   1.42501056       155842.859    
   1.42601061       152132.719    
   1.42701066       148408.484    
   1.42801070       144670.188    
   1.42901075       140917.859    
   1.43001080       137151.547    
   1.43101084       133371.281    
   1.43201089       129577.117    
   1.43301094       125769.086    
   1.43401098       121947.227    
   1.43501103       118111.586    
   1.43601108       114262.195    
   1.43701112       110399.102    
   1.43801117       106522.352    
   1.43901122       102631.977    
   1.44001126       98728.0234    
   1.44101131       94810.5391    
   1.44201136       90879.5625    
   1.44301140       86935.1406    
   1.44401145       82977.3203    
   1.44501150       79006.1406    
   1.44601154       75021.6484    
   1.44701159       71023.8906    
   1.44801164       67012.9062    
   1.44901168       62988.7461    
   1.45001173       58951.4570    
   1.45101178       54901.0859    
   1.45201182       50837.6758    
   1.45301187       46761.2773    
   1.45401192       42671.9414    
   1.45501196       38569.7109    
   1.45601201       34454.6367    
   1.45701206       30326.7695    
   1.45801210       26186.1562    
   1.45901215       22032.8496    
   1.46001220       17866.8984    
   1.46101224       13688.3525    
   1.46201229       9497.26367    
   1.46301234       5293.68359    
   1.46401238       1077.66357    
   1.46501243      -3150.74414    
   1.46601248      -7391.48682    
   1.46701252      -11644.5107    
   1.46801257      -15909.7637    
   1.46901262      -20187.1914    
   1.47001266      -24476.7402    
   1.47101271      -28778.3555    
   1.47201276      -33091.9805    
   1.47301280      -37417.5625    
   1.47401285      -41755.0469    
   1.47501290      -46104.3750    
   1.47601295      -50465.4883    
   1.47701299      -54838.3320    
   1.47801304      -59222.8516    
   1.47901309      -63618.9844    
   1.48001313      -68026.6719    
   1.48101318      -72445.8594    
   1.48201323      -76876.4922    
   1.48301327      -81318.5078    
   1.48401332      -85771.8438    
   1.48501337      -90236.4375    
   1.48601341      -94712.2344    
   1.48701346      -99199.1719    
   1.48801351      -103697.188    
   1.48901355      -108206.219    
   1.49001360      -112726.211    
   1.49101365      -117257.094    
   1.49201369      -121798.805    
   1.49301374      -126351.289    
   1.49401379      -130914.477    
   1.49501383      -135488.297    
   1.49601388      -140072.703    
   1.49701393      -144667.609    
   1.49801397      -149272.969    
   1.49901402      -153888.703    
   1.50001407      -158514.750    
   1.50101411      -163151.047    
   1.50201416      -167797.531    
   1.50301421      -172454.125    
   1.50401425      -177120.766    
   1.50501430      -181797.391    
   1.50601435      -186483.922    
   1.50701439      -191180.297    
   1.50801444      -195886.438    
   1.50901449      -200602.281    
   1.51001453      -205327.766    
   1.51101458      -210062.812    
   1.51201463      -214807.344    
   1.51301467      -219561.297    
   1.51401472      -224324.594    
   1.51501477      -229097.172    
   1.51601481      -233878.953    
   1.51701486      -238669.875    
   1.51801491      -243469.859    
   1.51901495      -248278.828    
   1.52001500      -253096.703    
   1.52101505      -257923.422    
   1.52201509      -262758.906    
   1.52301514      -267603.094    
   1.52401519      -272455.875    
   1.52501523      -277317.188    
   1.52601528      -282186.969    
   1.52701533      -287065.125    
   1.52801538      -291951.594    
   1.52901542      -296846.312    
   1.53001547      -301749.188    
   1.53101552      -306660.125    
   1.53201556      -311579.062    
   1.53301561      -316505.906    
   1.53401566      -321440.594    
   1.53501570      -326383.031    
   1.53601575      -331333.156    
   1.53701580      -336290.875    
   1.53801584      -341256.125    
   1.53901589      -346228.812    
   1.54001594      -351208.844    
   1.54101598      -356196.156    
   1.54201603      -361190.656    
   1.54301608      -366192.250    
   1.54401612      -371200.875    
   1.54501617      -376216.438    
   1.54601622      -381238.844    
   1.54701626      -386268.031    
   1.54801631      -391303.906    
   1.54901636      -396346.375    
   1.55001640      -401395.375    
   1.55101645      -406450.812    
   1.55201650      -411512.594    
   1.55301654      -416580.625    
   1.55401659      -421654.812    
   1.55501664      -426735.094    
   1.55601668      -431821.375    
   1.55701673      -436913.562    
   1.55801678      -442011.562    
   1.55901682      -447115.281    
   1.56001687      -452224.656    
   1.56101692      -457339.562    
   1.56201696      -462459.938    
   1.56301701      -467585.688    
   1.56401706      -472716.719    
   1.56501710      -477852.906    
   1.56601715      -482994.188    
   1.56701720      -488140.500    
   1.56801724      -493291.719    
   1.56901729      -498447.750    
   1.57001734      -503608.500    
   1.57101738      -508773.875    
   1.57201743      -513943.781    
   1.57301748      -519118.125    
   1.57401752      -524296.812    
   1.57501757      -529479.750    
   1.57601762      -534666.875    
   1.57701766      -539858.062    
   1.57801771      -545053.188    
   1.57901776      -550252.188    
   1.58001781      -555454.938    
   1.58101785      -560661.375    
   1.58201790      -565871.375    
   1.58301795      -571084.875    
   1.58401799      -576301.750    
   1.58501804      -581521.875    
   1.58601809      -586745.188    
   1.58701813      -591971.562    
   1.58801818      -597200.938    
   1.58901823      -602433.188    
   1.59001827      -607668.188    
   1.59101832      -612905.875    
   1.59201837      -618146.125    
   1.59301841      -623388.875    
   1.59401846      -628634.000    
   1.59501851      -633881.375    
   1.59601855      -639130.938    
   1.59701860      -644382.562    
   1.59801865      -649636.125    
   1.59901869      -654891.562    
   1.60001874      -660148.750    
   1.60101879      -665407.562    
   1.60201883      -670667.875    
   1.60301888      -675929.625    
   1.60401893      -681192.688    
   1.60501897      -686457.000    
   1.60601902      -691722.438    
   1.60701907      -696988.875    
   1.60801911      -702256.188    
   1.60901916      -707524.312    
   1.61001921      -712793.125    
   1.61101925      -718062.500    
   1.61201930      -723332.312    
   1.61301935      -728602.500    
   1.61401939      -733872.938    
   1.61501944      -739143.500    
   1.61601949      -744414.062    
   1.61701953      -749684.562    
   1.61801958      -754954.875    
   1.61901963      -760224.875    
   1.62001967      -765494.438    
   1.62101972      -770763.500    
   1.62201977      -776031.875    
   1.62301981      -781299.500    
   1.62401986      -786566.250    
   1.62501991      -791832.000    
   1.62601995      -797096.688    
   1.62702000      -802360.125    
   1.62802005      -807622.250    
   1.62902009      -812882.938    
   1.63002014      -818142.062    
   1.63102019      -823399.500    
   1.63202024      -828655.188    
   1.63302028      -833908.938    
   1.63402033      -839160.688    
   1.63502038      -844410.250    
   1.63602042      -849657.562    
   1.63702047      -854902.500    
   1.63802052      -860144.938    
   1.63902056      -865384.812    
   1.64002061      -870621.938    
   1.64102066      -875856.188    
   1.64202070      -881087.500    
   1.64302075      -886315.688    
   1.64402080      -891540.688    
   1.64502084      -896762.375    
   1.64602089      -901980.562    
   1.64702094      -907195.188    
   1.64802098      -912406.125    
   1.64902103      -917613.250    
   1.65002108      -922816.438    
   1.65102112      -928015.562    
   1.65202117      -933210.500    
   1.65302122      -938401.125    
   1.65402126      -943587.312    
   1.65502131      -948768.938    
   1.65602136      -953945.938    
   1.65702140      -959118.125    
   1.65802145      -964285.375    
   1.65902150      -969447.562    
   1.66002154      -974604.562    
   1.66102159      -979756.250    
   1.66202164      -984902.562    
   1.66302168      -990043.312    
   1.66402173      -995178.375    
   1.66502178      -1000307.62    
   1.66602182      -1005430.94    
   1.66702187      -1010548.19    
   1.66802192      -1015659.25    
   1.66902196      -1020764.00    
   1.67002201      -1025862.25    
   1.67102206      -1030953.94    
   1.67202210      -1036038.94    
   1.67302215      -1041117.12    
   1.67402220      -1046188.31    
   1.67502224      -1051252.38    
   1.67602229      -1056309.25    
   1.67702234      -1061358.75    
   1.67802238      -1066400.75    
   1.67902243      -1071435.12    
   1.68002248      -1076461.75    
   1.68102252      -1081480.50    
   1.68202257      -1086491.25    
   1.68302262      -1091493.88    
   1.68402267      -1096488.25    
   1.68502271      -1101474.12    
   1.68602276      -1106451.50    
   1.68702281      -1111420.25    
   1.68802285      -1116380.12    
   1.68902290      -1121331.12    
   1.69002295      -1126273.00    
   1.69102299      -1131205.62    
   1.69202304      -1136128.88    
   1.69302309      -1141042.62    
   1.69402313      -1145946.75    
   1.69502318      -1150841.12    
   1.69602323      -1155725.62    
   1.69702327      -1160600.12    
   1.69802332      -1165464.50    
   1.69902337      -1170318.50    
   1.70002341      -1175162.12    
   1.70102346      -1179995.12    
   1.70202351      -1184817.38    
   1.70302355      -1189628.88    
   1.70402360      -1194429.38    
   1.70502365      -1199218.75    
   1.70602369      -1203996.75    
   1.70702374      -1208763.38    
   1.70802379      -1213518.50    
   1.70902383      -1218261.88    
   1.71002388      -1222993.50    
   1.71102393      -1227713.12    
   1.71202397      -1232420.62    
   1.71302402      -1237115.88    
   1.71402407      -1241798.75    
   1.71502411      -1246469.12    
   1.71602416      -1251126.75    
   1.71702421      -1255771.62    
   1.71802425      -1260403.50    
   1.71902430      -1265022.25    
   1.72002435      -1269627.88    
   1.72102439      -1274220.12    
   1.72202444      -1278798.75    
   1.72302449      -1283363.75    
   1.72402453      -1287915.00    
   1.72502458      -1292452.25    
   1.72602463      -1296975.38    
   1.72702467      -1301484.25    
   1.72802472      -1305978.75    
   1.72902477      -1310458.75    
   1.73002481      -1314924.00    
   1.73102486      -1319374.50    
   1.73202491      -1323810.00    
   1.73302495      -1328230.38    
   1.73402500      -1332635.50    
   1.73502505      -1337025.25    
   1.73602509      -1341399.50    
   1.73702514      -1345758.00    
   1.73802519      -1350100.75    
   1.73902524      -1354427.50    
   1.74002528      -1358738.12    
   1.74102533      -1363032.38    
   1.74202538      -1367310.25    
   1.74302542      -1371571.50    
   1.74402547      -1375816.12    
   1.74502552      -1380043.88    
   1.74602556      -1384254.62    
   1.74702561      -1388448.12    
   1.74802566      -1392624.38    
   1.74902570      -1396783.12    
   1.75002575      -1400924.25    
   1.75102580      -1405047.62    
   1.75202584      -1409153.12    
   1.75302589      -1413240.50    
   1.75402594      -1417309.75    
   1.75502598      -1421360.62    
   1.75602603      -1425393.00    
   1.75702608      -1429406.75    
   1.75802612      -1433401.62    
   1.75902617      -1437377.62    
   1.76002622      -1441334.50    
   1.76102626      -1445272.12    
   1.76202631      -1449190.25    
   1.76302636      -1453088.88    
   1.76402640      -1456967.75    
   1.76502645      -1460826.75    
   1.76602650      -1464665.75    
   1.76702654      -1468484.62    
   1.76802659      -1472283.12    
   1.76902664      -1476061.25    
   1.77002668      -1479818.75    
   1.77102673      -1483555.50    
   1.77202678      -1487271.25    
   1.77302682      -1490966.00    
   1.77402687      -1494639.50    
   1.77502692      -1498291.62    
   1.77602696      -1501922.12    
   1.77702701      -1505531.00    
   1.77802706      -1509118.00    
   1.77902710      -1512683.00    
   1.78002715      -1516225.88    
   1.78102720      -1519746.50    
   1.78202724      -1523244.62    
   1.78302729      -1526720.12    
   1.78402734      -1530172.88    
   1.78502738      -1533602.75    
   1.78602743      -1537009.50    
   1.78702748      -1540393.12    
   1.78802752      -1543753.38    
   1.78902757      -1547090.00    
   1.79002762      -1550403.00    
   1.79102767      -1553692.12    
   1.79202771      -1556957.25    
   1.79302776      -1560198.25    
   1.79402781      -1563414.88    
   1.79502785      -1566607.12    
   1.79602790      -1569774.75    
   1.79702795      -1572917.62    
   1.79802799      -1576035.50    
   1.79902804      -1579128.38    
   1.80002809      -1582196.00    
   1.80102813      -1585238.25    
   1.80202818      -1588254.88    
   1.80302823      -1591245.88    
   1.80402827      -1594211.00    
   1.80502832      -1597150.12    
   1.80602837      -1600063.00    
   1.80702841      -1602949.62    
   1.80802846      -1605809.75    
   1.80902851      -1608643.25    
   1.81002855      -1611449.88    
   1.81102860      -1614229.62    
   1.81202865      -1616982.25    
   1.81302869      -1619707.62    
   1.81402874      -1622405.50    
   1.81502879      -1625075.88    
   1.81602883      -1627718.50    
   1.81702888      -1630333.25    
   1.81802893      -1632919.88    
   1.81902897      -1635478.38    
   1.82002902      -1638008.50    
   1.82102907      -1640510.12    
   1.82202911      -1642983.00    
   1.82302916      -1645427.12    
   1.82402921      -1647842.25    
   1.82502925      -1650228.25    
   1.82602930      -1652584.88    
   1.82702935      -1654912.00    
   1.82802939      -1657209.62    
   1.82902944      -1659477.38    
   1.83002949      -1661715.25    
   1.83102953      -1663923.00    
   1.83202958      -1666100.50    
   1.83302963      -1668247.62    
   1.83402967      -1670364.25    
   1.83502972      -1672450.12    
   1.83602977      -1674505.12    
   1.83702981      -1676529.12    
   1.83802986      -1678522.00    
   1.83902991      -1680483.50    
   1.84002995      -1682413.50    
   1.84103000      -1684311.88    
   1.84203005      -1686178.38    
   1.84303010      -1688012.88    
   1.84403014      -1689815.38    
   1.84503019      -1691585.50    
   1.84603024      -1693323.25    
   1.84703028      -1695028.38    
   1.84803033      -1696700.75    
   1.84903038      -1698340.25    
   1.85003042      -1699946.62    
   1.85103047      -1701519.88    
   1.85203052      -1703059.75    
   1.85303056      -1704566.00    
   1.85403061      -1706038.62    
   1.85503066      -1707477.38    
   1.85603070      -1708882.12    
   1.85703075      -1710252.75    
   1.85803080      -1711589.12    
   1.85903084      -1712891.00    
   1.86003089      -1714158.25    
   1.86103094      -1715390.75    
   1.86203098      -1716588.25    
   1.86303103      -1717750.75    
   1.86403108      -1718878.00    
   1.86503112      -1719969.75    
   1.86603117      -1721026.00    
   1.86703122      -1722046.50    
   1.86803126      -1723031.12    
   1.86903131      -1723979.75    
   1.87003136      -1724892.25    
   1.87103140      -1725768.38    
   1.87203145      -1726608.00    
   1.87303150      -1727411.00    
   1.87403154      -1728177.25    
   1.87503159      -1728906.50    
   1.87603164      -1729598.75    
   1.87703168      -1730253.75    
   1.87803173      -1730871.25    
   1.87903178      -1731451.25    
   1.88003182      -1731993.50    
   1.88103187      -1732497.88    
   1.88203192      -1732964.25    
   1.88303196      -1733392.50    
   1.88403201      -1733782.38    
   1.88503206      -1734133.75    
   1.88603210      -1734446.50    
   1.88703215      -1734720.50    
   1.88803220      -1734955.50    
   1.88903224      -1735151.50    
   1.89003229      -1735308.25    
   1.89103234      -1735425.62    
   1.89203238      -1735503.38    
   1.89303243      -1735541.50    
   1.89403248      -1735539.75    
   1.89503253      -1735498.00    
   1.89603257      -1735416.12    
   1.89703262      -1735293.88    
   1.89803267      -1735131.25    
   1.89903271      -1734928.00    
   1.90003276      -1734684.00    
   1.90103281      -1734399.12    
   1.90203285      -1734073.12    
   1.90303290      -1733705.88    
   1.90403295      -1733297.38    
   1.90503299      -1732847.38    
   1.90603304      -1732355.62    
   1.90703309      -1731822.12    
   1.90803313      -1731246.62    
   1.90903318      -1730629.12    
   1.91003323      -1729969.38    
   1.91103327      -1729267.25    
   1.91203332      -1728522.50    
   1.91303337      -1727735.12    
   1.91403341      -1726904.88    
   1.91503346      -1726031.62    
   1.91603351      -1725115.25    
   1.91703355      -1724155.62    
   1.91803360      -1723152.62    
   1.91903365      -1722106.00    
   1.92003369      -1721015.75    
   1.92103374      -1719881.62    
   1.92203379      -1718703.50    
   1.92303383      -1717481.25    
   1.92403388      -1716214.62    
   1.92503393      -1714903.62    
   1.92603397      -1713548.00    
   1.92703402      -1712147.75    
   1.92803407      -1710702.62    
   1.92903411      -1709212.50    
   1.93003416      -1707677.12    
   1.93103421      -1706096.50    
   1.93203425      -1704470.50    
   1.93303430      -1702798.88    
   1.93403435      -1701081.50    
   1.93503439      -1699318.38    
   1.93603444      -1697509.25    
   1.93703449      -1695653.88    
   1.93803453      -1693752.25    
   1.93903458      -1691804.25    
   1.94003463      -1689809.62    
   1.94103467      -1687768.38    
   1.94203472      -1685680.25    
   1.94303477      -1683545.12    
   1.94403481      -1681363.00    
   1.94503486      -1679133.62    
   1.94603491      -1676856.75    
   1.94703496      -1674532.38    
   1.94803500      -1672160.38    
   1.94903505      -1669740.62    
   1.95003510      -1667272.88    
   1.95103514      -1664757.12    
   1.95203519      -1662193.12    
   1.95303524      -1659580.75    
   1.95403528      -1656920.00    
   1.95503533      -1654210.62    
   1.95603538      -1651452.50    
   1.95703542      -1648645.50    
   1.95803547      -1645789.50    
   1.95903552      -1642884.38    
   1.96003556      -1639930.00    
   1.96103561      -1636926.25    
   1.96203566      -1633872.88    
   1.96303570      -1630769.88    
   1.96403575      -1627617.12    
   1.96503580      -1624414.50    
   1.96603584      -1621161.75    
   1.96703589      -1617858.88    
   1.96803594      -1614505.62    
   1.96903598      -1611102.00    
   1.97003603      -1607647.75    
   1.97103608      -1604142.88    
   1.97203612      -1600587.12    
   1.97303617      -1596980.50    
   1.97403622      -1593322.75    
   1.97503626      -1589613.88    
   1.97603631      -1585853.62    
   1.97703636      -1582042.00    
   1.97803640      -1578178.75    
   1.97903645      -1574263.88    
   1.98003650      -1570297.25    
   1.98103654      -1566278.62    
   1.98203659      -1562208.00    
   1.98303664      -1558085.12    
   1.98403668      -1553910.00    
   1.98503673      -1549682.50    
   1.98603678      -1545402.50    
   1.98703682      -1541069.75    
   1.98803687      -1536684.25    
   1.98903692      -1532245.88    
   1.99003696      -1527754.50    
   1.99103701      -1523210.00    
   1.99203706      -1518612.25    
   1.99303710      -1513961.12    
   1.99403715      -1509256.62    
   1.99503720      -1504498.50    
   1.99603724      -1499686.62    
   1.99703729      -1494821.00    
   1.99803734      -1489901.50    
   1.99903738      -1484927.88    
   2.00003743      -1479900.12    
   2.00103736      -1474818.12    
   2.00203729      -1469681.75    
   2.00303721      -1464490.88    
   2.00403714      -1459245.50    
   2.00503707      -1453945.38    
   2.00603700      -1448590.50    
   2.00703692      -1443180.62    
   2.00803685      -1437715.75    
   2.00903678      -1432195.75    
   2.01003671      -1426620.50    
   2.01103663      -1420990.00    
   2.01203656      -1415304.00    
   2.01303649      -1409562.50    
   2.01403642      -1403765.38    
   2.01503634      -1397912.50    
   2.01603627      -1392003.75    
   2.01703620      -1386039.00    
   2.01803613      -1380018.25    
   2.01903605      -1373941.25    
   2.02003598      -1367808.00    
   2.02103591      -1361618.50    
   2.02203584      -1355372.50    
   2.02303576      -1349070.00    
   2.02403569      -1342710.75    
   2.02503562      -1336294.88    
   2.02603555      -1329822.12    
   2.02703547      -1323292.38    
   2.02803540      -1316705.62    
   2.02903533      -1310061.75    
   2.03003526      -1303360.75    
   2.03103518      -1296602.38    
   2.03203511      -1289786.62    
   2.03303504      -1282913.38    
   2.03403497      -1275982.62    
   2.03503489      -1268994.12    
   2.03603482      -1261947.88    
   2.03703475      -1254843.88    
   2.03803468      -1247681.88    
   2.03903461      -1240461.88    
   2.04003453      -1233183.88    
   2.04103446      -1225847.62    
   2.04203439      -1218453.12    
   2.04303432      -1211000.25    
   2.04403424      -1203489.00    
   2.04503417      -1195919.25    
   2.04603410      -1188290.88    
   2.04703403      -1180603.88    
   2.04803395      -1172858.12    
   2.04903388      -1165053.50    
   2.05003381      -1157190.00    
   2.05103374      -1149267.50    
   2.05203366      -1141286.00    
   2.05303359      -1133245.38    
   2.05403352      -1125145.50    
   2.05503345      -1116986.38    
   2.05603337      -1108767.88    
   2.05703330      -1100490.00    
   2.05803323      -1092152.62    
   2.05903316      -1083755.75    
   2.06003308      -1075299.25    
   2.06103301      -1066783.00    
   2.06203294      -1058207.00    
   2.06303287      -1049571.12    
   2.06403279      -1040875.38    
   2.06503272      -1032119.69    
   2.06603265      -1023303.94    
   2.06703258      -1014428.12    
   2.06803250      -1005492.19    
   2.06903243      -996496.000    
   2.07003236      -987439.562    
   2.07103229      -978322.812    
   2.07203221      -969145.625    
   2.07303214      -959908.000    
   2.07403207      -950609.875    
   2.07503200      -941251.188    
   2.07603192      -931831.875    
   2.07703185      -922351.938    
   2.07803178      -912811.250    
   2.07903171      -903209.812    
   2.08003163      -893547.562    
   2.08103156      -883824.438    
   2.08203149      -874040.375    
   2.08303142      -864195.312    
   2.08403134      -854289.250    
   2.08503127      -844322.125    
   2.08603120      -834293.875    
   2.08703113      -824204.500    
   2.08803105      -814053.938    
   2.08903098      -803842.125    
   2.09003091      -793569.000    
   2.09103084      -783234.562    
   2.09203076      -772838.750    
   2.09303069      -762381.562    
   2.09403062      -751862.938    
   2.09503055      -741282.812    
   2.09603047      -730641.188    
   2.09703040      -719938.062    
   2.09803033      -709173.312    
   2.09903026      -698347.000    
   2.10003018      -687459.000    
   2.10103011      -676509.375    
   2.10203004      -665498.000    
   2.10302997      -654424.938    
   2.10402989      -643290.125    
   2.10502982      -632093.500    
   2.10602975      -620835.062    
   2.10702968      -609514.812    
   2.10802960      -598132.688    
   2.10902953      -586688.688    
   2.11002946      -575182.812    
   2.11102939      -563615.000    
   2.11202931      -551985.250    
   2.11302924      -540293.562    
   2.11402917      -528539.938    
   2.11502910      -516724.312    
   2.11602902      -504846.688    
   2.11702895      -492907.062    
   2.11802888      -480905.406    
   2.11902881      -468841.719    
   2.12002873      -456716.000    
   2.12102866      -444528.219    
   2.12202859      -432278.375    
   2.12302852      -419966.469    
   2.12402844      -407592.500    
   2.12502837      -395156.469    
   2.12602830      -382658.344    
   2.12702823      -370098.156    
   2.12802815      -357475.875    
   2.12902808      -344791.531    
   2.13002801      -332045.125    
   2.13102794      -319236.656    
   2.13202786      -306366.094    
   2.13302779      -293433.500    
   2.13402772      -280438.844    
   2.13502765      -267382.125    
   2.13602757      -254263.391    
   2.13702750      -241082.625    
   2.13802743      -227839.844    
   2.13902736      -214535.062    
   2.14002728      -201168.297    
   2.14102721      -187739.562    
   2.14202714      -174248.875    
   2.14302707      -160696.250    
   2.14402699      -147081.719    
   2.14502692      -133405.281    
   2.14602685      -119666.977    
   2.14702678      -105866.820    
   2.14802670      -92004.8359    
   2.14902663      -78081.0469    
   2.15002656      -64095.4883    
   2.15102649      -50048.1836    
   2.15202641      -35939.1641    
   2.15302634      -21768.4609    
   2.15402627      -7536.10156    
   2.15502620       6757.87598    
   2.15602612       21113.4395    
   2.15702605       35530.5547    
   2.15802598       50009.1797    
   2.15902591       64549.2734    
   2.16002584       79150.8047    
   2.16102576       93813.7266    
   2.16202569       108537.992    
   2.16302562       123323.562    
   2.16402555       138170.391    
   2.16502547       153078.438    
   2.16602540       168047.641    
   2.16702533       183077.969    
   2.16802526       198169.359    
   2.16902518       213321.750    
   2.17002511       228535.109    
   2.17102504       243809.359    
   2.17202497       259144.469    
   2.17302489       274540.375    
   2.17402482       289997.000    
   2.17502475       305514.281    
   2.17602468       321092.188    
   2.17702460       336730.625    
   2.17802453       352429.531    
   2.17902446       368188.844    
   2.18002439       384008.500    
   2.18102431       399888.438    
   2.18202424       415828.594    
   2.18302417       431828.875    
   2.18402410       447889.219    
   2.18502402       464009.531    
   2.18602395       480189.750    
   2.18702388       496429.781    
   2.18802381       512729.562    
   2.18902373       529089.000    
   2.19002366       545508.062    
   2.19102359       561986.625    
   2.19202352       578524.562    
   2.19302344       595121.875    
   2.19402337       611778.375    
   2.19502330       628494.062    
   2.19602323       645268.812    
   2.19702315       662102.500    
   2.19802308       678995.062    
   2.19902301       695946.375    
   2.20002294       712956.375    
   2.20102286       730024.938    
   2.20202279       747152.000    
   2.20302272       764337.438    
   2.20402265       781581.125    
   2.20502257       798883.000    
   2.20602250       816242.938    
   2.20702243       833660.812    
   2.20802236       851136.500    
   2.20902228       868669.938    
   2.21002221       886261.000    
   2.21102214       903909.562    
   2.21202207       921615.500    
   2.21302199       939378.688    
   2.21402192       957199.000    
   2.21502185       975076.312    
   2.21602178       993010.562    
   2.21702170       1011001.56    
   2.21802163       1029049.19    
   2.21902156       1047153.38    
   2.22002149       1065313.88    
   2.22102141       1083530.62    
   2.22202134       1101803.50    
   2.22302127       1120132.38    
   2.22402120       1138517.12    
   2.22502112       1156957.62    
   2.22602105       1175453.62    
   2.22702098       1194005.12    
   2.22802091       1212611.88    
   2.22902083       1231273.75    
   2.23002076       1249990.62    
   2.23102069       1268762.38    
   2.23202062       1287588.88    
   2.23302054       1306469.88    
   2.23402047       1325405.25    
   2.23502040       1344394.88    
   2.23602033       1363438.62    
   2.23702025       1382536.25    
   2.23802018       1401687.75    
   2.23902011       1420892.75    
   2.24002004       1440151.25    
   2.24101996       1459463.00    
   2.24201989       1478827.88    
   2.24301982       1498245.62    
   2.24401975       1517716.25    
   2.24501967       1537239.38    
   2.24601960       1556815.00    
   2.24701953       1576442.88    
   2.24801946       1596122.75    
   2.24901938       1615854.50    
   2.25001931       1635638.00    
   2.25101924       1655473.00    
   2.25201917       1675359.38    
   2.25301909       1695296.88    
   2.25401902       1715285.38    
   2.25501895       1735324.62    
   2.25601888       1755414.50    
   2.25701880       1775554.75    
   2.25801873       1795745.12    
   2.25901866       1815985.50    
   2.26001859       1836275.62    
   2.26101851       1856615.38    
   2.26201844       1877004.50    
   2.26301837       1897442.88    
   2.26401830       1917930.25    
   2.26501822       1938466.38    
   2.26601815       1959051.00    
   2.26701808       1979684.00    
   2.26801801       2000365.12    
   2.26901793       2021094.12    
   2.27001786       2041870.88    
   2.27101779       2062695.00    
   2.27201772       2083566.38    
   2.27301764       2104484.75    
   2.27401757       2125450.00    
   2.27501750       2146461.75    
   2.27601743       2167520.00    
   2.27701735       2188624.25    
   2.27801728       2209774.50    
   2.27901721       2230970.25    
   2.28001714       2252211.50    
   2.28101707       2273497.75    
   2.28201699       2294829.00    
   2.28301692       2316205.00    
   2.28401685       2337625.50    
   2.28501678       2359090.00    
   2.28601670       2380598.50    
   2.28701663       2402150.75    
   2.28801656       2423746.25    
   2.28901649       2445385.00    
   2.29001641       2467066.75    
   2.29101634       2488791.00    
   2.29201627       2510557.75    
   2.29301620       2532366.75    
   2.29401612       2554217.50    
   2.29501605       2576109.75    
   2.29601598       2598043.50    
   2.29701591       2620018.25    
   2.29801583       2642033.75    
   2.29901576       2664089.75    
   2.30001569       2686186.00    
   2.30101562       2708322.25    
   2.30201554       2730498.25    
   2.30301547       2752713.50    
   2.30401540       2774968.00    
   2.30501533       2797261.25    
   2.30601525       2819593.00    
   2.30701518       2841963.00    
   2.30801511       2864371.00    
   2.30901504       2886816.50    
   2.31001496       2909299.50    
   2.31101489       2931819.50    
   2.31201482       2954376.25    
   2.31301475       2976969.25    
   2.31401467       2999598.50    
   2.31501460       3022263.50    
   2.31601453       3044964.00    
   2.31701446       3067699.75    
   2.31801438       3090470.50    
   2.31901431       3113275.75    
   2.32001424       3136115.25    
   2.32101417       3158988.75    
   2.32201409       3181895.75    
   2.32301402       3204836.00    
   2.32401395       3227809.25    
   2.32501388       3250815.00    
   2.32601380       3273853.00    
   2.32701373       3296923.00    
   2.32801366       3320024.75    
   2.32901359       3343157.75    
   2.33001351       3366321.75    
   2.33101344       3389516.25    
   2.33201337       3412741.00    
   2.33301330       3435995.50    
   2.33401322       3459279.75    
   2.33501315       3482593.00    
   2.33601308       3505935.25    
   2.33701301       3529306.00    
   2.33801293       3552704.75    
   2.33901286       3576131.25    
   2.34001279       3599585.25    
   2.34101272       3623066.25    
   2.34201264       3646574.00    
   2.34301257       3670108.00    
   2.34401250       3693668.00    
   2.34501243       3717253.50    
   2.34601235       3740864.25    
   2.34701228       3764499.75    
   2.34801221       3788159.50    
   2.34901214       3811843.50    
   2.35001206       3835551.00    
   2.35101199       3859281.75    
   2.35201192       3883035.50    
   2.35301185       3906811.75    
   2.35401177       3930610.00    
   2.35501170       3954430.00    
   2.35601163       3978271.25    
   2.35701156       4002133.50    
   2.35801148       4026016.00    
   2.35901141       4049918.75    
   2.36001134       4073841.00    
   2.36101127       4097782.75    
   2.36201119       4121743.25    
   2.36301112       4145722.25    
   2.36401105       4169719.25    
   2.36501098       4193733.75    
   2.36601090       4217765.50    
   2.36701083       4241814.00    
   2.36801076       4265879.00    
   2.36901069       4289959.50    
   2.37001061       4314055.50    
   2.37101054       4338166.50    
   2.37201047       4362292.00    
   2.37301040       4386432.00    
   2.37401032       4410585.50    
   2.37501025       4434752.50    
   2.37601018       4458932.00    
   2.37701011       4483124.00    
   2.37801003       4507328.00    
   2.37900996       4531543.50    
   2.38000989       4555770.00    
   2.38100982       4580007.00    
   2.38200974       4604254.00    
   2.38300967       4628511.00    
   2.38400960       4652777.00    
   2.38500953       4677051.50    
   2.38600945       4701334.50    
   2.38700938       4725625.00    
   2.38800931       4749923.00    
   2.38900924       4774228.00    
   2.39000916       4798539.00    
   2.39100909       4822856.00    
   2.39200902       4847178.50    
   2.39300895       4871506.00    
   2.39400887       4895837.50    
   2.39500880       4920173.00    
   2.39600873       4944512.00    
   2.39700866       4968854.00    
   2.39800858       4993198.50    
   2.39900851       5017544.50    
   2.40000844       5041892.00    
   2.40100837       5066240.50    
   2.40200830       5090589.50    
   2.40300822       5114938.50    
   2.40400815       5139286.50    
   2.40500808       5163633.50    
   2.40600801       5187979.00    
   2.40700793       5212322.00    
   2.40800786       5236662.50    
   2.40900779       5261000.00    
   2.41000772       5285333.50    
   2.41100764       5309663.00    
   2.41200757       5333987.50    
   2.41300750       5358306.50    
   2.41400743       5382619.50    
   2.41500735       5406926.50    
   2.41600728       5431226.50    
   2.41700721       5455519.00    
   2.41800714       5479803.00    
   2.41900706       5504078.50    
   2.42000699       5528345.00    
   2.42100692       5552601.50    
   2.42200685       5576848.00    
   2.42300677       5601083.50    
   2.42400670       5625307.50    
   2.42500663       5649519.50    
   2.42600656       5673719.00    
   2.42700648       5697905.50    
   2.42800641       5722078.50    
   2.42900634       5746237.00    
   2.43000627       5770381.00    
   2.43100619       5794509.50    
   2.43200612       5818622.00    
   2.43300605       5842718.00    
   2.43400598       5866796.50    
   2.43500590       5890857.50    
   2.43600583       5914900.00    
   2.43700576       5938923.50    
   2.43800569       5962927.50    
   2.43900561       5986911.50    
   2.44000554       6010874.50    
   2.44100547       6034816.00    
   2.44200540       6058735.50    
   2.44300532       6082632.50    
   2.44400525       6106506.50    
   2.44500518       6130356.50    
   2.44600511       6154182.00    
   2.44700503       6177982.50    
   2.44800496       6201757.50    
   2.44900489       6225506.00    
   2.45000482       6249227.50    
   2.45100474       6272921.50    
   2.45200467       6296587.50    
   2.45300460       6320224.50    
   2.45400453       6343832.00    
   2.45500445       6367409.50    
   2.45600438       6390956.50    
   2.45700431       6414472.00    
   2.45800424       6437955.50    
   2.45900416       6461406.00    
   2.46000409       6484823.50    
   2.46100402       6508206.50    
   2.46200395       6531555.00    
   2.46300387       6554868.00    
   2.46400380       6578145.00    
   2.46500373       6601385.50    
   2.46600366       6624588.50    
   2.46700358       6647753.50    
   2.46800351       6670880.00    
   2.46900344       6693967.00    
   2.47000337       6717014.00    
   2.47100329       6740020.50    
   2.47200322       6762985.50    
   2.47300315       6785908.50    
   2.47400308       6808788.50    
   2.47500300       6831625.00    
   2.47600293       6854417.50    
   2.47700286       6877165.00    
   2.47800279       6899867.00    
   2.47900271       6922522.50    
   2.48000264       6945131.00    
   2.48100257       6967691.50    
   2.48200250       6990204.00    
   2.48300242       7012667.00    
   2.48400235       7035080.50    
   2.48500228       7057443.00    
   2.48600221       7079754.50    
   2.48700213       7102014.00    
   2.48800206       7124220.50    
   2.48900199       7146373.50    
   2.49000192       7168472.50    
   2.49100184       7190516.50    
   2.49200177       7212504.50    
   2.49300170       7234436.50    
   2.49400163       7256311.00    
   2.49500155       7278127.50    
   2.49600148       7299885.50    
   2.49700141       7321584.00    
   2.49800134       7343222.50    
   2.49900126       7364800.00    
